0 0 0 0 0 0 0 0 0 0 0 0 0 0 0 0
0 0 0 0 0 0 0 0 0 0 0 0 0 0 0 0
0 0 0 0 0 0 0 0 0 0 0 0 0 0 0 0
0 0 0 0 0 0 0 0 0 0 0 0 0 0 0 0
1 1 1 1 1 1 1 1 1 1 1 1 1 1 1 1
1 1 1 1 1 1 1 1 1 1 1 1 1 1 1 1
1 1 1 1 1 1 1 1 1 1 1 1 1 1 1 1
1 1 1 1 1 1 1 1 1 1 1 1 1 1 1 1
2 2 2 2 2 2 2 2 2 2 2 2 2 2 2 2
2 2 2 2 2 2 2 2 2 2 2 2 2 2 2 2
2 2 2 2 2 2 2 2 2 2 2 2 2 2 2 2
2 2 2 2 2 2 2 2 2 2 2 2 2 2 2 2
3 3 3 3 3 3 3 3 3 3 3 3 3 3 3 3
3 3 3 3 3 3 3 3 3 3 3 3 3 3 3 3
3 3 3 3 3 3 3 3 3 3 3 3 3 3 3 3
3 3 3 3 3 3 3 3 3 3 3 3 3 3 3 3
3 4 5 6 7 8 9 10 11 3 4 5 6 7 8 9
10 11 3 4 5 6 7 8 9 10 11 3 4 5 6 7
8 9 10 11 3 4 5 6 7 8 9 10 11 3 4 5
6 7 8 9 10 11 3 4 5 6 7 8 9 10 11 3
28 29 30 31 32 33 34 35 27 28 29 30 31 32 33 34
35 27 28 29 30 31 32 33 34 35 27 28 29 30 31 32
33 34 35 27 28 29 30 31 32 33 34 35 27 28 29 30
31 32 33 34 35 27 28 29 30 31 32 33 34 35 27 28
52 53 54 55 56 57 58 48 51 52 53 54 55 56 57 58
48 51 52 53 54 55 56 57 58 48 51 52 53 54 55 56
57 58 48 51 52 53 54 55 56 57 58 48 51 52 53 54
55 56 57 58 48 51 52 53 54 55 56 57 58 48 51 52
77 78 79 80 81 82 72 75 76 77 78 79 80 81 82 72
75 76 77 78 79 80 81 82 72 75 76 77 78 79 80 81
82 72 75 76 77 78 79 80 81 82 72 75 76 77 78 79
80 81 82 72 75 76 77 78 79 80 81 82 72 75 76 77
