0 0 0 1 0 0 0 0 0 0 0 1 0 0 0 0
1 0 0 0 0 0 0 0 1 0 0 1 0 0 1 0
1 0 0 0 0 1 0 0 0 0 1 1 0 0 0 1
0 0 0 0 0 0 1 0 0 0 0 1 0 0 0 0
1 1 1 1 0 1 0 1 1 0 0 1 1 0 0 0
1 0 1 0 1 0 1 1 1 0 0 1 1 1 1 0
0 1 0 0 1 1 1 1 1 1 1 1 0 1 0 1
1 1 0 1 1 1 1 0 1 1 0 1 0 1 0 0
0 1 1 1 1 1 1 1 0 0 0 0 0 1 0 1
1 1 0 1 1 0 1 1 0 1 1 1 0 1 0 0
1 1 1 1 1 1 0 1 1 0 1 0 1 0 0 1
1 1 0 0 1 0 1 1 1 0 1 1 0 1 1 0
0 1 1 1 1 1 0 0 0 1 1 1 1 0 1 0
0 0 1 0 1 1 0 0 1 1 1 1 1 1 1 0
1 0 1 1 0 1 1 0 0 1 1 0 1 0 1 1
0 1 1 1 0 0 0 0 0 0 0 0 1 0 0 0
17 17 31 8 17 31 17 17 31 31 31 8 23 40 13 58
8 29 48 40 52 48 48 48 8 13 48 8 29 23 10 23
10 58 36 40 13 10 23 23 29 36 4 10 13 58 58 10
13 40 40 52 7 62 4 36 62 29 36 26 36 62 58 62
26 4 26 26 7 4 62 47 4 52 29 12 26 52 3 52
41 56 53 7 16 27 47 16 47 7 7 16 47 63 16 3
56 63 56 3 12 47 12 53 16 63 12 12 27 41 3 41
53 63 3 41 41 37 35 56 37 63 27 37 21 35 27 56
27 53 35 35 35 53 24 14 50 21 19 21 21 28 21 37
37 28 19 28 14 9 14 24 19 28 24 14 19 28 19 46
20 14 59 24 20 24 46 20 22 46 59 50 59 50 46 20
22 59 50 50 59 46 22 22 22 38 20 61 60 61 49 9
38 61 61 61 57 49 38 9 42 55 6 49 6 38 43 38
42 9 57 9 55 6 42 60 6 55 57 49 55 57 43 60
49 5 6 57 42 39 43 60 60 43 55 42 39 25 43 39
5 39 39 51 5 5 11 25 25 5 25 11 51 11 25 11
