1 1 1 1 1 0 0 1 0 0 0 0 0 0 0 1
0 0 0 0 1 1 1 0 1 1 1 1 1 1 1 1
0 0 0 1 0 1 0 0 0 0 1 1 1 1 1 0
1 1 1 1 0 1 0 0 0 0 1 0 1 1 1 1
1 0 1 1 1 1 0 0 1 0 0 0 0 0 0 1
1 0 1 0 0 0 1 0 1 0 1 1 1 0 1 1
1 1 1 0 1 1 1 1 0 1 1 1 0 0 1 0
1 0 0 0 1 1 1 1 0 1 0 1 0 0 0 0
0 1 0 0 0 1 0 1 1 1 0 1 1 1 1 0
1 1 1 0 1 1 1 1 1 0 1 1 0 0 0 0
1 0 1 0 0 1 0 1 1 1 0 1 0 1 1 0
0 1 1 0 0 1 0 1 1 0 0 0 1 0 1 1
1 0 0 0 0 1 0 1 1 0 0 1 0 0 1 0
0 0 0 1 0 0 0 0 1 1 0 1 0 1 1 1
1 0 0 0 1 1 0 0 1 1 1 0 1 0 1 1
1 0 0 1 1 1 0 0 1 0 1 0 0 1 0 0
30 26 49 63 57 31 40 49 31 58 31 44 31 31 27 37
27 36 27 27 59 26 59 27 26 26 26 37 37 37 37 22
36 46 46 51 46 59 46 46 25 25 59 59 30 30 35 13
30 30 61 18 58 41 58 58 58 50 39 9 51 51 51 51
49 50 39 61 61 41 38 36 41 44 38 38 44 44 38 41
41 13 57 13 13 38 6 13 22 40 45 45 45 9 45 18
57 45 22 40 22 22 6 61 62 18 18 61 44 15 18 9
47 9 9 17 39 49 57 57 50 20 36 49 23 23 50 50
15 6 40 36 19 47 40 6 47 6 25 35 47 28 35 15
47 20 28 25 39 35 28 28 35 25 55 10 42 23 21 62
53 7 8 29 48 39 62 8 8 63 62 8 11 20 28 7
19 10 10 42 19 55 19 55 10 15 15 19 8 17 12 20
55 17 60 23 42 55 21 20 63 21 23 10 62 42 12 17
42 7 11 63 21 60 60 17 63 24 60 53 7 12 53 24
24 60 7 11 24 14 11 48 14 4 24 11 53 21 14 53
4 48 5 14 12 14 5 48 4 48 12 5 3 16 52 5
