1 0 0 0 0 0 0 1 0 0 0 0 0 0 0 1
0 0 0 0 0 0 1 0 0 0 0 0 0 1 0 0
0 0 0 0 0 1 0 1 1 1 1 1 0 1 1 1
1 1 0 1 1 1 0 1 1 1 1 1 1 1 1 1
1 1 0 0 0 1 0 1 1 0 1 1 0 0 1 1
1 0 0 1 0 0 1 1 1 1 1 0 1 1 1 1
0 0 0 0 0 1 1 1 1 1 1 1 0 1 1 0
1 1 1 0 1 0 1 1 0 0 1 0 0 1 0 0
1 0 1 1 1 1 1 0 0 0 1 0 0 0 0 1
0 1 1 1 0 0 1 1 0 0 1 1 0 0 1 1
0 0 0 0 0 1 0 0 1 0 0 0 0 1 1 1
1 0 0 0 0 1 0 0 0 0 0 1 1 0 0 0
0 0 0 0 0 1 0 1 1 0 1 0 1 0 0 1
0 0 1 0 0 0 0 1 1 1 1 1 0 0 0 1
0 0 1 0 1 1 0 1 0 0 0 0 0 1 0 0
0 0 1 0 0 0 1 0 0 0 1 0 1 1 0 1
12 15 31 31 31 31 31 12 56 29 29 25 29 25 40 37
52 25 25 25 29 56 57 40 29 40 40 40 56 57 56 62
62 56 62 62 62 59 42 12 59 37 59 37 42 12 8 12
14 59 7 8 53 37 15 59 35 10 37 8 43 8 35 8
14 14 11 7 15 35 42 24 57 42 10 35 7 42 35 53
57 7 7 45 15 15 53 53 22 4 14 13 57 14 22 53
19 48 23 19 13 43 55 24 55 22 10 4 46 51 22 48
26 51 4 13 10 23 24 10 9 52 4 38 17 4 52 46
45 13 26 45 24 26 51 38 38 13 22 17 23 52 23 51
19 51 43 45 19 17 43 55 23 52 24 45 3 46 26 55
17 5 19 17 38 55 38 46 26 11 3 3 46 43 61 28
61 9 9 3 27 47 48 48 44 9 48 47 49 3 9 44
60 27 21 11 11 28 5 61 61 60 61 27 39 11 27 28
21 5 47 60 54 60 5 63 47 47 63 28 60 21 27 28
36 21 63 21 63 63 58 39 58 50 58 44 54 18 54 5
36 36 49 54 54 50 39 36 58 58 39 36 49 20 50 41
