1 1 1 0 0 0 0 0 1 1 0 1 1 1 0 0
0 0 1 1 1 0 0 0 0 1 0 0 0 1 0 1
1 1 1 0 0 0 1 1 1 1 1 1 1 1 1 0
0 1 0 1 0 0 0 0 1 1 0 0 0 1 1 0
0 0 1 1 0 0 0 0 0 0 0 0 0 0 1 1
1 1 1 0 1 1 1 1 1 0 0 0 0 1 0 1
0 0 0 0 0 1 1 0 0 1 0 1 1 0 1 1
0 0 1 1 1 0 0 1 1 1 0 0 1 1 1 1
0 1 1 0 1 1 1 0 1 1 1 0 1 0 1 0
1 0 0 0 0 0 0 0 0 0 0 0 1 1 1 0
1 1 0 1 1 0 1 1 1 1 1 1 0 0 0 0
1 1 0 0 1 1 0 0 1 0 0 1 1 1 1 1
1 0 0 1 1 1 0 0 1 1 1 1 1 0 1 1
1 1 0 0 1 1 0 0 0 0 0 0 0 1 0 0
1 1 1 1 1 1 0 1 1 0 0 1 1 1 0 0
0 0 0 0 0 0 0 0 0 1 0 0 1 0 0 1
51 51 57 17 17 7 7 7 8 24 11 24 24 57 23 23
13 42 12 24 24 9 9 7 7 8 9 9 9 8 56 8
8 39 30 23 23 23 53 53 35 53 16 53 53 12 12 38
60 16 13 12 29 29 60 13 12 16 21 13 13 30 61 21
21 21 16 16 21 17 38 42 38 42 42 17 17 42 35 37
37 37 37 5 47 47 26 39 37 38 38 15 15 4 60 35
15 11 11 11 11 57 30 56 5 61 29 47 30 44 47 47
56 56 35 35 30 5 5 26 26 61 5 19 57 57 26 26
29 61 22 48 61 63 63 44 63 63 63 29 39 44 39 27
39 44 48 15 44 25 27 15 56 27 27 27 41 6 43 19
6 41 60 41 41 25 6 22 22 41 22 22 48 48 48 25
6 49 25 25 49 6 50 50 51 50 60 43 28 28 18 28
28 50 50 43 43 43 19 31 28 4 49 4 4 58 49 4
49 18 62 58 14 18 54 3 54 54 54 54 58 14 58 58
14 14 14 18 59 18 31 45 45 19 3 45 45 45 31 40
3 3 31 40 31 40 40 40 46 10 46 46 10 46 19 10
