1 1 1 1 1 0 1 0 0 1 0 0 0 0 0 0
1 0 0 0 0 1 1 1 0 0 0 0 0 0 0 0
0 0 1 1 0 0 1 0 1 1 0 0 0 0 0 1
1 1 1 0 0 1 1 1 1 0 0 0 1 1 0 1
0 0 0 0 0 1 1 1 0 1 1 1 1 1 1 1
1 0 1 0 0 0 0 1 1 1 1 0 0 0 0 0
1 1 0 0 0 0 0 0 0 0 0 0 0 1 1 1
1 1 1 1 1 1 1 1 1 1 1 1 1 0 0 0
0 1 1 1 1 1 1 1 0 0 0 0 0 1 1 1
1 1 0 0 0 0 0 1 1 1 1 1 0 0 0 1
0 0 0 0 0 0 0 0 0 0 0 0 0 0 0 0
1 0 0 0 1 1 1 1 1 0 1 1 1 1 1 0
0 0 0 0 1 1 1 0 0 1 1 1 1 1 1 1
1 1 0 0 0 0 0 0 0 1 1 1 1 0 0 0
0 0 1 1 1 1 1 0 0 0 0 0 1 0 0 1
1 1 1 1 1 1 0 0 0 0 0 1 1 1 1 1
59 59 59 59 59 27 18 52 7 28 21 7 21 21 7 21
18 21 60 60 58 57 37 57 60 60 60 56 17 17 56 25
56 56 10 16 56 42 24 11 18 22 11 40 40 40 11 47
47 39 39 11 11 10 10 10 10 52 52 48 49 16 40 47
9 9 9 9 9 47 35 47 46 35 35 35 12 12 12 12
12 23 35 23 23 23 23 22 22 22 22 15 15 15 15 15
18 18 42 42 25 25 25 25 3 3 3 3 3 8 8 8
8 8 57 57 57 24 24 24 24 37 37 37 37 46 46 46
46 43 43 43 43 43 16 16 19 19 19 19 19 55 55 55
55 16 5 5 5 5 5 53 53 53 53 53 36 36 27 55
27 27 27 36 36 36 13 13 13 13 13 58 48 48 48 48
20 58 58 58 63 63 63 63 63 40 30 30 30 30 30 38
38 38 38 38 39 39 39 7 7 4 4 4 4 4 49 49
49 49 42 42 31 31 31 31 31 20 20 20 20 50 50 50
50 50 61 61 61 61 61 29 29 29 29 29 41 52 52 41
41 41 41 45 45 45 44 44 44 44 44 26 26 26 26 26
