0 0 0 0 0 1 1 1 1 1 1 0 0 0 0 0
1 1 1 1 1 1 1 1 1 1 1 1 1 0 1 0
0 0 0 0 0 1 1 1 1 0 1 1 0 1 1 0
0 1 1 1 1 0 0 0 0 0 1 1 0 1 1 1
1 0 0 1 1 0 0 0 0 0 0 0 0 0 0 1
0 0 0 1 1 1 1 1 1 1 1 1 1 1 0 0
1 1 1 1 1 1 1 1 1 1 1 1 1 1 0 0
0 0 0 0 0 1 0 0 0 0 0 0 0 0 0 0
0 1 0 0 0 0 1 0 0 0 0 0 0 1 1 0
0 0 1 1 1 0 1 1 1 1 1 0 0 0 0 0
0 0 0 0 0 0 0 0 1 1 1 1 1 1 1 1
1 1 1 1 1 1 1 1 0 1 0 1 0 0 1 1
0 1 0 1 1 0 0 0 1 1 1 1 0 0 0 0
1 1 0 0 0 0 1 0 1 1 1 1 1 1 0 0
1 0 0 0 0 0 0 1 1 1 1 1 0 0 0 1
1 1 1 0 0 0 0 1 0 0 0 0 1 1 1 0
27 27 27 27 27 18 18 18 18 59 18 13 50 50 50 50
12 37 37 59 59 59 59 35 35 35 35 30 63 31 16 31
31 19 19 54 40 61 51 51 51 42 51 51 42 47 26 54
62 26 26 26 26 62 62 62 62 25 16 35 13 22 22 41
39 46 50 24 24 58 5 5 29 29 25 25 25 25 17 16
58 42 58 39 14 39 39 39 24 24 24 28 28 28 58 58
63 63 8 14 14 14 8 8 8 8 14 41 41 12 7 40
40 40 11 56 7 61 56 56 56 56 40 38 15 15 15 15
15 20 38 7 7 7 16 42 42 5 5 5 13 16 37 38
38 38 20 20 20 11 10 10 10 10 10 11 11 11 9 9
9 9 9 3 3 3 3 3 6 6 6 37 37 4 4 4
4 4 6 6 12 22 12 22 23 49 23 53 23 23 49 49
23 57 60 53 53 54 54 29 12 61 61 61 60 60 60 60
22 57 48 48 48 17 55 17 55 55 63 63 55 53 13 13
20 29 17 29 17 19 19 47 30 30 30 30 52 52 52 49
49 41 41 48 48 46 36 57 46 46 46 52 45 57 57 52
