0 0 1 1 1 0 1 1 0 0 0 0 0 0 0 0
0 0 0 0 0 0 0 1 0 0 1 0 0 0 0 0
0 0 0 0 1 1 1 1 1 0 0 1 0 0 1 1
1 1 1 0 0 0 0 0 0 0 0 0 0 0 0 1
1 0 1 0 0 0 0 0 1 1 1 1 1 0 1 1
1 1 1 0 1 1 0 1 1 1 1 1 0 0 0 0
1 0 0 0 0 0 1 0 0 0 0 1 1 0 1 1
1 1 1 1 1 1 1 0 1 1 1 1 0 1 0 0
0 0 0 1 0 1 1 0 1 1 1 1 1 1 0 0
0 0 0 1 1 1 1 1 1 0 1 0 0 1 0 0
1 0 0 1 0 0 1 1 0 0 0 0 0 1 1 1
1 1 1 1 1 1 1 1 1 1 1 1 0 0 0 0
1 0 0 0 1 0 0 0 1 1 1 1 1 1 1 1
1 1 1 0 0 1 0 1 1 0 0 0 0 0 0 1
0 0 0 0 0 1 1 0 1 1 0 0 0 0 0 1
1 0 0 0 0 0 0 0 1 0 1 1 0 0 1 0
58 17 24 24 28 13 28 8 13 13 5 11 23 25 13 23
23 5 13 23 11 11 23 24 11 17 24 25 11 25 56 56
56 56 5 48 4 4 4 63 24 56 25 4 25 5 63 63
4 63 41 9 60 36 5 17 58 50 58 58 50 50 50 26
26 50 63 48 48 58 48 48 57 57 57 57 57 21 41 41
41 28 28 40 41 20 21 20 8 20 20 20 21 7 21 7
10 36 40 36 36 36 8 7 7 17 17 37 37 21 28 8
8 37 12 12 12 12 12 40 6 26 26 6 40 26 40 52
3 31 3 6 31 6 6 31 22 22 22 22 22 18 52 52
52 52 15 16 49 51 37 51 49 15 49 31 15 51 15 15
37 31 3 49 7 9 49 18 9 9 3 3 9 18 18 18
51 35 51 14 35 14 14 14 14 35 35 35 27 19 19 19
30 19 19 27 30 27 27 27 30 10 10 10 30 10 30 16
16 16 16 29 29 55 62 55 55 38 38 62 42 54 62 59
42 54 54 62 62 59 59 54 59 59 42 42 42 38 29 61
61 54 38 38 60 60 60 60 55 29 55 43 29 44 61 44
