1 0 0 0 1 0 0 1 1 1 1 1 1 0 1 0
1 1 1 1 0 1 0 0 0 1 1 0 1 0 0 1
0 1 0 1 0 0 0 0 0 1 1 0 1 0 1 0
0 0 1 1 1 0 1 0 0 1 1 0 1 1 0 0
1 0 0 0 0 1 1 1 1 1 0 1 1 1 1 1
1 0 1 1 1 1 1 1 1 0 1 0 0 0 1 0
0 0 0 0 0 1 1 0 1 1 0 1 1 0 0 1
0 1 0 0 1 1 1 0 1 1 0 0 1 1 1 0
1 0 1 1 0 1 0 0 0 0 1 1 1 1 0 0
1 1 1 1 1 1 1 1 1 1 1 0 1 0 0 0
0 0 1 0 1 0 0 0 0 0 1 1 0 0 0 0
0 0 1 0 1 0 0 0 1 0 1 0 1 0 1 0
0 0 1 0 0 0 1 1 0 1 0 0 0 0 0 1
1 1 1 0 1 0 1 1 1 0 0 0 1 0 0 0
0 1 0 1 0 1 0 1 0 0 1 1 1 1 0 0
1 1 1 0 0 0 0 0 0 1 1 0 1 1 1 0
37 27 58 31 59 27 27 35 59 16 28 39 14 7 45 58
30 45 8 20 3 10 13 52 5 24 30 40 51 40 17 61
60 47 42 18 52 11 7 52 36 63 35 9 63 7 43 11
7 60 6 20 4 11 4 7 42 6 6 11 30 20 21 60
30 60 42 50 58 24 43 6 20 6 3 20 49 28 57 39
55 21 49 55 55 55 55 51 35 21 37 17 21 21 14 52
19 56 44 27 25 63 63 23 37 28 56 28 49 48 36 47
23 57 13 58 24 57 24 58 24 26 25 25 28 14 12 48
26 50 61 35 62 30 13 17 44 38 49 49 4 35 13 62
61 16 16 16 16 4 59 59 4 10 59 15 51 60 15 25
25 40 10 15 51 54 5 9 38 54 51 18 9 11 40 9
40 3 47 52 43 15 19 19 10 23 14 38 10 62 63 29
29 29 26 29 56 27 39 39 3 8 46 3 13 46 56 53
53 45 14 15 39 44 22 61 43 23 19 36 22 23 48 36
5 8 19 47 36 61 44 43 62 38 26 22 22 22 50 62
8 8 26 17 44 38 46 5 29 12 12 46 18 47 18 46
