1 0 0 0 1 0 0 1 1 1 1 1 1 1 0 1
1 0 1 0 0 1 1 1 0 1 1 0 0 0 0 0
0 0 0 0 0 1 0 1 1 0 0 0 0 0 0 1
1 0 0 0 1 1 0 1 0 0 1 0 1 0 1 0
0 1 1 1 1 0 1 0 1 1 0 0 1 0 0 1
1 0 1 1 1 1 0 0 1 1 0 1 1 0 1 0
1 0 1 0 0 0 1 0 1 0 1 1 1 0 0 1
1 0 1 0 0 0 0 1 0 1 0 0 1 1 1 0
1 0 1 1 0 1 0 0 1 0 0 0 0 1 0 1
1 0 0 0 1 1 1 1 0 1 1 1 1 1 0 0
1 1 0 0 0 0 1 1 0 0 1 0 1 0 1 0
1 1 1 0 1 0 1 1 1 0 1 0 1 0 0 1
0 0 1 1 1 0 0 1 1 1 1 1 1 1 0 0
0 1 0 1 1 0 1 0 1 1 0 1 1 0 0 1
1 0 0 0 1 1 1 1 0 0 1 0 0 1 0 1
0 1 0 0 0 0 1 1 1 1 1 1 0 0 0 1
37 27 58 31 59 27 27 35 59 16 28 39 14 45 58 30
8 13 51 40 3 10 4 45 44 30 8 13 7 5 42 7
60 7 5 19 56 18 11 4 4 15 5 13 17 38 38 16
12 42 56 46 16 28 58 43 36 5 37 54 18 13 14 23
23 30 4 4 45 60 30 38 6 57 15 36 14 13 38 14
6 7 43 39 55 18 60 40 35 39 60 55 35 25 28 7
20 25 12 50 54 54 14 23 55 56 28 28 49 50 50 49
39 42 22 62 15 15 52 47 17 26 52 27 16 51 26 11
26 38 57 18 62 63 5 21 22 31 29 11 58 37 29 24
18 21 50 52 61 61 10 22 62 57 61 6 47 43 60 62
61 57 62 15 58 54 49 51 42 54 55 31 57 27 59 52
59 16 8 42 41 3 63 6 63 52 55 17 49 40 46 24
56 48 26 49 20 31 19 51 39 8 51 43 35 24 56 3
46 24 48 45 41 19 45 36 20 30 50 41 6 25 46 22
20 25 17 48 12 41 12 41 17 48 12 25 3 22 40 20
44 37 48 11 44 40 24 37 26 8 10 59 36 11 44 35
