0 0 0 0 0 0 0 0 0 0 0 0 0 0 0 0
0 0 0 0 0 0 0 0 1 0 1 1 1 0 1 0
1 0 0 1 0 0 0 0 1 1 0 1 1 0 1 1
0 0 1 0 1 1 0 1 1 0 0 1 0 0 0 0
0 0 1 0 0 0 1 0 0 1 1 1 1 0 1 0
0 0 0 0 1 1 1 1 0 1 0 1 0 0 1 1
1 0 1 1 0 0 1 1 0 1 1 1 0 1 0 1
0 0 0 0 0 0 0 0 1 0 0 0 1 1 1 1
1 0 1 0 0 1 0 0 1 1 1 1 1 0 0 0
0 1 1 0 0 1 0 0 0 0 1 0 1 1 1 1
0 1 1 0 0 0 0 1 0 1 1 0 0 1 1 0
0 0 0 1 1 0 1 0 0 0 1 1 1 1 1 1
0 1 1 1 1 0 1 1 0 1 1 1 1 1 0 1
1 1 1 0 1 1 0 1 1 0 0 1 0 1 0 0
1 1 1 1 1 1 1 1 1 0 0 0 1 1 0 0
1 1 0 1 0 0 1 1 1 0 0 1 0 1 1 1
3 36 5 38 7 40 9 42 42 11 44 13 46 15 48 17
50 19 52 21 54 23 19 21 22 23 20 24 47 25 47 54
61 58 44 30 46 27 54 29 51 57 17 12 12 13 63 16
19 58 14 5 14 6 29 55 43 27 58 26 42 25 21 36
38 29 37 46 29 44 43 62 17 41 61 59 30 29 47 17
44 56 17 23 20 47 49 53 46 45 36 55 13 56 41 18
18 15 18 47 40 40 53 55 46 12 53 37 27 45 54 37
27 40 62 44 25 58 62 58 16 50 38 48 8 51 41 8
4 11 43 5 3 39 5 60 22 28 30 22 22 48 42 50
40 24 24 62 13 37 27 36 62 15 37 15 61 57 16 12
36 59 39 23 54 25 48 24 38 6 57 42 15 24 49 52
52 3 38 14 53 3 49 52 56 13 53 14 10 49 63 43
56 10 43 8 49 3 39 8 50 8 14 18 57 18 19 51
35 63 51 7 30 16 60 12 22 48 56 57 7 28 21 21
41 55 39 35 6 59 28 16 35 52 25 5 63 63 50 9
35 55 7 59 9 9 59 41 30 9 23 61 31 28 4 39
