0 0 0 1 0 0 0 0 0 0 0 1 0 0 0 0
1 0 0 0 0 0 0 0 1 0 0 1 0 0 1 0
1 0 0 0 0 1 0 0 0 0 1 1 0 0 0 1
0 0 0 0 0 0 1 0 0 0 0 1 0 0 0 1
1 1 1 1 0 1 0 1 1 0 0 1 0 0 0 0
1 0 1 0 1 0 1 1 1 0 0 1 1 1 1 0
0 1 0 0 1 1 1 1 1 1 1 1 0 1 0 1
1 1 1 0 0 1 0 0 1 1 0 1 0 1 1 0
0 1 1 1 0 1 1 1 0 0 0 1 0 1 0 1
1 1 0 1 1 0 1 1 0 1 1 1 0 1 0 0
1 1 1 1 1 1 0 1 1 1 1 0 1 0 0 1
1 1 0 0 1 0 1 1 1 0 1 1 0 1 1 0
0 1 1 1 1 1 0 0 0 1 1 1 1 0 1 0
0 0 1 1 1 0 0 0 1 1 1 1 0 0 1 0
1 1 1 0 0 1 1 1 1 1 1 0 1 0 1 1
0 1 1 1 0 0 0 0 0 0 0 0 1 0 0 0
17 17 31 8 17 31 17 17 31 31 31 8 23 40 13 58
8 29 48 40 52 48 48 48 8 13 48 8 29 23 10 23
10 58 36 40 13 10 23 23 29 36 4 10 13 58 58 10
13 40 40 52 7 62 4 36 62 62 36 26 36 62 58 26
26 4 26 26 7 4 62 47 4 52 29 12 29 52 3 52
41 56 53 7 16 27 47 16 47 7 7 16 47 63 16 3
56 41 56 3 12 47 12 53 16 63 12 12 27 41 3 41
53 63 41 3 21 37 19 56 37 63 27 37 21 35 63 56
27 53 35 35 27 53 35 14 50 21 19 35 21 28 21 37
37 28 19 28 14 9 14 28 46 28 24 14 19 14 19 46
20 24 59 24 20 24 46 20 22 24 59 50 59 50 46 20
22 59 50 50 59 46 22 22 22 38 20 61 60 61 49 9
38 61 61 61 57 49 38 9 42 55 6 49 6 38 57 38
42 9 57 57 6 9 42 60 6 55 57 49 60 5 43 60
49 55 6 60 42 39 43 55 51 43 55 42 39 25 43 39
5 39 39 43 5 5 11 11 25 5 25 11 51 11 25 25
