1 1 0 0 1 0 0 0 0 1 0 0 0 1 1 1
1 0 0 0 0 0 1 1 0 0 1 0 1 1 1 0
1 1 0 0 0 0 0 0 0 0 1 1 0 0 1 1
0 1 1 1 1 0 0 1 0 0 0 0 1 1 1 1
1 0 0 1 1 0 0 0 0 1 1 0 1 1 1 1
1 0 1 0 0 0 1 0 1 0 1 1 0 0 1 1
1 1 1 0 1 1 1 1 0 1 1 1 1 0 1 1
1 1 1 0 1 0 1 1 0 0 0 1 1 0 1 0
0 0 0 0 0 0 1 1 1 1 0 1 1 0 1 1
0 1 1 1 0 1 0 0 0 1 1 1 0 0 0 0
0 0 1 0 1 1 0 1 0 1 0 0 0 0 1 0
0 1 1 0 0 0 1 0 1 0 0 0 1 1 0 1
1 0 1 0 0 1 1 0 1 0 0 0 0 0 1 1
1 0 0 0 1 0 0 1 0 1 0 1 0 1 1 1
1 1 1 1 0 1 1 0 1 1 0 0 1 1 1 1
0 1 0 1 1 0 1 1 0 0 0 0 0 1 0 0
30 28 44 50 37 46 27 31 31 57 31 31 31 35 26 37
37 7 23 40 38 46 37 37 58 58 45 58 35 35 26 58
26 26 25 44 44 44 44 58 36 38 26 51 46 38 18 41
36 41 45 41 41 38 36 41 9 36 38 9 22 61 45 45
45 9 36 20 51 27 9 46 46 47 35 23 47 51 28 47
47 13 57 13 13 13 6 13 22 40 57 47 23 9 51 18
57 61 22 40 51 22 6 61 62 18 18 20 22 40 18 6
61 35 8 17 61 25 57 53 40 21 21 6 49 62 6 19
7 17 50 25 52 62 10 8 10 20 25 63 20 62 8 49
25 20 28 49 19 55 27 48 23 49 55 10 42 23 21 62
27 27 8 29 49 39 21 8 19 63 48 17 11 19 28 7
19 10 10 42 17 17 12 29 39 11 7 48 63 30 29 28
24 42 63 56 42 55 55 11 63 21 11 7 60 42 12 55
14 60 11 60 24 60 60 14 48 24 52 53 15 39 53 24
24 4 39 39 52 14 14 48 14 4 15 15 53 16 30 53
50 12 5 12 12 50 59 30 15 50 5 5 3 16 52 5
