1 0 0 0 0 0 0 0 0 0 0 0 0 0 0 0
0 0 0 0 1 0 1 0 0 0 0 0 0 1 0 0
0 0 0 0 1 1 0 1 1 1 1 1 0 1 1 1
1 1 0 1 1 1 0 0 1 1 1 1 1 1 1 1
1 1 0 0 0 1 0 1 1 0 1 1 0 0 1 1
1 0 1 1 0 0 1 1 1 1 1 0 1 1 0 1
1 1 0 1 0 1 1 1 1 1 1 1 0 1 1 0
1 1 1 0 1 0 1 0 1 0 1 0 1 0 0 0
1 1 0 1 1 1 1 0 1 0 1 0 0 0 1 1
0 1 1 1 0 0 1 1 0 0 0 1 0 0 1 1
0 0 0 0 0 1 0 0 0 0 0 0 0 0 1 1
1 0 0 0 0 1 0 0 0 0 0 0 1 0 0 0
0 0 0 0 0 1 0 1 1 0 1 0 1 0 0 1
0 0 1 0 0 0 0 1 1 1 1 1 0 1 0 0
0 0 1 0 1 1 0 1 1 0 0 0 0 1 0 1
0 0 1 0 0 0 1 0 0 0 1 0 1 0 0 1
12 15 31 31 31 31 31 40 25 29 25 25 29 25 40 29
25 40 29 29 59 56 57 52 40 40 56 62 56 57 56 62
62 56 62 62 59 59 42 12 59 37 59 37 42 12 8 12
14 37 7 8 53 12 15 7 35 10 37 8 43 8 37 8
14 14 11 7 15 35 42 24 57 42 10 35 7 42 35 53
57 7 14 45 15 15 53 53 22 4 14 13 57 53 23 10
26 35 23 45 23 43 55 24 55 22 10 4 46 51 22 48
26 51 4 13 10 23 24 23 45 9 4 9 22 52 9 46
45 41 52 4 24 26 51 38 43 13 51 17 3 52 22 51
19 26 43 45 13 17 43 55 46 52 13 55 3 46 24 55
17 5 19 17 38 26 38 46 19 11 3 3 5 17 61 28
61 9 38 3 38 47 48 48 44 9 48 48 49 19 19 44
60 27 21 11 11 28 5 61 61 60 61 27 39 11 27 28
21 5 47 60 54 60 5 63 47 47 63 28 60 47 27 27
36 21 28 21 63 63 58 39 63 21 58 44 54 18 54 49
36 36 49 54 54 50 39 36 58 58 39 36 49 58 50 41
