1 0 0 1 1 0 1 1 1 1 0 0 0 0 0 0
0 0 0 0 0 1 1 0 1 1 1 1 1 1 1 1
0 0 1 1 0 0 0 1 0 1 1 0 1 1 1 1
1 1 0 1 1 1 1 0 0 0 1 1 0 1 1 1
1 1 1 0 0 0 0 1 1 1 1 0 0 0 0 0
1 1 1 1 0 1 1 1 0 1 1 0 1 1 0 0
1 1 0 0 0 0 0 1 0 1 1 1 1 0 1 1
1 0 0 0 1 0 0 0 0 0 0 0 1 1 1 1
1 0 0 1 1 0 1 1 0 0 0 0 1 1 0 0
0 1 1 1 1 1 1 0 1 1 1 1 1 0 1 0
1 0 1 0 0 0 1 1 1 0 0 1 1 1 1 0
0 0 0 0 1 1 0 0 1 1 0 0 0 0 1 1
1 0 0 0 1 0 0 0 0 0 0 1 1 0 0 1
0 0 0 0 0 0 0 1 0 1 1 0 0 0 0 1
1 1 1 1 1 1 1 0 1 0 0 0 0 0 0 0
1 0 1 0 0 0 1 1 1 1 0 1 0 1 1 0
51 54 9 12 16 11 10 4 4 10 7 50 11 54 7 7
11 7 42 42 56 57 57 7 24 37 47 24 24 24 24 16
56 11 35 8 23 11 23 8 17 16 39 60 20 20 20 20
26 53 44 20 37 53 8 5 44 60 63 8 60 49 49 63
63 63 63 17 60 17 44 53 47 37 47 23 23 56 56 13
16 37 12 47 56 49 49 49 42 4 4 42 4 39 17 52
14 14 54 5 5 5 5 14 17 14 10 57 57 42 57 37
14 23 15 15 39 15 15 13 13 13 13 38 35 35 35 35
16 38 38 12 12 38 53 12 38 21 21 21 53 61 3 9
21 61 8 47 30 30 30 21 30 26 26 26 30 3 61 3
61 3 61 3 15 44 26 22 22 44 48 22 22 22 41 52
9 9 29 9 39 39 27 27 51 6 27 29 27 60 6 6
6 50 50 27 6 50 50 58 58 19 19 43 43 58 54 45
54 40 52 40 40 40 58 51 58 10 10 19 48 48 48 18
18 41 41 41 41 18 18 19 18 19 40 48 29 29 29 25
28 25 28 25 25 25 43 43 43 51 52 28 52 28 28 31
