1 1 1 1 1 0 1 0 0 0 0 0 0 0 0 0
0 0 0 0 0 0 0 0 1 1 0 1 1 1 1 1
1 1 1 1 1 1 0 0 0 0 1 1 0 0 0 0
1 1 0 0 0 0 0 0 0 0 0 0 1 0 0 1
1 1 0 1 1 1 1 1 0 0 0 0 0 0 1 0
0 1 1 1 1 1 0 0 0 0 0 1 1 1 1 0
0 0 0 1 0 1 0 1 1 0 0 0 0 0 0 0
0 0 1 0 0 1 1 1 1 0 1 1 1 1 1 1
1 1 0 0 0 0 0 1 1 0 0 1 1 0 0 0
0 1 0 0 0 0 1 1 1 1 0 1 1 0 0 0
0 1 0 1 0 1 1 1 1 1 0 0 0 1 1 1
1 1 1 1 1 1 1 1 0 0 0 1 1 1 1 1
1 0 1 1 1 1 1 1 1 1 1 1 0 1 1 1
1 0 0 0 1 1 1 0 0 0 0 1 0 0 0 0
0 0 0 0 0 1 1 1 1 1 1 1 0 0 1 0
1 1 1 1 0 1 0 0 0 0 0 0 0 0 1 1
59 59 59 59 59 27 18 52 52 52 52 52 15 23 44 44
44 44 44 21 21 21 21 21 24 24 56 18 24 24 24 28
30 45 30 35 28 28 56 56 56 56 28 28 60 60 60 60
20 20 29 29 60 11 29 48 48 48 48 48 8 38 54 20
20 49 15 49 49 49 49 12 11 11 40 40 40 25 63 46
13 61 12 12 12 12 25 25 25 25 54 51 51 51 51 54
11 11 9 8 9 51 9 47 57 3 3 3 3 3 15 15
15 7 8 7 7 57 57 57 57 58 6 6 6 6 6 4
4 4 5 5 5 5 5 4 4 7 7 8 8 9 9 29
29 55 58 58 58 58 43 10 10 10 54 10 10 23 23 23
23 22 54 53 38 63 47 47 47 47 27 42 42 43 22 22
22 22 43 37 37 37 37 37 46 46 46 63 63 63 53 61
61 46 16 16 16 16 16 18 18 18 43 43 31 53 53 53
35 19 42 13 35 35 35 36 13 13 13 20 27 27 36 36
36 36 27 40 40 30 30 41 41 41 41 30 38 38 41 38
39 39 39 39 42 39 42 31 50 50 31 31 31 50 61 61
