0 0 0 0 0 0 0 0 0 0 0 0 1 1 0 0
0 0 0 1 1 0 1 1 1 1 1 0 0 0 0 0
1 1 1 1 0 0 0 0 0 1 0 0 0 1 1 1
1 1 0 1 0 0 0 0 1 1 1 1 1 1 1 1
1 1 1 1 1 0 0 1 1 1 1 1 1 1 1 0
0 0 0 0 0 0 0 0 0 1 1 0 0 1 1 1
1 1 1 1 0 1 1 0 0 0 1 1 1 1 1 0
1 0 0 0 0 1 0 1 0 0 1 1 1 1 1 0
1 1 1 1 1 1 0 0 0 0 0 1 1 1 1 1
0 0 0 1 1 1 0 1 1 1 1 1 0 1 1 1
0 0 0 0 0 0 0 0 1 1 1 1 1 1 0 1
1 1 1 0 0 0 0 1 1 1 0 0 0 0 0 0
0 0 0 0 0 0 1 1 0 0 1 1 1 1 1 1
1 1 0 1 1 0 0 0 0 0 0 0 1 0 0 1
1 1 1 1 1 1 1 1 1 1 1 1 1 0 1 1
1 0 0 1 1 0 0 1 0 0 1 1 1 0 0 1
27 7 7 7 7 27 7 23 27 27 27 21 22 12 21 21
21 31 31 10 10 19 35 4 4 4 43 60 60 31 29 21
45 45 45 45 38 38 38 38 38 47 29 29 29 57 57 57
57 57 58 28 13 13 13 13 63 63 24 37 37 37 45 41
41 37 37 41 41 36 36 47 47 47 43 43 43 43 47 62
62 62 62 23 23 60 60 60 56 55 30 46 46 63 63 63
39 39 39 39 31 55 55 3 3 3 51 51 51 51 51 58
39 58 3 23 23 20 44 16 40 40 22 22 22 22 61 19
12 26 26 26 26 26 52 17 17 15 15 61 61 61 14 61
50 52 54 53 53 53 31 59 59 59 59 59 50 53 53 41
42 42 42 42 42 50 46 46 10 6 6 6 6 6 62 24
24 24 24 11 11 11 50 30 10 10 50 46 9 9 9 9
13 9 11 11 58 3 55 55 44 44 49 49 49 49 14 14
14 14 58 4 4 36 15 15 15 52 52 52 20 36 36 20
18 49 8 8 8 18 18 18 30 30 30 20 20 25 12 12
12 44 44 8 8 40 40 18 56 17 28 28 28 56 40 28
