0 0 1 0 0 0 0 0 0 1 0 0 0 1 0 0
0 0 0 0 1 0 1 1 1 1 0 0 0 0 0 0
0 1 1 1 1 1 1 1 1 0 0 0 0 0 1 1
1 1 1 1 1 0 0 0 1 1 0 1 0 0 0 0
0 0 1 1 1 1 1 0 1 0 0 0 0 0 0 0
0 0 0 0 0 0 0 0 0 0 0 0 0 1 0 0
0 0 0 0 0 0 0 0 0 0 0 0 1 0 0 0
0 0 1 1 0 1 1 1 0 0 1 0 1 1 1 1
1 1 0 1 1 1 1 1 1 1 1 1 1 1 0 0
0 0 0 1 1 1 1 1 0 1 1 1 1 1 0 1
1 1 0 0 0 0 0 1 1 1 1 1 1 1 1 0
0 0 0 1 1 1 1 1 1 1 1 1 1 0 0 0
1 1 0 1 1 1 0 1 1 1 1 0 1 1 0 0
0 1 1 0 1 1 0 0 0 0 0 1 0 1 1 1
0 1 1 0 0 1 0 0 0 0 1 0 0 1 0 0
1 1 1 0 0 1 0 0 0 1 0 1 1 0 1 0
58 13 28 13 23 23 11 11 25 63 11 56 13 63 11 11
23 23 25 56 24 56 63 63 63 20 23 13 13 25 40 58
58 26 26 26 26 26 6 6 6 3 3 3 3 3 6 4
4 4 4 4 24 25 25 5 6 24 31 24 31 5 5 5
5 31 37 37 37 37 37 31 24 31 15 15 50 50 56 50
50 50 7 7 56 7 58 58 7 7 15 15 15 41 17 17
48 40 40 62 62 40 40 62 62 27 44 44 20 44 27 48
17 48 59 28 48 28 8 8 17 17 18 48 22 22 22 22
18 22 9 18 41 18 18 12 12 12 51 51 12 35 21 21
21 21 21 28 57 49 8 8 60 8 28 49 12 49 52 49
49 20 9 9 9 9 52 35 57 57 57 57 35 35 35 19
52 52 52 20 20 51 51 51 14 14 14 14 14 19 19 19
41 16 19 41 41 16 62 16 16 10 10 42 53 16 42 42
42 53 10 27 10 10 27 29 27 36 38 59 42 30 30 30
60 30 30 38 54 53 36 36 36 38 53 29 29 59 29 29
61 61 61 38 38 53 60 60 60 59 54 59 61 36 61 54
