1 0 1 0 0 0 0 0 0 1 0 0 0 0 0 0
0 1 0 0 0 0 0 1 0 1 0 1 1 1 0 0
1 0 0 1 0 0 1 0 1 1 1 0 1 0 1 0
1 1 1 0 0 0 1 1 0 1 1 0 0 0 0 0
0 1 0 1 0 0 0 0 1 1 0 1 1 1 1 0
0 0 0 0 1 0 1 1 0 1 0 1 1 1 1 0
1 1 0 1 0 1 0 0 0 0 1 0 0 1 1 1
0 0 1 1 1 0 1 0 1 1 0 0 0 0 1 0
0 1 1 1 1 1 1 1 0 0 0 0 1 0 1 1
1 0 0 1 1 1 1 1 1 1 1 1 0 1 1 1
1 1 1 1 0 0 0 1 0 0 1 1 0 1 1 0
0 1 1 0 1 0 1 0 1 1 1 1 0 1 1 0
1 1 0 1 0 0 1 0 1 0 1 1 1 0 1 0
0 1 1 1 1 1 1 0 0 1 0 0 1 0 1 0
1 0 0 0 1 0 1 0 0 1 1 0 1 1 0 0
0 0 0 0 0 0 0 1 1 1 0 0 0 1 0 1
30 25 49 21 44 56 38 13 60 39 60 19 48 48 60 48
48 61 56 5 5 21 5 6 7 37 27 22 63 6 27 36
43 25 52 55 52 21 53 3 8 8 43 44 57 13 14 54
12 61 41 36 25 25 18 20 46 24 51 46 15 17 21 27
13 18 17 61 17 19 21 58 22 30 23 63 28 30 30 38
9 7 40 40 10 17 8 53 40 37 27 28 45 45 30 27
28 37 23 37 29 22 40 5 44 56 20 56 40 10 6 51
44 56 8 8 20 60 24 5 22 47 46 54 52 46 10 11
46 47 43 18 14 39 43 26 42 38 52 11 28 54 35 47
41 54 42 49 53 47 37 26 18 26 26 22 3 43 14 28
35 6 53 6 17 29 29 47 29 54 39 53 44 10 35 11
29 39 41 42 41 42 63 48 14 14 35 41 25 49 63 42
51 57 9 55 52 15 55 11 57 7 49 55 57 7 12 3
7 18 4 55 4 35 12 13 11 57 36 36 12 31 51 36
12 58 58 38 24 58 24 58 50 49 51 9 59 63 50 38
9 13 15 15 15 9 60 20 10 24 31 23 31 20 23 39
