1 0 1 0 0 0 0 0 1 0 0 0 0 0 1 1
1 1 0 1 1 0 0 1 0 0 0 1 1 1 1 1
1 0 0 0 1 0 0 1 0 0 1 1 0 1 1 0
1 1 1 0 0 0 0 0 0 1 0 0 0 0 1 1
0 1 0 1 1 1 0 1 1 1 0 1 1 0 1 1
0 0 0 1 0 1 0 1 1 0 1 0 0 1 1 1
1 0 0 0 0 0 0 0 1 1 0 0 1 1 1 1
0 0 1 1 0 1 1 0 0 0 1 1 0 1 1 0
1 0 1 1 0 1 1 0 0 1 0 0 0 1 1 0
1 1 0 0 0 0 0 0 1 0 1 1 1 1 0 1
1 1 1 0 1 0 1 1 0 1 1 1 1 0 0 0
1 1 1 1 1 0 1 0 1 0 1 0 0 0 1 0
1 1 1 0 0 0 1 0 1 1 1 1 0 1 0 1
0 1 1 0 1 0 1 0 0 0 0 0 0 0 0 1
0 1 1 0 1 1 0 0 0 0 1 0 0 1 0 0
0 1 1 0 0 1 1 0 1 0 0 0 0 0 0 1
30 25 49 21 44 13 56 60 39 19 48 38 48 7 20 8
14 47 21 57 6 60 46 45 46 46 29 8 10 53 59 10
55 50 23 19 61 36 31 20 25 58 26 30 5 47 12 48
53 61 18 23 44 29 54 48 44 30 7 7 7 7 22 8
40 8 11 45 45 43 48 45 45 43 40 6 6 29 55 12
36 29 29 49 25 57 54 8 49 11 18 11 52 49 53 6
43 54 44 54 50 54 40 27 22 37 25 17 49 55 59 37
23 46 12 43 46 43 55 36 5 40 55 10 15 51 35 11
6 25 57 18 40 30 22 62 11 16 52 5 50 53 47 9
47 28 42 62 13 21 27 50 41 5 59 41 41 30 23 41
53 41 16 23 24 19 57 24 38 35 51 18 57 44 31 52
59 14 35 14 28 15 63 31 63 27 51 52 36 13 14 52
16 35 14 17 15 27 22 13 51 59 22 35 38 28 27 51
13 63 28 15 47 38 28 3 3 19 19 5 50 31 38 26
36 16 12 42 12 20 31 58 42 56 63 62 62 63 56 62
56 16 18 15 42 10 10 60 39 9 9 9 60 60 9 37
