1 0 1 0 1 0 1 0 0 1 1 0 0 0 1 0
0 0 1 0 0 1 1 1 0 1 1 0 0 0 1 0
0 1 1 0 0 0 1 1 0 1 0 1 1 0 1 0
0 0 0 0 0 0 0 0 0 1 1 1 1 0 0 0
0 1 1 1 1 0 1 0 1 0 1 1 1 0 0 0
1 0 1 0 1 0 0 0 1 1 1 0 1 0 1 1
1 0 1 0 0 0 0 0 1 0 0 1 0 1 1 1
0 1 0 1 1 1 1 0 1 1 1 1 0 1 1 1
0 0 0 0 0 1 0 0 0 0 1 0 1 0 1 0
0 1 0 0 1 1 0 0 1 1 1 1 1 1 1 1
1 0 1 0 0 0 1 1 0 1 0 0 1 0 0 0
1 0 0 1 1 0 1 0 1 1 1 0 0 1 1 1
0 0 0 1 1 0 1 1 1 0 0 0 0 0 1 1
0 1 1 0 1 1 1 0 1 0 1 0 0 1 0 1
0 0 1 0 0 0 0 1 1 1 1 1 1 1 1 0
0 1 0 0 1 1 1 1 1 1 1 1 0 0 1 1
28 36 22 21 12 50 63 31 50 10 45 54 46 7 43 15
19 38 63 19 60 10 14 24 17 57 6 7 7 31 24 54
40 39 45 42 54 54 6 6 44 55 56 16 16 62 16 19
19 62 48 52 62 48 48 48 48 49 49 57 39 13 21 17
17 8 10 57 12 50 59 50 22 58 26 16 55 38 38 38
41 42 49 58 59 58 58 56 41 49 59 42 61 42 30 18
18 58 18 27 19 3 3 23 26 3 25 26 46 61 57 37
23 37 13 16 24 8 14 38 22 30 30 4 31 51 20 41
31 40 31 11 44 8 7 11 5 42 6 46 20 5 8 5
7 8 5 46 14 4 27 54 18 49 43 57 53 43 30 30
20 56 20 23 11 11 20 55 17 55 5 56 53 50 13 52
55 40 40 10 59 25 63 60 37 61 45 13 25 47 6 4
56 29 17 47 47 3 18 35 43 9 25 9 11 29 39 37
13 24 28 15 41 35 22 62 47 52 12 29 46 28 27 51
9 52 39 44 29 44 44 14 63 28 41 10 35 63 28 15
29 4 3 15 47 43 53 51 26 51 35 39 25 15 51 22
