1 0 1 0 1 0 1 0 0 0 0 1 1 1 0 0
1 1 0 1 0 1 1 1 1 1 1 0 1 1 1 0
1 1 1 0 1 1 0 0 1 1 0 0 0 1 0 0
1 1 1 1 1 1 1 0 1 0 1 0 1 1 0 0
0 1 0 1 1 0 0 1 0 1 1 0 1 0 1 1
1 1 1 0 1 0 0 0 1 1 1 0 0 0 0 1
1 1 1 0 1 0 0 0 1 1 1 0 1 0 0 1
0 1 1 1 0 1 0 0 0 0 0 0 0 0 0 1
0 0 1 1 0 0 0 0 0 0 1 1 1 0 1 0
1 1 1 0 0 0 0 0 0 0 1 0 0 1 0 0
0 1 0 1 0 1 0 1 0 0 1 0 1 0 1 0
0 1 1 0 1 0 0 1 0 0 1 1 0 1 0 0
1 1 1 1 0 1 1 1 1 1 1 1 0 0 1 1
1 1 1 0 1 1 0 0 0 1 0 0 1 0 1 1
1 1 0 1 1 0 1 0 1 1 1 0 0 1 1 0
0 0 0 1 0 0 1 0 1 0 1 0 1 0 1 1
28 36 22 21 12 50 63 31 50 15 13 45 51 28 29 38
41 30 44 41 54 10 51 39 4 63 41 19 45 63 47 11
53 57 6 13 35 55 7 27 4 43 58 31 46 20 5 54
8 59 6 49 14 24 10 25 26 38 61 25 8 6 21 17
52 18 58 57 22 54 23 35 38 8 12 42 8 44 14 8
51 51 57 46 12 58 54 56 49 49 4 5 13 56 21 6
63 6 45 27 41 15 36 42 37 12 12 15 43 36 60 49
48 53 22 41 48 16 3 9 3 19 19 21 15 56 40 43
7 13 43 28 7 7 7 25 54 23 45 14 20 3 10 3
61 61 24 13 40 21 27 60 3 27 37 17 31 22 60 5
9 57 62 55 17 47 5 35 38 36 61 27 39 50 51 9
15 55 47 19 59 50 36 35 9 23 45 59 42 22 19 38
24 59 61 28 40 59 24 16 37 43 49 10 40 23 53 37
16 16 16 42 39 35 31 50 11 18 23 5 28 31 47 39
4 30 62 20 30 62 30 29 53 30 63 46 29 18 26 62
62 9 46 4 46 40 10 52 47 11 37 44 26 52 55 24
