1 1 0 1 1 1 0 0 0 0 1 0 0 0 0 1
1 1 0 0 0 1 0 0 1 0 0 1 0 0 1 1
1 1 1 1 0 1 0 1 1 0 0 0 1 0 0 0
1 1 0 0 0 0 1 0 0 1 1 0 0 1 0 0
1 1 1 1 0 1 1 1 0 0 0 1 1 1 1 0
1 0 1 1 1 0 0 1 0 0 0 0 1 0 0 0
1 0 0 0 1 1 1 1 1 0 0 0 1 1 0 0
0 0 0 0 0 0 1 1 1 0 0 1 0 0 0 0
0 1 1 0 0 0 1 0 0 0 0 0 1 0 0 0
0 0 0 0 1 0 0 1 1 0 0 0 1 1 0 0
1 1 1 1 0 1 1 1 0 1 0 1 1 0 1 1
0 1 1 0 1 1 0 0 1 0 1 0 1 1 1 0
0 0 1 0 1 1 1 1 1 1 1 1 1 0 1 1
0 1 0 1 1 0 0 1 1 1 1 1 1 1 1 0
0 1 0 1 0 1 1 1 0 0 0 0 0 0 0 0
0 1 0 0 0 0 1 0 1 1 1 1 1 0 0 1
4 8 7 6 6 6 7 7 5 9 10 5 7 7 3 6
10 10 9 5 3 10 11 3 10 3 3 4 11 13 16 14
16 14 12 14 21 14 21 22 14 15 19 19 22 62 48 19
51 20 40 36 48 40 18 48 42 24 51 52 27 49 21 27
18 53 49 57 54 18 53 6 21 38 19 18 22 41 18 38
41 19 49 41 20 52 54 53 46 40 40 40 53 54 44 46
4 15 54 27 24 53 24 24 57 21 54 58 41 41 44 44
44 56 44 56 31 31 45 45 45 56 46 45 62 46 42 62
62 63 57 58 62 36 63 31 36 38 31 36 22 27 38 56
31 36 50 46 45 50 27 59 43 52 48 52 59 43 60 42
57 30 8 8 42 30 49 30 38 47 56 49 57 60 22 30
58 28 30 42 28 24 29 11 63 23 39 11 8 12 8 15
15 13 51 52 51 55 39 35 51 59 63 4 4 15 39 61
23 20 48 55 59 29 11 20 43 37 37 37 37 35 39 29
5 20 5 37 29 61 12 35 13 23 13 23 25 23 50 13
29 59 25 17 17 25 35 17 26 43 26 43 35 25 25 26
