1 1 0 1 1 1 1 1 0 0 0 0 1 0 0 0
1 1 0 0 0 1 1 1 1 1 0 0 0 1 0 0
0 0 1 1 0 1 0 1 0 0 1 1 1 1 0 1
0 1 1 1 1 0 1 0 1 0 1 0 0 0 0 0
1 1 1 0 0 1 1 0 1 0 1 1 1 1 1 1
1 0 0 0 1 1 1 1 0 1 0 0 1 0 1 0
1 0 0 0 1 1 1 0 0 0 0 0 0 1 0 1
0 1 0 1 1 0 0 1 1 0 1 0 1 1 0 1
1 1 0 1 0 1 1 1 0 0 1 0 1 1 1 0
1 0 1 1 0 0 1 1 0 0 1 0 0 1 1 1
0 0 1 0 0 1 0 1 0 0 1 1 0 0 0 0
0 0 1 1 0 0 1 1 0 1 1 1 1 0 1 1
0 1 1 1 0 0 0 1 1 0 0 1 0 1 1 1
1 1 1 1 1 0 1 1 1 0 0 1 0 0 0 0
0 1 0 0 0 1 0 0 1 1 1 0 0 1 0 1
1 1 1 0 1 0 1 0 0 1 1 1 1 1 0 1
4 8 7 6 6 6 6 6 7 11 7 5 4 7 5 5
4 4 5 5 11 10 14 8 4 8 21 17 17 14 21 13
17 15 12 14 15 14 13 14 15 15 12 41 12 41 38 16
19 18 18 49 49 23 18 48 16 19 20 21 21 19 21 27
51 51 51 29 29 24 53 27 24 27 26 55 55 55 55 55
39 19 31 23 20 22 49 22 46 49 27 27 49 25 37 46
45 46 44 44 47 45 10 46 44 46 44 48 40 10 25 45
48 18 13 53 53 15 19 20 53 56 53 29 16 22 25 26
20 43 58 8 29 26 28 20 58 54 28 11 18 28 22 23
22 54 57 10 13 11 30 30 17 11 12 17 31 30 30 28
23 52 12 23 29 28 52 30 52 54 51 51 52 44 31 52
7 54 8 10 31 31 41 24 54 57 57 24 41 13 24 45
3 57 26 26 3 3 3 35 43 3 38 35 38 35 43 35
35 63 47 47 59 58 47 47 59 48 48 57 50 38 38 50
42 59 58 42 60 59 42 60 41 59 43 42 42 63 50 39
43 45 63 58 37 9 37 50 50 16 37 61 16 37 40 39
