1 0 1 0 1 0 1 0 0 0 0 1 1 1 1 1
1 0 1 0 0 0 1 1 0 1 0 1 1 0 1 0
0 0 0 1 1 1 0 1 0 0 1 0 1 0 1 1
1 1 0 0 1 0 1 1 1 1 1 1 0 1 0 1
1 0 0 1 1 1 1 0 1 1 1 1 1 0 0 0
1 1 0 1 1 0 0 1 1 1 0 1 0 0 1 1
1 1 1 1 1 1 0 1 0 1 1 0 0 0 0 1
1 1 0 0 1 1 0 0 0 0 0 1 0 1 0 0
1 1 0 0 1 1 0 1 0 0 0 0 1 1 1 1
0 0 0 0 0 1 0 1 1 1 1 0 1 1 0 0
0 1 1 0 0 1 0 0 0 1 1 1 1 0 1 1
0 0 1 1 1 1 0 0 0 1 0 0 1 1 0 0
1 1 1 0 0 0 0 0 0 1 1 0 0 1 1 0
0 1 0 0 0 0 0 0 0 0 0 0 1 1 1 1
0 1 1 0 1 1 0 0 0 0 1 1 0 1 1 0
0 0 0 0 0 0 1 1 0 1 1 1 1 0 1 1
28 36 22 21 12 50 63 31 50 15 13 45 51 28 30 18
41 46 22 38 31 60 35 45 27 24 40 16 26 21 24 21
38 31 40 57 28 57 21 28 23 60 57 9 57 9 43 16
45 63 38 38 47 42 61 41 59 24 51 35 17 57 21 61
43 7 17 61 61 41 61 46 22 8 41 41 18 9 56 60
39 16 40 6 30 48 19 8 49 45 27 37 13 42 14 18
63 20 14 22 35 22 29 35 15 47 28 11 46 31 46 45
35 18 3 3 63 20 15 44 60 44 46 14 15 8 60 11
16 6 15 7 14 8 7 63 7 7 44 11 4 39 4 16
31 56 58 5 5 8 27 39 24 14 39 13 43 43 56 44
36 6 18 29 29 20 52 23 48 4 12 4 12 50 43 53
48 48 6 6 20 4 36 13 58 26 44 13 55 49 19 27
51 59 51 42 40 27 19 23 62 59 49 54 54 49 47 52
52 55 52 50 50 54 58 62 11 52 56 29 12 12 20 53
42 55 49 48 47 10 11 9 3 38 24 47 3 53 53 9
40 25 3 25 19 25 55 51 29 10 10 10 55 42 30 39
