1 1 0 1 1 1 0 0 0 0 0 1 0 0 0 0
1 1 0 1 0 1 1 0 0 0 1 1 0 0 1 1
1 1 1 0 1 1 0 1 1 1 1 1 0 1 1 0
1 0 1 0 0 1 0 0 1 1 1 1 0 0 1 1
1 1 1 0 1 1 1 1 1 1 1 0 0 1 1 0
0 0 1 0 0 0 0 0 0 0 0 0 0 1 1 1
1 1 0 0 0 0 0 0 0 0 0 0 0 1 1 1
1 0 1 0 1 1 1 0 1 0 1 0 0 0 1 0
0 1 1 1 1 1 1 1 1 1 0 0 0 1 1 1
0 0 0 0 1 0 1 1 0 0 0 1 0 0 0 0
0 0 0 0 0 1 1 1 0 1 1 1 1 1 0 0
0 1 0 0 1 0 1 1 1 0 0 1 0 1 0 0
0 1 1 0 0 1 1 0 1 1 1 1 1 0 0 1
0 1 0 1 1 1 0 0 1 0 1 1 1 0 1 1
0 1 1 0 0 0 0 1 0 1 1 1 0 1 0 0
1 0 0 0 0 1 1 0 0 1 1 1 0 0 0 1
4 8 7 6 6 6 7 11 7 5 5 10 3 7 3 3
10 16 9 10 3 10 12 15 7 11 10 16 11 13 16 14
14 6 6 15 4 55 27 51 20 20 14 18 9 57 14 19
12 54 18 19 38 24 60 48 26 45 16 26 3 27 28 61
39 55 49 42 4 4 8 4 24 24 35 31 13 41 59 56
44 42 16 23 42 38 38 46 50 27 27 56 56 55 39 49
49 53 38 54 52 54 40 52 54 52 52 52 11 45 53 49
53 21 22 21 49 57 55 54 55 56 20 25 19 48 53 48
44 53 57 12 14 8 57 41 28 51 27 11 44 47 43 28
31 58 58 62 41 5 41 45 5 21 44 41 56 44 60 5
9 29 29 29 29 22 20 30 15 12 22 18 18 26 46 38
46 22 36 15 30 25 30 30 28 31 29 20 25 28 31 31
15 26 26 48 48 8 43 46 43 24 35 30 35 25 42 8
46 18 23 43 37 35 40 36 37 42 37 57 47 40 51 51
40 22 12 13 40 50 9 59 13 35 51 47 25 63 50 13
59 17 19 17 17 45 43 19 36 47 37 24 36 60 9 39
