1 0 1 0 1 0 1 0 0 1 0 1 0 1 1 0
1 1 0 0 0 1 0 1 1 0 1 0 1 0 1 1
1 0 0 0 0 0 1 0 1 0 0 0 0 0 1 1
1 1 1 1 1 1 0 0 0 1 1 0 0 0 0 0
1 1 0 1 1 0 0 1 1 1 0 0 1 1 1 1
1 1 1 0 0 1 0 1 1 0 1 1 1 0 1 1
1 0 1 0 1 0 1 0 1 1 1 0 0 0 1 0
0 1 1 1 1 0 0 1 0 0 0 0 1 0 1 0
1 0 0 0 1 0 1 1 1 1 1 1 1 1 1 1
1 1 1 0 1 0 1 1 1 1 0 0 1 1 1 1
1 1 1 0 0 1 1 0 0 0 1 1 0 1 1 0
0 1 0 1 1 0 1 0 1 0 0 1 0 0 1 1
1 1 0 0 1 1 0 0 0 1 0 1 1 0 1 0
0 1 1 1 1 0 0 0 0 0 1 0 1 1 0 1
0 0 0 1 0 1 1 1 1 1 1 1 0 1 1 0
1 0 1 0 1 0 1 1 0 0 0 0 1 1 0 0
28 36 22 21 12 50 63 31 50 55 13 51 60 10 61 5
22 30 31 27 38 10 44 45 39 42 26 36 55 44 8 6
24 36 38 19 48 48 53 56 16 15 13 25 23 62 57 61
12 51 41 49 12 20 54 21 54 14 57 15 38 27 60 23
30 59 44 53 39 44 36 28 24 8 60 60 6 6 18 14
41 16 16 23 52 10 31 53 61 40 37 8 8 5 8 18
18 7 41 27 41 5 18 19 12 12 47 58 50 50 6 54
48 55 22 41 6 19 15 47 7 5 46 7 63 46 37 7
16 23 42 13 49 13 14 14 14 10 30 57 10 35 35 35
35 53 35 46 53 11 30 18 4 28 36 5 47 43 26 28
26 26 26 15 27 47 49 50 38 54 45 4 13 47 43 27
7 28 44 16 43 11 63 48 63 23 29 43 15 38 63 22
30 22 17 17 51 20 19 29 31 59 31 55 59 54 43 52
48 39 51 55 59 29 11 19 11 40 4 29 45 37 52 51
42 52 17 49 29 4 39 45 37 20 39 59 52 20 37 56
49 56 24 11 20 42 45 4 42 46 40 46 57 57 40 40
