0 0 0 1 0 1 1 0 1 1 1 1 1 0 0 0
1 0 0 1 1 1 0 1 0 1 0 0 1 0 0 0
0 0 0 0 0 0 0 0 1 0 0 1 1 0 1 0
1 1 1 1 0 1 1 0 1 1 1 1 0 1 0 1
0 1 0 0 0 1 1 1 1 0 0 1 0 1 1 0
0 0 1 1 1 1 0 0 1 1 1 1 0 1 0 0
1 0 0 0 0 0 0 0 1 0 0 1 0 1 0 1
0 0 1 1 1 0 1 1 0 0 0 1 0 0 0 0
0 0 1 1 1 1 1 0 0 0 1 1 1 1 1 1
1 0 1 1 1 0 1 1 1 1 1 1 0 1 0 1
1 0 1 1 0 1 0 0 1 0 1 1 0 0 1 1
1 0 1 0 1 1 0 0 1 0 0 1 0 0 0 1
1 0 1 1 1 0 1 0 1 1 0 1 1 0 1 1
0 1 1 1 0 0 1 0 0 0 0 1 1 0 1 1
0 0 0 1 0 0 1 1 0 0 1 0 1 1 0 1
0 0 1 0 0 1 1 0 0 1 0 0 0 0 0 0
21 13 19 12 38 37 59 27 35 8 51 55 24 7 60 25
37 31 7 20 22 57 42 61 38 55 29 21 26 31 56 25
25 7 27 17 17 60 46 36 14 27 21 55 26 62 26 23
30 63 35 20 58 55 51 15 8 55 51 10 15 6 21 57
38 51 54 13 19 24 41 41 22 42 5 41 5 6 6 56
44 36 18 6 14 6 58 56 63 14 14 63 27 22 58 3
43 29 31 27 60 54 40 19 41 3 44 26 60 41 50 47
5 5 8 53 53 31 22 22 38 44 46 20 15 58 54 15
46 5 43 18 8 8 16 58 56 38 30 14 35 35 47 35
18 3 18 10 10 11 18 47 47 28 53 47 36 53 60 28
43 36 26 28 7 28 46 11 4 54 16 4 11 36 43 30
20 23 43 42 39 16 23 31 28 23 44 16 42 42 19 51
57 13 57 30 30 15 4 19 4 4 11 12 57 54 12 12
46 12 20 53 23 11 49 3 7 40 56 24 63 44 10 10
17 48 17 49 17 62 49 49 62 52 24 62 39 63 48 49
62 52 39 48 48 39 16 52 29 39 13 3 52 52 50 13
