1 0 0 0 1 0 0 1 1 1 1 1 1 0 1 0
1 1 1 1 0 1 1 0 0 1 0 1 1 1 1 0
1 1 0 1 1 1 0 1 1 0 0 1 1 1 0 0
1 1 1 0 1 0 0 1 1 0 0 1 1 0 0 0
0 1 0 1 1 1 0 0 1 1 0 1 1 1 0 1
1 0 1 1 0 0 0 0 1 1 1 0 1 0 1 0
0 1 0 0 1 1 0 0 1 0 0 0 1 0 0 1
0 0 0 0 0 0 0 1 1 1 0 1 0 0 0 0
1 0 0 1 1 1 0 0 0 0 1 0 0 0 0 0
1 1 0 0 0 1 0 1 1 1 0 0 0 1 0 0
0 0 0 0 1 0 1 0 0 0 0 1 1 1 1 1
1 1 0 1 0 0 1 1 1 1 1 1 1 0 1 0
1 1 1 1 1 0 1 1 1 0 1 1 0 0 0 0
1 1 0 1 1 1 1 1 1 0 0 0 1 0 1 1
1 0 0 1 1 0 1 0 1 0 0 1 0 1 1 1
1 1 0 1 0 1 0 0 1 1 1 1 0 1 0 1
37 27 58 31 59 27 27 35 59 16 28 39 14 7 45 58
30 45 8 12 3 20 51 42 52 4 50 37 35 41 47 36
28 57 25 63 57 55 54 28 26 11 58 63 26 49 29 40
6 20 6 60 43 42 60 35 39 60 58 39 14 25 21 11
56 6 42 39 22 24 19 58 6 6 36 37 35 30 7 51
35 44 49 57 60 21 40 50 24 45 14 42 49 42 28 62
17 28 60 62 41 57 40 7 57 50 62 19 49 50 54 37
5 5 44 52 50 54 62 63 22 43 19 14 19 9 40 9
16 46 15 8 14 8 38 62 46 38 45 31 38 38 38 21
61 47 9 9 9 47 52 18 41 10 3 56 56 43 29 29
13 52 13 15 18 7 55 23 27 54 7 4 53 39 4 30
59 18 15 16 54 15 41 20 63 59 37 43 24 13 63 15
59 24 26 49 24 27 55 16 51 52 4 55 40 29 56 46
43 16 13 4 41 12 12 30 47 13 56 5 45 31 55 26
20 48 17 8 12 48 12 29 18 17 46 53 19 18 53 53
22 51 48 22 48 30 46 44 26 8 20 51 48 10 31 22
