1 0 0 0 1 0 0 1 1 1 1 1 1 1 0 1
0 0 0 1 1 1 1 0 1 1 0 1 1 1 1 0
1 1 0 1 0 1 1 0 1 0 1 1 0 0 0 1
0 1 1 0 0 1 0 1 1 1 1 1 1 1 1 1
1 1 1 1 0 1 0 0 0 0 1 0 0 0 1 0
0 0 1 0 1 0 0 1 1 1 1 0 1 1 1 1
0 0 0 0 0 0 1 1 1 1 1 1 1 1 1 0
1 1 0 1 1 1 1 1 0 1 1 0 0 1 0 1
1 0 1 0 0 1 1 1 0 0 1 1 1 1 1 1
0 0 1 0 0 0 1 0 1 1 0 0 1 0 0 1
0 1 0 1 0 0 1 1 1 0 0 0 1 0 1 0
0 0 1 0 0 0 1 0 1 1 1 1 1 0 0 0
1 0 0 0 0 0 1 1 0 0 0 0 0 0 1 0
0 0 0 0 1 1 0 1 1 1 1 0 1 0 0 1
0 1 0 1 0 1 0 0 1 0 0 0 0 0 0 1
0 0 0 0 1 0 0 1 0 1 0 0 1 1 1 1
37 27 58 31 59 27 27 35 59 16 28 39 14 45 58 30
13 56 7 8 30 41 63 52 49 61 5 12 30 6 35 42
26 18 44 57 40 28 8 5 61 15 4 4 5 21 46 43
52 47 16 36 54 63 13 59 16 24 57 6 24 6 39 55
18 18 39 6 11 35 31 23 42 58 6 7 7 7 37 25
48 19 49 62 57 38 56 55 45 18 14 58 35 45 39 20
17 48 38 21 15 44 37 47 57 51 53 22 49 61 59 58
39 20 13 43 20 18 45 43 3 30 30 52 3 51 40 35
26 52 57 52 62 8 16 16 56 38 55 8 55 8 55 14
17 17 24 46 13 11 47 50 47 10 25 25 47 15 60 28
3 26 11 22 25 13 49 59 26 54 5 50 20 50 43 27
3 3 53 21 54 23 63 48 63 63 45 20 61 15 46 48
4 60 62 62 15 27 10 10 60 48 38 62 40 54 37 50
38 54 31 50 4 37 60 26 53 24 4 42 43 31 19 10
42 51 19 49 40 53 46 60 41 23 19 5 56 23 19 61
31 46 7 42 10 40 25 41 23 51 56 44 53 41 41 22
