0 0 0 0 0 0 0 0 0 0 0 0 0 0 0 0
0 0 0 0 1 0 1 1 0 0 0 1 1 0 1 0
1 1 0 1 0 0 0 0 0 1 0 0 0 0 1 1
0 1 0 0 1 1 1 0 0 0 1 1 0 0 0 1
1 0 1 1 1 1 1 1 1 0 1 1 0 1 0 1
0 1 1 0 0 0 1 1 0 0 1 0 1 1 1 1
1 1 0 0 1 0 0 1 0 1 0 1 1 0 0 1
0 1 0 0 1 0 1 0 1 1 0 0 0 0 0 0
1 1 1 0 1 1 1 1 1 0 0 0 1 1 1 1
1 0 0 1 1 1 1 1 1 1 1 0 1 1 1 1
0 1 0 0 1 0 1 1 1 0 1 1 0 1 0 1
0 1 0 0 0 1 1 1 0 1 1 0 1 1 0 0
0 0 1 1 0 0 0 1 0 1 1 0 0 0 0 0
1 0 1 0 0 1 1 1 0 1 1 1 1 0 1 0
0 0 0 1 0 0 1 0 1 1 1 0 0 1 0 1
1 1 0 0 1 0 1 0 0 1 0 1 0 0 0 1
3 36 5 38 7 40 9 42 42 11 44 13 46 15 48 17
50 19 52 21 53 58 51 22 27 60 29 10 30 62 47 50
39 45 38 55 56 17 50 52 17 18 52 42 52 36 26 28
60 20 7 60 63 39 28 21 31 27 57 10 42 13 21 51
30 29 47 53 53 16 45 53 47 58 16 51 56 51 56 63
42 63 43 60 60 52 55 55 7 48 16 36 20 24 63 37
63 37 21 56 35 56 40 35 21 12 44 12 8 48 36 55
48 41 44 7 6 62 51 38 22 16 46 25 23 50 50 23
43 43 22 48 30 30 22 28 22 38 17 36 20 47 41 12
12 17 58 49 16 47 53 45 37 26 26 13 18 43 24 24
38 24 62 23 24 54 49 43 10 54 39 12 15 28 23 28
15 45 29 62 19 49 49 26 25 26 55 58 61 49 62 7
15 13 18 14 15 27 9 35 58 14 14 3 23 19 27 44
41 9 57 11 54 41 37 57 11 20 4 14 37 31 10 54
27 46 19 18 25 3 4 5 30 14 41 9 3 20 19 45
10 4 54 3 57 40 8 5 29 18 13 35 29 5 44 39
