1 0 0 1 0 0 1 0 1 0 1 1 1 0 1 1
1 0 0 1 0 1 1 1 1 1 1 1 0 0 0 1
1 1 0 1 1 1 0 1 0 0 0 1 0 0 1 1
0 1 0 1 1 0 1 1 1 1 1 1 1 1 0 1
1 0 0 1 0 0 1 1 1 1 0 1 1 1 0 1
0 0 1 0 1 1 0 0 0 0 1 0 0 0 1 1
1 1 1 1 0 0 0 1 0 1 0 0 0 1 0 0
0 0 0 0 0 0 0 0 0 0 0 1 0 1 0 1
1 1 1 0 0 1 1 1 1 1 1 0 1 0 1 1
0 1 0 1 1 0 0 0 0 0 1 1 0 0 1 1
1 0 0 0 0 1 0 1 1 1 1 1 0 1 0 1
0 1 0 1 1 0 0 0 0 1 1 1 0 1 0 0
1 1 1 1 1 0 0 0 0 0 0 0 0 0 1 1
0 0 1 1 0 0 1 1 1 0 0 0 1 0 0 1
0 1 1 1 0 1 1 1 0 0 1 0 0 1 0 1
1 1 0 0 0 1 1 1 0 1 1 1 0 0 0 1
18 11 15 28 23 21 12 21 28 7 24 26 28 11 10 30
24 7 19 4 3 8 30 16 20 18 18 24 21 31 27 30
6 20 17 6 20 14 19 10 25 19 29 14 7 9 14 20
7 20 7 16 22 7 4 10 26 18 4 26 18 4 21 30
30 5 29 14 15 31 14 16 24 20 29 10 6 14 25 30
3 21 20 19 10 14 23 15 9 25 16 17 5 3 20 22
10 26 18 4 29 5 17 6 13 12 15 58 11 24 15 23
48 40 3 52 3 46 23 44 38 56 9 10 27 51 11 20
16 35 43 11 60 30 12 45 14 20 47 11 55 46 37 39
15 61 36 49 53 54 27 50 54 58 57 43 31 54 51 45
37 50 5 54 25 16 5 16 16 18 55 30 15 61 48 30
15 49 50 8 41 50 36 62 52 47 39 14 54 35 54 50
39 43 39 8 30 50 38 38 9 38 38 48 38 48 47 37
36 44 37 37 62 58 47 26 47 40 19 29 6 25 25 26
62 22 10 4 9 4 4 10 5 31 24 5 25 18 17 59
49 24 52 15 21 28 53 41 29 41 6 61 46 36 36 37
