1 1 1 1 0 0 1 0 1 1 0 1 0 1 1 0
1 1 0 0 1 0 1 1 0 1 1 1 1 0 1 1
1 1 0 0 0 1 0 0 0 1 0 0 1 1 1 0
0 0 1 0 0 0 1 0 0 1 0 0 0 0 0 0
0 0 0 1 0 0 0 1 0 1 1 0 1 0 0 1
1 1 1 1 1 1 0 1 0 1 1 0 0 0 0 0
0 0 0 1 0 0 0 1 0 1 0 1 0 1 0 1
0 1 0 0 1 0 0 1 0 0 1 0 0 0 1 0
0 0 1 1 0 0 0 0 1 0 1 1 1 1 0 1
0 0 0 0 0 0 0 1 1 0 0 0 0 1 0 1
0 0 1 0 0 1 1 1 0 0 0 1 1 0 0 1
1 0 0 1 1 0 1 0 1 0 1 1 0 1 1 0
1 1 1 0 1 0 0 0 0 0 0 0 1 0 0 0
1 1 1 0 1 1 0 1 0 0 0 1 0 1 0 1
1 0 0 0 1 0 0 1 0 0 0 0 0 0 0 0
0 1 0 0 0 0 1 0 0 0 0 0 1 0 1 0
22 35 35 20 3 44 28 11 59 57 38 24 36 24 47 25
12 6 7 56 20 29 14 57 60 10 51 6 45 62 63 55
55 35 17 31 27 55 44 23 31 55 17 31 55 8 63 19
42 31 6 3 31 31 47 31 31 55 15 15 13 13 58 58
58 58 58 57 11 44 13 53 21 57 45 3 49 13 46 53
41 49 49 57 43 20 23 53 50 39 24 11 7 42 7 7
52 36 38 47 7 44 7 18 44 12 44 30 7 41 21 37
48 20 40 7 20 36 7 20 7 7 20 7 15 11 37 11
7 11 37 47 15 5 7 21 22 38 30 37 37 37 38 14
15 21 25 29 17 21 27 30 30 21 17 17 31 43 29 28
29 29 14 23 29 14 20 30 17 29 29 4 14 50 29 30
20 19 23 14 28 15 63 48 63 23 28 14 25 16 14 7
20 4 4 7 30 27 19 29 17 48 48 48 51 23 48 19
43 20 51 15 30 35 11 20 11 15 23 57 7 28 48 51
20 48 17 48 47 15 21 51 15 15 15 15 25 21 21 13
21 16 7 15 21 15 20 52 29 21 21 23 16 15 20 21
