1 0 0 0 1 0 1 0 1 0 1 0 0 0 1 1
0 1 1 0 1 0 1 1 1 1 0 0 1 0 1 1
1 1 1 1 0 1 1 0 1 0 1 0 0 0 0 0
1 1 1 0 1 1 0 0 0 1 1 1 0 0 0 0
0 1 0 0 0 0 0 1 0 1 1 1 1 0 1 0
0 1 0 0 0 0 1 1 1 0 1 0 0 0 1 1
1 0 1 1 1 1 0 1 1 1 0 1 1 0 0 1
0 0 1 0 0 0 1 0 0 1 0 1 0 1 1 0
1 0 1 1 0 1 1 0 0 0 1 1 0 0 0 0
1 1 0 1 0 1 0 0 0 0 0 1 0 1 0 0
1 0 1 1 0 0 0 1 0 0 0 1 0 0 0 0
0 0 0 1 0 0 1 1 1 0 1 0 0 1 1 1
0 1 1 0 1 0 0 0 1 1 1 1 0 0 0 0
0 1 1 0 1 0 0 0 0 1 0 1 0 0 1 1
0 0 0 1 0 0 1 0 0 0 0 0 0 1 1 1
1 1 0 1 1 1 1 1 1 1 1 1 1 1 1 0
24 60 38 23 59 17 16 5 51 11 16 23 19 42 45 24
48 37 4 42 16 44 35 4 4 20 21 21 28 40 45 47
4 43 53 26 38 55 8 46 59 62 41 38 58 36 48 13
8 10 24 40 59 53 50 25 25 22 30 63 58 3 21 23
38 49 15 42 13 44 46 39 48 57 8 6 49 21 14 60
44 61 58 56 27 29 41 10 28 44 14 46 17 40 39 47
16 9 20 35 35 53 25 8 55 28 36 22 30 38 3 24
5 54 63 11 58 13 20 23 17 26 52 14 27 8 12 31
57 40 43 18 36 57 22 3 38 38 30 16 50 38 38 7
61 8 7 49 56 39 62 13 9 9 48 4 56 43 60 9
51 40 45 41 42 58 5 10 44 54 58 20 13 44 58 27
58 13 44 24 58 15 63 51 63 60 57 36 25 45 63 45
15 47 47 19 51 27 19 19 51 30 14 55 38 54 15 19
54 16 51 54 30 54 54 54 54 8 54 51 7 54 8 51
50 54 7 8 7 7 8 7 7 7 7 7 7 63 8 37
8 8 7 8 8 37 8 37 8 37 37 37 37 8 51 46
