0 0 0 0 0 0 0 1 1 0 1 1 1 1 0 0
1 1 1 1 1 1 0 0 1 1 1 1 1 0 1 1
0 0 0 0 0 1 1 0 1 1 0 1 0 0 1 1
1 0 1 1 0 1 0 1 0 1 1 1 0 0 1 0
1 1 1 0 1 1 0 0 0 0 0 1 0 1 1 1
1 0 0 1 0 0 0 1 1 1 1 0 1 0 0 0
1 0 1 1 0 0 0 1 1 1 1 0 0 0 0 1
0 0 1 0 1 0 0 0 1 1 1 0 0 0 1 0
0 0 0 1 1 0 0 1 1 0 1 1 0 1 0 0
0 1 1 0 0 0 1 1 0 0 1 0 1 1 1 0
1 0 1 1 0 1 1 1 1 1 1 1 1 1 1 1
1 1 1 0 1 0 0 0 1 1 1 0 1 0 1 0
0 1 0 1 1 0 0 0 0 0 0 0 1 0 1 0
1 1 0 0 0 1 0 0 0 1 0 0 0 0 0 0
0 0 0 0 0 0 0 1 0 1 1 0 1 0 0 0
0 0 0 1 1 0 0 0 1 1 1 1 1 1 1 1
27 31 9 23 15 9 15 22 22 23 28 4 26 8 23 31
61 55 59 47 57 63 50 38 45 39 37 41 61 40 57 61
31 25 17 7 13 20 24 9 26 4 25 14 29 13 26 10
43 50 45 39 58 61 48 61 54 47 35 35 48 40 59 44
26 22 4 31 24 20 21 3 9 27 21 30 31 28 16 26
37 60 58 47 60 56 40 61 63 51 57 54 57 60 50 60
14 5 20 8 27 25 17 12 14 14 20 29 9 15 11 12
9 52 8 13 24 23 62 27 22 10 12 54 15 11 12 48
38 40 25 61 22 46 7 18 10 7 4 20 19 28 29 3
5 24 8 21 13 11 10 16 5 31 20 11 16 20 14 19
57 62 41 47 60 35 49 45 16 16 16 37 41 47 35 45
41 41 49 62 41 58 36 48 63 37 35 36 47 40 63 36
15 22 25 53 30 21 3 21 60 15 7 9 10 15 12 23
10 16 15 15 7 24 11 11 11 8 54 19 11 27 60 60
50 50 50 36 29 29 46 43 56 14 43 54 49 56 54 38
38 46 21 59 57 38 46 60 41 41 37 37 37 37 37 37
