1 0 0 0 1 0 1 0 1 0 1 0 0 0 1 1
0 1 1 0 1 0 1 1 1 1 0 0 1 0 1 1
1 1 1 1 0 1 1 0 1 0 1 0 0 0 0 0
1 1 1 0 1 1 0 0 0 1 1 1 0 0 0 0
1 0 1 0 0 0 1 1 0 0 1 0 0 0 0 1
0 0 1 1 0 0 1 1 0 0 0 0 0 1 0 1
0 1 0 0 0 1 1 1 0 1 0 1 1 1 1 1
0 0 0 0 0 0 0 1 0 0 0 1 0 0 0 1
0 1 1 1 0 1 1 0 1 0 0 0 1 0 0 0
0 0 1 1 0 0 0 0 1 1 0 1 0 1 0 1
1 1 1 0 1 1 1 1 0 1 0 0 0 0 1 1
0 1 1 0 1 1 1 1 1 1 0 1 1 0 0 1
1 0 1 0 0 0 1 0 0 0 1 1 0 0 1 1
0 0 0 0 0 0 0 0 0 0 0 0 1 1 1 0
1 1 0 1 1 0 0 0 0 0 1 1 1 1 0 1
0 1 0 0 0 0 0 0 0 1 1 0 1 1 1 1
24 60 38 23 59 17 16 5 51 11 16 23 19 42 45 24
48 37 4 42 16 44 35 4 4 20 21 21 28 40 45 47
4 43 53 26 38 55 8 46 59 62 41 38 58 36 48 13
8 10 24 40 59 53 50 25 25 22 30 63 58 3 21 23
6 42 49 13 15 46 57 8 29 44 49 48 21 44 60 61
44 58 63 14 56 23 28 14 46 25 17 40 40 28 54 28
44 28 44 23 60 12 59 47 38 12 46 24 51 8 59 22
9 25 27 52 11 58 38 47 56 7 46 39 19 29 54 24
31 43 57 18 62 30 51 17 22 9 44 11 37 54 42 50
3 25 24 63 13 21 27 36 35 14 7 20 48 43 60 30
8 57 16 23 49 8 49 30 38 37 5 50 9 21 16 8
62 16 16 62 10 16 41 51 14 14 25 14 61 13 58 45
20 25 47 13 40 27 10 58 60 58 24 12 42 58 12 12
13 44 13 15 58 58 15 15 11 15 56 36 47 57 47 36
41 47 17 47 47 19 19 60 19 54 37 47 37 63 19 59
56 37 54 15 19 46 54 54 46 51 16 54 8 8 51 8
