1 0 0 1 0 0 1 0 1 0 1 1 1 0 1 1
1 0 0 1 0 1 1 1 1 1 1 1 0 0 0 1
1 1 0 1 1 1 0 1 0 0 0 1 0 0 1 1
0 1 0 1 1 0 1 1 1 1 1 1 1 1 0 0
0 1 1 0 0 0 0 1 1 1 0 0 1 0 0 1
0 1 0 0 1 1 1 1 1 1 0 0 0 0 0 1
1 0 0 0 1 0 0 0 0 1 1 0 1 0 1 1
0 1 0 1 0 1 0 1 0 0 1 1 0 1 0 1
1 0 1 0 1 1 0 1 0 1 0 1 1 0 0 0
0 1 0 0 0 0 0 1 1 1 1 1 0 1 0 0
0 1 0 1 1 1 1 0 0 1 0 0 0 0 0 0
1 1 0 0 1 0 0 1 1 0 1 1 1 1 1 1
1 0 0 0 0 0 0 1 0 0 1 1 0 0 1 0
0 1 1 1 0 1 0 0 1 1 1 1 1 1 1 1
0 1 1 1 1 0 0 0 0 1 1 0 0 1 1 1
1 0 0 0 1 0 1 0 1 1 1 1 0 1 0 0
18 11 15 28 23 21 12 21 28 7 24 26 28 11 10 30
24 7 19 4 3 8 30 16 20 18 18 24 21 31 27 30
6 20 17 6 20 14 19 10 25 19 29 14 7 9 14 20
7 20 7 16 22 7 4 10 26 18 4 26 18 18 21 29
5 28 28 5 11 13 31 30 14 16 15 3 6 29 25 61
23 45 9 17 20 22 12 10 4 26 29 29 5 5 15 18
55 36 7 27 16 9 9 3 21 28 20 29 14 7 30 30
29 26 54 14 5 57 42 24 7 15 24 6 19 30 60 10
16 23 22 3 12 47 58 8 13 8 25 10 26 29 23 50
17 55 3 46 13 11 27 10 20 16 59 20 31 63 60 52
29 47 62 55 35 37 49 15 38 18 36 54 15 38 48 36
8 53 23 42 53 46 56 51 8 50 45 47 41 63 63 28
37 50 50 50 40 50 54 45 50 54 49 55 42 54 39 52
38 63 10 37 62 10 38 62 61 20 30 57 16 16 16 10
5 22 22 20 20 15 7 5 7 59 43 36 42 8 61 22
49 7 7 15 20 42 59 17 61 24 8 61 7 8 31 7
