1 1 1 1 0 0 1 0 1 1 0 1 0 1 1 0
1 1 0 0 1 0 1 1 0 1 1 1 1 0 1 0
0 0 1 1 1 0 0 1 0 0 1 0 1 1 1 0
0 1 1 0 1 0 1 1 0 1 1 0 0 0 0 1
0 0 0 0 0 0 0 1 1 0 0 0 0 0 0 0
0 0 1 0 0 1 0 1 0 1 0 0 0 1 1 1
0 1 0 0 0 0 0 1 0 0 0 1 0 0 1 0
0 1 0 1 0 1 1 0 1 0 1 1 0 1 1 0
0 1 1 0 1 0 1 0 1 0 1 0 1 1 0 0
1 0 0 0 1 0 0 1 1 0 0 0 0 1 0 1
1 1 1 0 0 1 1 1 1 1 1 1 0 0 1 0
0 1 1 1 0 0 0 0 1 0 0 0 0 0 1 0
0 0 1 0 1 0 1 0 1 0 0 0 1 0 0 0
0 1 1 0 1 1 0 1 0 0 1 1 0 1 0 0
0 0 0 0 1 0 1 0 0 0 1 0 0 1 0 0
1 1 0 0 0 0 1 0 0 1 0 0 1 0 0 0
22 35 35 20 3 44 28 11 59 57 38 24 36 24 47 25
12 6 7 56 20 29 14 57 60 10 51 6 45 62 63 54
27 3 55 55 35 17 17 6 23 44 55 31 55 8 63 5
23 41 57 44 47 29 55 55 31 55 8 3 3 31 21 47
17 31 29 3 31 31 27 55 55 44 15 31 13 31 31 3
13 15 30 3 42 39 58 39 50 24 58 50 52 49 10 24
11 24 42 42 42 42 7 28 38 7 44 30 11 38 30 38
38 41 38 37 21 37 20 36 30 56 20 57 15 30 20 48
29 35 57 29 30 40 47 40 28 23 30 11 20 47 42 23
47 23 7 29 51 11 48 47 43 23 42 42 23 43 60 37
37 37 37 15 17 20 57 30 37 37 37 37 15 21 37 21
15 20 12 20 15 15 36 7 63 23 7 7 15 48 63 7
15 48 43 7 51 15 51 21 51 48 21 21 16 7 44 52
7 16 51 15 30 16 11 20 11 40 20 57 7 28 15 44
15 48 17 48 47 15 4 23 15 15 16 15 15 63 50 38
49 16 7 15 48 15 20 52 52 16 23 23 16 52 23 19
