0 0 0 0 1 1 0 0 0 1 1 1 1 1 1 0
0 1 0 1 1 1 1 1 0 1 1 0 0 1 0 1
0 0 0 1 0 0 0 1 0 1 0 0 1 0 1 0
0 1 1 0 1 0 1 1 1 1 0 0 0 1 1 1
1 0 0 1 0 1 0 0 0 0 0 1 0 0 1 1
0 0 0 0 0 0 0 1 0 1 1 0 0 0 1 0
1 0 1 0 0 1 1 0 1 0 1 1 1 1 0 1
0 1 1 1 1 1 1 1 1 0 1 0 0 1 0 1
1 1 1 1 1 1 1 1 1 0 0 1 1 0 0 0
0 0 1 1 0 1 1 0 1 0 0 0 1 1 0 0
0 1 1 0 1 0 0 1 1 0 0 1 0 0 0 0
0 0 0 0 1 0 1 1 1 0 0 1 1 0 0 0
0 1 1 0 0 0 0 1 1 0 1 1 1 1 1 1
1 0 1 1 1 1 1 1 0 1 1 0 0 0 1 0
0 1 0 1 1 1 1 1 0 0 1 1 0 0 0 0
1 1 1 0 0 1 1 0 1 1 0 1 0 1 0 0
54 11 58 13 37 59 27 31 27 35 59 16 28 39 14 25
7 45 58 30 45 8 14 20 3 37 51 40 52 10 60 30
17 42 40 61 52 52 52 30 17 49 56 42 26 62 63 44
42 18 24 40 47 52 24 63 35 24 27 27 27 57 28 57
63 60 9 57 9 51 7 7 11 58 3 51 54 29 14 14
27 7 56 58 60 31 58 51 40 12 51 11 11 42 39 42
43 11 20 56 42 61 41 52 20 56 20 18 49 43 56 49
42 35 43 49 20 4 53 49 53 56 53 54 15 49 54 49
53 53 18 18 53 30 57 53 22 54 15 4 22 15 38 15
15 54 18 35 15 4 53 50 4 15 42 42 37 43 60 5
15 6 37 15 4 7 5 4 37 54 5 4 5 21 40 27
5 40 23 42 43 23 63 4 4 23 44 4 4 40 5 7
15 4 43 7 40 27 40 35 43 44 4 35 35 35 12 12
35 44 51 4 30 35 12 35 11 8 4 5 7 31 35 44
5 8 17 47 47 4 4 43 44 52 43 47 40 44 19 5
49 8 53 15 44 47 53 52 47 43 40 43 40 8 40 40
