6 1 7 4 0 3 5 6 0 7 5 1 7 2 7 6
4 4 5 6 3 5 4 0 2 0 5 2 0 6 0 4
6 7 7 5 0 5 0 1 3 2 1 6 0 5 5 4
6 6 1 6 3 0 6 3 7 2 4 1 7 6 4 0
4 3 1 3 5 0 5 1 2 6 3 3 2 1 7 6
6 2 6 6 7 4 7 7 6 3 0 7 0 2 7 2
7 6 3 6 7 6 5 1 6 0 2 4 1 4 2 6
7 4 0 7 7 4 0 3 1 3 6 6 5 0 4 1
2 1 1 6 7 2 0 2 7 4 6 1 3 3 7 3
0 4 4 4 1 0 3 0 6 6 7 7 7 4 3 2
3 2 6 1 2 6 4 7 4 0 6 3 2 5 3 2
1 3 5 3 3 4 0 0 6 4 1 4 5 1 2 5
6 7 2 5 5 0 3 0 1 2 2 3 6 7 7 7
7 6 5 2 2 7 2 6 1 7 1 2 5 3 3 5
6 2 5 3 2 7 7 3 1 0 1 3 3 0 1 2
3 7 6 2 4 5 0 1 3 7 4 6 1 0 2 6
54 14 60 35 5 29 45 52 7 62 42 14 58 22 62 50
35 37 43 52 30 43 37 5 20 6 44 19 7 50 6 35
53 61 60 46 7 42 7 11 26 19 11 55 5 45 42 39
54 50 12 54 28 6 55 30 61 21 35 15 60 53 34 4
38 31 11 26 44 5 42 12 22 53 31 31 20 12 60 54
52 23 51 53 59 38 63 58 54 26 6 63 7 20 59 19
62 54 30 50 62 55 47 12 51 5 18 37 15 38 22 54
60 36 3 63 62 37 5 30 13 28 55 53 47 7 38 12
22 11 13 54 59 22 4 23 60 35 50 12 30 31 59 26
7 39 37 34 15 3 29 5 54 52 60 58 63 36 31 22
30 21 50 13 21 52 38 60 34 5 53 29 23 46 27 20
15 28 46 27 30 36 7 5 51 39 15 35 43 14 23 43
50 60 18 43 46 4 27 6 13 21 23 29 53 61 59 63
58 55 47 21 23 58 21 54 15 63 14 18 47 29 26 44
52 19 46 28 21 58 61 31 12 3 14 28 26 5 14 20
26 59 51 23 35 47 7 12 27 58 35 50 11 3 21 50
