4 6 2 0 6 7 3 1 2 5 3 6 7 5 2 3
7 6 0 2 3 6 3 5 6 0 0 5 2 6 7 3
0 3 0 1 2 6 5 6 7 5 3 4 0 7 4 6
6 1 7 4 6 0 4 3 0 6 7 2 2 2 6 7
3 3 4 5 2 4 4 0 3 7 6 3 5 3 5 5
3 7 4 7 3 6 3 4 1 0 6 6 1 7 1 2
1 1 7 1 7 1 7 4 7 4 4 4 7 4 2 4
4 3 3 1 3 1 0 5 5 0 6 2 3 5 0 7
6 7 3 4 0 3 5 4 5 5 1 2 0 5 3 2
1 6 6 6 3 6 2 0 2 1 3 5 5 6 6 4
0 6 4 6 3 2 2 3 3 0 3 0 6 1 1 7
1 7 4 5 2 1 3 4 2 0 6 3 7 7 3 7
5 4 4 3 4 6 5 0 2 3 4 2 5 3 6 3
6 5 1 1 0 1 6 5 2 5 4 1 0 6 1 5
6 2 5 0 1 0 5 7 2 2 6 6 2 2 4 0
6 7 5 3 1 5 3 1 3 4 2 6 3 1 5 3
36 52 19 4 55 63 28 14 22 45 31 54 58 47 19 27
58 51 7 22 27 54 28 45 52 4 3 45 22 51 59 26
7 31 5 12 22 55 46 53 59 44 31 39 3 60 35 54
50 12 62 34 52 4 35 27 7 52 61 20 20 18 51 60
27 26 37 45 18 37 39 4 31 62 55 29 44 28 42 43
31 61 35 63 28 55 30 35 14 5 52 54 12 60 15 19
11 14 63 13 58 11 60 35 62 37 38 35 60 38 22 39
39 28 30 15 28 12 4 46 46 5 53 18 26 42 6 63
54 59 27 39 4 26 42 34 44 43 15 19 7 46 29 20
11 54 51 55 26 50 22 4 22 11 30 44 46 51 53 36
6 54 39 54 26 20 19 31 28 6 30 7 52 15 15 62
15 60 38 45 20 11 29 37 20 3 54 29 60 62 28 61
43 37 37 29 36 54 46 6 18 30 38 23 47 31 50 26
54 42 11 13 6 15 53 45 19 47 37 15 6 51 12 42
52 21 46 5 11 5 45 61 23 22 52 53 22 19 39 6
54 58 46 30 12 44 30 13 26 37 19 55 28 15 45 29
