7 2 0 1 2 4 4 6 4 5 7 5 2 6 4 6
6 5 2 7 5 0 1 2 6 0 1 1 3 0 4 6
7 0 6 3 6 2 6 6 3 1 7 2 6 7 4 5
0 6 3 1 0 5 7 7 3 0 2 7 4 5 0 2
3 3 5 2 4 5 5 0 3 2 1 5 4 1 7 0
7 4 6 5 4 3 5 3 2 5 5 1 4 4 5 3
5 1 1 5 0 7 6 1 3 0 3 3 4 3 1 5
2 7 1 4 7 1 7 1 3 3 0 6 3 4 7 2
1 0 5 4 7 3 0 1 4 0 5 5 2 1 5 0
3 3 0 5 5 7 6 1 2 7 5 7 7 1 2 7
7 1 5 3 5 3 1 7 0 4 6 4 5 2 5 7
1 6 7 6 0 0 0 6 3 3 1 6 1 5 5 6
3 7 3 4 5 1 0 3 4 4 1 5 0 2 0 3
7 5 4 1 6 5 7 5 1 3 0 7 5 3 6 1
3 1 0 5 7 0 1 4 7 6 0 2 0 1 2 7
4 3 4 2 7 4 7 6 2 6 4 3 1 7 2 6
60 20 7 14 22 35 39 52 38 44 61 43 18 52 36 51
55 47 23 59 45 3 11 23 54 4 14 14 27 5 38 54
62 5 50 28 53 18 51 50 26 15 58 22 55 59 36 47
4 52 27 15 5 45 63 58 30 5 22 63 38 45 5 19
31 31 47 23 38 45 44 4 29 21 13 45 39 11 61 3
59 39 55 46 37 30 46 29 18 43 43 14 34 34 47 28
44 13 12 44 3 58 53 15 26 5 30 28 39 28 14 45
23 58 11 36 63 15 63 13 27 31 3 52 27 35 59 20
14 4 43 38 60 28 3 11 39 7 44 47 18 14 47 5
31 29 6 44 46 63 51 14 21 59 42 63 61 14 22 58
63 11 44 29 45 29 14 63 5 34 55 34 47 18 44 59
12 53 63 50 6 3 7 55 27 27 15 55 14 46 42 55
31 61 27 38 42 13 3 31 39 34 15 47 5 18 6 27
61 44 36 11 52 45 60 44 11 29 5 62 43 29 54 11
26 13 3 43 62 6 12 39 63 52 4 20 6 15 22 59
38 28 35 20 62 37 62 50 19 53 37 29 11 60 23 52
