3 6 7 2 6 6 0 4 0 7 0 5 2 6 0 3
4 6 0 4 0 6 3 6 0 4 6 0 3 2 7 2
1 3 5 4 1 6 1 0 5 7 7 2 4 7 4 5
6 6 1 0 6 7 6 4 1 2 6 2 0 1 3 0
6 2 2 0 6 6 3 4 0 7 5 2 6 7 2 1
7 4 5 1 3 3 6 7 7 7 4 5 5 2 7 1
1 7 2 3 5 4 1 3 3 6 6 7 2 5 2 0
6 5 5 2 6 2 0 4 3 0 0 6 0 5 3 6
7 1 7 1 3 0 2 1 2 5 0 3 6 5 2 5
7 1 7 6 4 3 7 6 5 6 3 1 5 2 1 0
6 6 6 6 6 3 3 3 1 7 0 1 2 1 7 2
7 0 6 4 2 3 7 5 4 7 3 5 0 5 7 4
6 5 4 1 0 2 4 6 1 3 4 0 4 1 1 7
6 6 2 4 7 2 3 2 5 4 2 6 5 5 3 4
5 0 2 0 5 0 4 2 6 0 3 1 0 2 1 6
5 6 5 7 5 3 7 7 1 7 1 0 2 1 7 2
29 51 60 21 51 51 5 34 7 60 3 43 18 50 6 27
37 52 5 38 5 50 29 52 4 39 53 6 28 19 59 20
11 26 43 39 12 52 14 7 46 59 59 23 37 61 37 46
55 53 12 4 51 62 54 39 11 21 53 21 5 11 31 4
51 21 18 4 54 54 26 34 3 61 44 23 53 59 21 11
63 39 43 13 29 30 53 58 60 59 39 42 42 21 59 13
12 58 22 30 43 35 15 31 26 51 54 58 21 47 20 6
50 44 46 23 50 18 4 34 28 4 6 55 7 47 31 51
59 15 61 11 30 3 23 15 21 42 7 31 54 43 21 44
61 14 61 54 39 26 63 52 47 54 30 14 45 19 15 4
55 55 51 54 52 29 30 27 11 62 6 12 20 14 59 19
60 4 52 37 19 28 58 42 34 63 27 42 4 42 63 37
54 42 39 14 6 21 39 54 15 31 39 7 37 11 14 58
55 51 21 36 60 19 26 21 45 36 19 50 42 46 29 37
46 4 23 3 42 7 35 21 50 7 31 15 7 20 12 50
45 54 45 58 46 28 62 61 15 63 11 3 19 14 60 19
