5 1 2 4 4 1 3 2 2 6 3 4 1 2 0 1
7 2 0 5 4 0 4 0 3 0 4 7 7 1 4 0
5 0 6 6 3 2 5 2 1 7 1 1 6 4 4 7
1 3 3 6 7 1 5 4 6 7 7 4 3 6 4 3
7 5 6 2 3 4 4 7 5 7 7 6 5 1 4 5
1 5 0 4 0 4 3 7 5 1 6 7 3 7 3 6
2 0 0 1 7 0 0 3 5 1 0 5 4 6 0 0
0 4 3 0 4 6 5 3 6 7 5 6 5 7 5 0
6 5 4 1 2 6 6 0 4 3 2 1 1 3 0 5
0 3 0 5 3 4 0 1 6 7 0 2 7 1 7 7
7 3 5 5 1 1 4 2 7 4 2 4 5 5 1 1
4 2 0 1 7 2 7 5 5 5 3 4 6 6 2 2
0 2 1 5 2 7 0 6 3 6 2 7 5 6 4 5
5 1 1 2 3 0 3 0 4 3 7 2 5 5 3 2
5 3 2 1 0 4 0 3 4 7 2 6 5 6 3 0
7 5 6 5 7 6 4 1 0 6 1 0 4 7 3 7
47 12 19 35 39 13 31 21 22 52 27 35 15 23 3 12
60 22 4 43 36 6 37 7 26 6 38 62 61 12 34 5
47 6 53 51 28 22 47 22 12 61 11 11 50 36 39 60
15 29 27 53 59 13 47 39 55 63 62 37 28 53 34 31
60 46 53 20 29 35 38 62 47 62 62 50 47 15 34 42
11 45 7 39 6 36 30 62 47 13 53 59 27 62 31 53
18 4 4 15 60 7 6 31 44 14 4 46 35 50 6 7
4 37 30 4 36 51 46 31 53 61 43 52 45 60 43 7
55 43 39 11 23 55 52 5 38 31 22 14 15 31 7 46
3 26 6 45 27 36 5 15 53 62 6 23 61 14 58 59
61 27 43 43 14 12 37 20 62 34 23 38 46 42 12 15
39 22 5 15 59 20 58 46 43 47 27 37 50 52 21 19
4 19 12 45 18 58 7 51 28 53 20 60 44 51 34 46
42 15 12 23 28 6 29 5 34 30 58 20 42 44 26 18
43 30 23 11 5 39 6 27 35 62 21 53 47 53 31 7
61 42 54 47 62 55 38 12 5 53 11 5 37 58 28 58
