6 5 4 3 4 1 3 0 2 6 4 3 5 4 0 4
0 7 7 3 5 4 1 0 6 7 3 7 7 1 6 3
6 7 4 3 2 2 5 7 6 7 3 6 1 2 5 4
1 0 2 2 2 3 7 5 0 5 2 7 4 2 3 5
6 2 5 5 2 7 4 7 7 6 6 4 5 3 4 6
4 2 2 0 7 3 5 5 2 3 0 4 0 6 6 0
6 5 6 1 6 7 3 6 2 1 7 4 0 5 1 6
0 2 1 3 3 5 4 3 3 6 4 5 1 7 2 1
1 6 7 4 3 0 1 2 2 1 4 6 0 5 4 1
1 4 7 3 1 0 2 3 2 3 1 0 2 4 7 7
2 1 3 2 7 3 1 5 0 7 2 3 2 4 2 2
0 4 3 3 4 5 0 2 2 3 7 1 0 4 6 5
3 7 6 7 4 3 3 6 2 3 3 7 3 5 3 2
3 1 7 2 1 1 6 2 0 5 2 7 6 2 3 7
4 2 3 1 1 1 1 7 5 6 5 6 3 2 7 7
1 1 2 3 4 1 2 4 3 5 3 7 3 2 2 5
52 42 35 30 38 14 27 7 23 54 36 26 46 35 4 38
7 62 59 28 47 39 14 5 50 61 29 62 58 14 51 30
52 58 35 30 19 20 43 58 55 58 27 55 15 21 42 36
11 6 20 23 20 31 63 45 6 45 23 62 35 18 30 47
52 23 43 43 22 63 34 59 61 52 51 38 44 27 39 50
36 18 20 5 63 30 43 45 20 29 5 34 6 50 51 7
51 45 52 15 55 62 28 55 20 11 58 34 3 43 14 53
4 22 12 30 29 44 35 27 29 53 37 43 12 63 23 13
15 53 63 36 30 6 13 22 19 15 35 50 6 46 34 12
14 38 62 29 11 6 18 30 22 29 15 4 23 39 58 59
19 13 30 23 59 28 12 46 5 58 18 29 23 38 23 21
3 34 27 31 36 45 4 22 19 28 58 13 3 36 55 46
31 61 55 62 37 31 30 54 23 26 27 59 26 44 27 19
26 14 60 18 13 14 51 19 6 47 23 59 53 23 28 60
36 18 31 11 12 12 13 59 43 54 44 52 29 22 58 63
11 11 18 26 35 11 21 36 27 44 30 61 28 19 19 45
