6 3 3 0 5 7 0 6 0 0 0 0 5 0 1 6
6 0 5 6 3 1 2 4 1 0 7 2 1 0 3 7
7 1 7 3 4 7 5 0 3 4 1 1 2 4 2 6
5 1 2 2 2 7 7 4 1 5 3 2 7 6 1 5
7 5 5 4 4 1 4 4 0 3 6 3 1 6 5 5
7 4 5 7 1 6 0 4 5 0 6 2 1 1 0 5
6 2 0 3 2 4 3 1 3 2 3 4 7 0 3 1
2 0 7 5 1 0 1 6 7 0 4 3 0 5 7 2
0 5 7 0 7 3 5 3 7 6 7 2 5 7 2 7
1 6 0 4 1 0 7 5 7 4 5 3 0 3 1 4
1 7 5 1 4 5 6 6 3 6 2 3 5 0 4 5
6 5 6 0 5 3 2 0 0 6 1 7 5 7 5 6
6 1 6 3 1 4 7 6 2 1 1 2 5 3 4 1
5 5 7 3 0 4 2 3 1 3 5 7 7 7 3 3
5 4 1 0 5 3 3 3 0 2 6 7 0 0 1 6
2 4 3 0 6 7 6 7 2 5 5 5 7 4 4 5
51 31 29 5 43 63 4 52 6 3 7 4 43 5 11 53
52 6 43 50 27 15 18 35 13 3 62 20 11 4 31 63
60 11 63 28 34 63 43 5 27 35 13 15 21 36 23 54
42 12 19 22 18 63 60 34 14 43 29 19 59 50 13 44
62 45 42 39 37 14 39 39 7 29 55 28 12 50 44 44
62 35 47 61 11 53 6 35 46 5 54 19 12 15 6 44
51 18 3 31 21 37 28 12 31 20 31 38 58 4 31 15
21 4 62 44 15 5 14 50 63 4 39 26 5 42 60 18
5 42 61 5 62 29 42 27 63 52 60 22 43 60 18 61
11 54 5 37 13 6 58 42 59 34 45 28 7 30 14 34
15 58 44 13 35 44 55 55 28 55 18 29 42 6 38 45
50 45 53 5 43 29 22 3 7 51 12 61 43 63 42 53
50 13 53 29 15 37 61 51 22 11 12 18 45 28 35 12
42 46 59 26 7 35 19 29 13 30 42 62 63 58 27 29
43 36 14 4 44 29 31 30 3 19 52 61 3 6 13 52
23 38 26 7 53 60 51 60 21 46 42 46 61 35 38 45
