5 0 1 1 2 2 6 7 7 2 1 3 7 1 2 1
6 0 4 3 2 7 5 6 2 3 3 6 0 6 0 2
7 5 6 7 7 4 0 3 7 1 5 3 6 6 0 2
7 4 3 3 0 3 1 6 6 4 2 3 1 5 5 5
5 0 6 7 0 7 0 4 0 2 5 7 0 1 2 6
0 5 0 0 0 1 3 7 0 1 0 4 1 2 7 0
5 4 2 1 6 7 7 6 0 0 2 2 6 6 5 1
3 4 5 1 2 1 1 6 7 7 6 2 3 2 3 2
0 7 4 3 4 1 0 2 4 1 2 4 7 5 3 4
0 3 0 3 2 6 6 7 4 0 7 5 2 1 5 4
4 0 1 0 1 5 6 2 2 6 0 4 4 7 4 3
4 4 0 3 4 3 6 5 2 0 1 4 5 5 5 4
2 2 4 5 0 1 7 4 2 0 7 1 2 6 4 2
2 7 1 7 0 5 3 0 6 6 6 3 5 4 3 2
2 4 4 3 0 4 7 2 3 0 2 1 7 1 1 5
3 1 1 7 4 4 2 5 7 4 1 4 1 7 6 2
42 5 14 15 21 18 55 59 60 23 15 27 63 15 22 13
50 7 35 30 18 59 43 52 20 28 31 55 7 51 5 19
60 42 51 59 62 38 6 29 60 14 45 27 51 54 4 23
60 34 27 26 7 28 15 53 54 38 22 29 11 43 47 44
46 7 55 59 5 60 6 35 5 18 44 60 3 15 22 54
4 45 6 3 6 12 29 59 7 14 7 39 14 21 62 3
46 34 22 13 51 58 59 52 5 3 23 23 54 55 44 14
28 39 47 15 23 12 11 54 61 60 55 22 29 18 29 21
6 58 34 31 35 14 5 19 39 15 21 34 62 44 31 35
7 29 3 29 18 50 53 60 36 6 59 44 23 15 47 39
35 6 14 5 15 44 50 22 21 55 3 39 37 62 34 26
38 34 6 30 36 29 51 47 20 4 13 35 42 43 43 37
22 21 38 43 4 13 63 35 18 6 61 11 19 55 38 18
18 61 13 62 5 46 27 5 50 52 50 29 42 35 27 20
21 39 38 29 7 36 61 21 28 3 20 11 58 13 15 42
28 12 15 58 39 36 18 42 59 38 13 34 13 61 55 20
