1 5 0 4 1 6 7 7 3 3 0 1 1 3 4 0
5 1 4 0 2 0 6 6 3 4 5 6 4 6 3 7
1 0 3 4 4 7 4 3 4 7 2 6 6 0 1 6
4 1 0 0 4 1 0 6 3 2 1 0 1 7 4 4
3 4 5 3 4 7 0 6 6 4 2 3 5 5 0 7
7 1 0 4 5 6 2 2 2 6 6 6 3 7 1 6
1 2 7 1 4 7 2 2 6 5 2 3 6 1 2 6
2 1 0 6 2 2 2 5 3 2 6 3 4 1 4 1
7 4 4 4 3 1 7 4 0 6 1 1 4 1 6 2
4 4 3 6 2 2 6 0 1 2 2 2 3 4 1 6
0 3 5 3 4 0 6 6 0 5 3 3 3 3 0 5
6 3 1 6 0 2 0 4 4 5 5 2 3 0 2 6
1 4 2 2 5 2 4 7 5 6 1 3 4 6 7 2
6 7 0 7 3 0 7 5 2 1 5 1 2 0 0 4
0 0 5 0 7 3 4 7 7 0 7 7 5 0 0 5
4 0 7 0 5 3 3 4 1 4 0 5 3 3 2 6
11 43 7 38 12 52 61 58 29 27 4 12 14 26 36 5
47 14 39 5 23 4 51 55 27 38 46 51 39 55 30 58
12 4 30 36 39 63 37 30 35 61 18 51 53 3 13 55
38 13 6 4 39 14 5 53 27 23 15 5 14 61 35 34
26 34 42 27 34 59 6 51 54 34 22 31 44 46 4 61
58 12 5 36 46 55 23 21 22 54 54 54 31 61 13 52
13 21 63 13 39 58 19 19 51 47 22 30 54 14 21 53
19 12 3 52 20 18 20 42 30 20 50 29 37 14 39 13
62 35 36 36 31 15 62 38 5 55 13 12 37 11 55 22
39 37 27 55 20 22 55 7 14 21 23 22 27 36 11 52
7 31 45 30 38 5 51 52 3 46 28 28 30 26 5 43
53 31 11 55 4 18 7 35 38 47 44 21 27 5 23 51
15 38 20 19 44 20 38 58 42 53 13 30 36 54 60 20
54 63 3 60 30 5 62 42 20 11 43 14 20 5 7 38
5 4 46 3 60 27 36 60 60 4 61 62 43 4 4 47
34 3 63 6 47 29 26 37 11 35 5 47 31 28 18 53
