1 5 4 1 7 2 4 6 3 7 7 2 1 1 3 7
2 6 0 5 1 0 7 1 4 4 4 3 6 1 7 3
1 2 4 7 5 3 6 4 5 4 0 7 3 2 6 0
0 7 7 4 3 4 3 0 4 1 7 5 4 5 7 0
6 5 2 2 5 7 2 7 2 3 2 3 5 1 4 7
6 4 3 2 5 5 7 4 3 5 3 6 4 1 2 6
6 5 6 5 7 3 7 0 2 6 6 7 5 0 7 6
4 4 1 7 1 1 6 2 4 7 3 1 0 6 5 7
3 5 4 6 5 7 0 3 1 7 6 1 6 3 7 0
0 5 7 4 1 1 6 2 2 7 1 0 3 4 1 5
6 1 7 0 2 5 4 4 2 5 3 6 4 0 4 7
0 3 1 0 7 1 5 1 4 4 3 4 2 6 0 0
7 7 1 0 2 7 5 3 3 3 5 7 1 3 1 4
0 0 3 7 3 1 7 6 2 4 4 1 6 6 0 1
0 1 0 4 7 1 2 7 7 4 1 6 1 6 1 5
5 1 6 0 6 4 6 6 2 4 1 7 2 0 5 2
15 43 34 12 61 20 34 55 29 58 58 20 11 13 29 60
22 53 3 45 14 4 61 13 37 34 34 26 50 13 61 27
14 22 36 60 42 28 55 36 42 39 4 59 26 21 53 4
5 62 59 37 29 37 29 7 39 13 63 43 35 47 61 6
55 43 18 18 43 60 18 61 21 26 23 26 44 14 34 62
55 37 27 22 47 45 58 38 26 43 29 52 34 13 18 51
51 45 52 43 61 30 62 4 20 53 50 62 45 6 60 52
36 35 12 58 14 12 53 21 36 59 29 14 3 55 47 58
29 47 37 55 43 63 5 30 11 62 51 13 50 31 61 6
7 44 58 38 13 14 50 19 21 63 14 4 28 35 14 43
52 15 62 7 20 45 36 39 23 42 29 53 38 5 39 63
5 28 11 7 60 11 45 13 34 36 27 38 22 50 4 3
60 63 12 4 20 61 46 28 29 31 46 62 15 28 14 38
5 5 26 58 29 14 61 54 18 38 38 11 53 52 5 13
3 12 6 37 58 13 20 62 61 36 11 50 14 50 11 45
43 11 53 5 52 34 55 55 19 34 13 62 22 4 47 18
