1 6 3 2 7 3 4 4 4 6 1 5 5 4 3 7
5 6 5 1 3 0 5 6 0 5 3 1 2 6 0 6
5 0 7 0 5 3 4 5 6 6 3 1 2 5 7 6
6 0 6 1 7 2 2 0 2 1 4 1 2 3 4 2
1 5 0 4 1 6 4 7 3 6 5 4 4 6 5 4
5 1 5 3 6 0 7 2 0 7 6 3 5 7 0 4
6 1 3 5 4 6 5 4 2 3 2 6 4 5 2 6
4 5 6 2 5 2 0 3 2 0 3 7 5 0 0 3
3 2 6 5 7 3 4 5 4 2 7 4 2 0 1 2
7 7 5 3 4 4 7 2 0 2 5 0 1 3 7 7
2 3 2 0 1 5 6 3 0 7 0 6 6 0 4 1
4 2 7 4 6 7 2 0 4 7 3 1 6 1 4 4
6 2 3 2 2 7 1 4 3 3 1 6 5 4 7 2
5 0 3 0 0 2 6 5 7 4 6 5 5 2 7 1
0 5 1 0 7 4 0 3 1 5 6 7 7 7 1 4
1 5 5 2 0 1 3 2 1 2 6 2 5 0 0 6
11 55 26 23 58 29 39 36 39 52 13 47 46 37 31 63
45 54 44 14 31 7 44 53 4 46 30 14 21 55 3 53
45 5 61 7 47 30 38 43 51 53 31 11 20 46 58 52
54 5 51 12 62 18 21 5 20 13 38 15 22 27 38 20
13 46 5 38 12 52 35 59 30 55 46 36 39 50 46 35
45 14 46 30 52 3 60 19 5 62 55 27 43 58 6 36
51 12 26 43 39 53 46 34 20 26 21 52 35 44 22 54
36 47 52 23 42 20 4 31 19 7 26 60 43 7 5 31
31 20 54 46 63 26 38 47 34 23 62 39 18 5 15 20
58 60 47 31 35 39 62 21 7 20 42 7 13 28 58 62
18 31 20 4 12 45 51 29 5 60 4 51 52 6 37 12
39 21 62 37 55 58 22 6 36 62 29 12 55 13 34 38
53 22 26 20 22 59 13 37 27 27 13 50 46 39 61 23
45 4 28 3 5 18 51 47 62 37 54 46 45 19 61 11
3 47 13 4 59 38 3 27 12 43 50 60 63 59 13 39
11 47 43 22 4 12 28 18 15 19 50 19 45 5 6 52
