5 0 7 2 2 5 6 2 3 7 0 3 3 1 6 4
5 4 6 7 6 6 2 6 0 1 4 2 1 3 1 1
6 4 1 5 1 1 6 5 0 7 4 2 5 1 7 6
0 5 0 5 1 1 3 0 5 1 4 3 6 7 2 0
3 1 2 5 1 4 4 3 2 7 5 1 3 7 7 1
1 0 7 2 5 4 4 7 5 2 2 3 7 3 5 0
1 2 3 1 1 5 5 5 2 7 2 3 2 4 6 5
2 6 7 7 5 4 6 1 3 5 7 4 7 4 2 1
1 4 7 2 4 6 7 5 4 3 0 7 7 4 2 5
0 6 1 3 7 5 7 1 3 2 6 3 5 6 2 6
1 1 1 3 3 3 0 0 5 5 1 7 3 2 7 3
2 1 5 4 4 7 4 5 3 6 4 7 2 4 5 4
4 2 3 5 5 0 5 4 3 0 4 0 5 4 2 5
1 4 5 7 2 4 3 0 5 6 4 7 7 5 4 6
3 6 7 7 2 1 5 4 0 3 4 7 3 3 2 7
5 5 1 1 7 4 1 4 4 7 7 6 2 2 5 0
45 4 62 18 22 44 54 18 30 61 7 29 27 15 51 38
46 35 53 62 53 53 18 55 6 15 39 20 13 30 15 13
55 35 15 42 15 13 50 45 7 58 35 22 44 12 59 50
3 42 6 47 11 15 29 7 43 15 39 26 50 62 19 7
27 11 22 47 12 39 39 31 20 61 47 15 28 59 58 12
12 4 60 19 46 38 38 62 44 20 20 27 60 28 46 5
11 22 28 14 11 43 45 47 20 58 23 30 22 39 54 47
22 55 62 59 47 37 53 15 29 43 60 36 59 38 22 13
11 34 58 21 35 53 60 43 36 28 3 62 63 36 23 45
5 52 13 26 62 42 59 12 28 18 53 28 47 55 22 55
12 11 15 29 30 26 5 6 42 43 12 61 26 23 58 30
20 15 47 37 37 59 37 44 31 55 36 63 19 39 45 38
37 20 27 46 43 6 43 38 30 4 34 3 43 38 18 47
15 38 45 62 19 37 28 5 47 53 36 60 63 46 37 50
31 52 60 60 21 11 42 39 3 28 35 59 26 26 20 58
43 43 15 11 62 37 14 37 37 59 63 55 23 23 43 5
