1 5 7 1 2 2 3 1 0 6 2 3 4 0 7 3
1 4 3 0 6 7 4 0 3 3 0 3 1 5 2 2
4 4 4 2 7 7 0 1 5 6 4 4 5 1 2 2
5 2 7 6 3 1 7 0 3 0 2 3 5 5 4 3
7 6 5 4 7 6 7 0 7 7 6 6 7 2 2 6
5 1 4 3 4 6 3 6 0 1 7 6 6 1 6 2
1 0 3 6 2 1 3 0 5 5 1 0 7 7 7 5
1 3 7 0 2 7 7 5 5 4 6 7 4 5 6 5
5 6 6 5 3 5 2 6 0 4 3 7 6 1 6 5
4 6 0 7 1 7 5 6 2 1 2 3 0 0 1 4
1 5 3 2 0 5 1 2 3 6 4 4 6 2 3 6
7 0 1 2 7 1 1 5 4 2 2 5 7 1 1 3
3 7 7 2 2 1 3 5 2 7 7 2 6 2 4 3
0 3 1 5 5 1 0 3 4 4 2 2 1 0 5 3
5 4 6 7 4 5 4 4 5 5 2 3 1 4 4 5
7 3 4 3 2 3 0 1 0 5 0 2 4 5 6 1
15 46 60 11 22 18 26 15 5 50 18 31 39 5 60 31
15 37 31 3 55 60 34 3 31 28 3 29 14 45 18 19
39 34 39 20 62 58 3 12 42 52 37 38 42 12 18 21
47 18 59 55 30 15 58 4 27 4 20 27 46 43 38 28
60 51 42 35 58 54 61 3 59 59 50 53 60 18 20 51
42 15 37 31 36 53 27 55 4 15 63 53 53 11 54 20
12 5 29 54 22 14 28 3 46 45 11 3 63 61 61 44
13 28 60 7 21 62 61 43 42 34 52 60 34 45 51 45
45 55 51 43 30 43 18 51 7 39 27 61 51 11 53 47
36 53 7 60 13 59 42 52 23 14 19 31 4 6 11 39
11 46 26 18 4 44 15 21 31 51 39 36 52 18 26 50
58 4 13 23 58 13 12 45 35 18 22 45 61 11 15 27
26 58 63 19 22 12 27 45 19 60 60 20 52 19 38 28
4 26 14 46 46 11 7 30 38 36 23 21 14 6 44 29
47 39 55 60 36 43 34 35 46 46 18 26 11 36 39 44
59 30 37 26 23 29 3 15 4 44 5 22 39 43 51 11
