0 0 0 0 0 0 0 0 0 0 0 0 0 0 0 0
0 0 0 0 0 0 0 0 0 0 0 0 0 0 0 0
1 1 1 1 1 1 1 1 1 1 1 1 1 1 1 1
1 1 1 1 1 1 1 1 1 1 1 1 1 1 1 1
2 2 2 2 2 2 2 2 2 2 2 2 2 2 2 2
2 2 2 2 2 2 2 2 2 2 2 2 2 2 2 2
3 3 3 3 3 3 3 3 3 3 3 3 3 3 3 3
3 3 3 3 3 3 3 3 3 3 3 3 3 3 3 3
4 4 4 4 4 4 4 4 4 4 4 4 4 4 4 4
4 4 4 4 4 4 4 4 4 4 4 4 4 4 4 4
5 5 5 5 5 5 5 5 5 5 5 5 5 5 5 5
5 5 5 5 5 5 5 5 5 5 5 5 5 5 5 5
6 6 6 6 6 6 6 6 6 6 6 6 6 6 6 6
6 6 6 6 6 6 6 6 6 6 6 6 6 6 6 6
7 7 7 7 7 7 7 7 7 7 7 7 7 7 7 7
7 7 7 7 7 7 7 7 7 7 7 7 7 7 7 7
3 3 5 3 6 7 4 5 6 3 6 6 5 3 5 6
3 3 3 3 3 4 7 5 6 5 7 6 5 7 4 5
12 11 15 14 13 14 13 15 15 15 12 11 14 13 13 11
12 15 11 14 12 11 15 11 12 11 12 14 12 14 12 15
19 21 21 20 19 23 23 18 21 22 19 22 21 21 18 21
20 21 21 22 23 23 19 18 18 22 20 19 21 20 23 20
31 27 27 28 27 30 27 31 29 29 28 30 29 29 29 29
26 27 31 30 26 28 27 27 31 26 27 30 27 30 31 28
38 37 35 34 38 35 38 36 35 36 34 37 39 35 38 39
38 35 36 38 38 39 38 35 36 36 36 34 34 34 36 39
43 45 47 44 46 45 43 47 47 42 45 44 43 47 46 44
42 47 43 44 45 42 42 45 45 45 42 47 44 45 43 46
51 52 50 50 50 55 55 51 50 54 55 52 55 55 50 55
54 52 55 51 54 51 52 55 52 53 52 55 55 51 55 50
59 62 63 60 58 63 62 62 59 61 61 63 62 58 59 61
58 62 63 60 59 61 60 58 62 58 63 58 58 60 59 60
