0 0 0 0 0 0 0 0 0 0 0 0 0 0 0 0
0 0 0 0 0 0 0 0 0 0 0 0 0 0 0 0
1 1 1 1 1 1 1 1 1 1 1 1 1 1 1 1
1 1 1 1 1 1 1 1 1 1 1 1 1 1 1 1
2 2 2 2 2 2 2 2 2 2 2 2 2 2 2 2
2 2 2 2 2 2 2 2 2 2 2 2 2 2 2 2
3 3 3 3 3 3 3 3 3 3 3 3 3 3 3 3
3 3 3 3 3 3 3 3 3 3 3 3 3 3 3 3
4 4 4 4 4 4 4 4 4 4 4 4 4 4 4 4
4 4 4 4 4 4 4 4 4 4 4 4 4 4 4 4
5 5 5 5 5 5 5 5 5 5 5 5 5 5 5 5
5 5 5 5 5 5 5 5 5 5 5 5 5 5 5 5
6 6 6 6 6 6 6 6 6 6 6 6 6 6 6 6
6 6 6 6 6 6 6 6 6 6 6 6 6 6 6 6
7 7 7 7 7 7 7 7 7 7 7 7 7 7 7 7
7 7 7 7 7 7 7 7 7 7 7 7 7 7 7 7
4 4 5 4 6 5 5 6 6 6 3 4 7 6 6 3
4 3 5 4 4 4 6 5 5 4 5 5 5 3 7 6
15 15 14 15 11 12 15 13 11 11 15 15 13 13 13 13
14 11 15 13 11 12 11 13 11 14 14 11 12 11 14 15
21 20 18 23 19 20 23 21 21 18 18 22 18 23 21 21
21 21 18 22 21 23 20 21 23 23 23 18 22 23 21 22
30 28 29 27 26 30 31 27 30 30 29 28 30 27 27 28
29 29 31 30 31 27 26 28 29 26 29 31 28 27 30 30
36 34 34 34 35 38 36 38 39 37 38 39 39 36 37 37
35 39 36 35 35 36 35 34 37 37 34 36 35 35 39 34
46 47 44 46 43 42 44 47 45 45 44 47 45 46 45 45
43 42 43 45 44 44 43 47 45 45 43 45 44 46 46 43
52 53 54 53 55 54 51 50 52 51 51 51 51 53 50 55
55 51 50 54 55 51 51 50 51 53 54 52 50 50 51 55
62 59 60 63 63 60 59 62 60 62 62 60 62 60 61 58
60 60 62 58 61 59 60 59 62 61 58 63 61 59 63 62
