0 0 0 0 0 0 0 0 0 0 0 0 0 0 0 0
0 0 0 0 0 0 0 0 0 0 0 0 0 0 0 0
1 1 1 1 1 1 1 1 1 1 1 1 1 1 1 1
1 1 1 1 1 1 1 1 1 1 1 1 1 1 1 1
2 2 2 2 2 2 2 2 2 2 2 2 2 2 2 2
2 2 2 2 2 2 2 2 2 2 2 2 2 2 2 2
3 3 3 3 3 3 3 3 3 3 3 3 3 3 3 3
3 3 3 3 3 3 3 3 3 3 3 3 3 3 3 3
4 4 4 4 4 4 4 4 4 4 4 4 4 4 4 4
4 4 4 4 4 4 4 4 4 4 4 4 4 4 4 4
5 5 5 5 5 5 5 5 5 5 5 5 5 5 5 5
5 5 5 5 5 5 5 5 5 5 5 5 5 5 5 5
6 6 6 6 6 6 6 6 6 6 6 6 6 6 6 6
6 6 6 6 6 6 6 6 6 6 6 6 6 6 6 6
7 7 7 7 7 7 7 7 7 7 7 7 7 7 7 7
7 7 7 7 7 7 7 7 7 7 7 7 7 7 7 7
3 4 6 7 5 7 4 5 7 6 5 6 5 3 6 6
3 6 7 5 5 5 6 4 5 5 4 3 4 4 4 3
15 11 15 13 13 13 15 15 15 11 12 15 12 14 11 15
12 14 12 11 14 15 15 13 15 15 14 11 13 13 12 15
23 19 21 18 23 21 19 21 23 19 21 21 22 22 23 23
23 18 19 18 20 20 23 18 23 21 23 19 22 18 19 22
27 28 26 31 31 31 26 27 27 26 26 26 27 31 27 26
26 30 26 30 29 28 31 29 26 31 28 27 26 31 26 29
38 38 36 38 38 35 38 39 35 39 35 37 38 38 39 34
34 35 39 37 38 37 39 39 39 38 34 35 39 35 36 39
43 45 45 43 45 42 45 42 44 45 46 46 46 42 47 47
42 46 47 45 45 46 44 45 47 44 46 47 44 43 46 47
50 55 52 50 54 50 54 54 53 55 51 53 50 54 53 52
54 54 50 53 54 51 52 50 51 53 53 50 50 54 50 51
59 59 61 63 63 60 58 58 62 59 59 63 58 59 62 62
61 58 61 63 58 61 58 59 61 62 61 58 61 59 62 58
