0 0 0 0 0 0 0 0 0 0 0 0 0 0 0 0
0 0 0 0 0 0 0 0 0 0 0 0 0 0 0 0
1 1 1 1 1 1 1 1 1 1 1 1 1 1 1 1
1 1 1 1 1 1 1 1 1 1 1 1 1 1 1 1
2 2 2 2 2 2 2 2 2 2 2 2 2 2 2 2
2 2 2 2 2 2 2 2 2 2 2 2 2 2 2 2
3 3 3 3 3 3 3 3 3 3 3 3 3 3 3 3
3 3 3 3 3 3 3 3 3 3 3 3 3 3 3 3
4 4 4 4 4 4 4 4 4 4 4 4 4 4 4 4
4 4 4 4 4 4 4 4 4 4 4 4 4 4 4 4
5 5 5 5 5 5 5 5 5 5 5 5 5 5 5 5
5 5 5 5 5 5 5 5 5 5 5 5 5 5 5 5
6 6 6 6 6 6 6 6 6 6 6 6 6 6 6 6
6 6 6 6 6 6 6 6 6 6 6 6 6 6 6 6
7 7 7 7 7 7 7 7 7 7 7 7 7 7 7 7
7 7 7 7 7 7 7 7 7 7 7 7 7 7 7 7
3 3 5 5 4 3 7 5 7 6 7 5 3 4 7 4
5 5 5 4 3 5 5 3 3 4 3 4 6 6 4 5
12 12 14 13 12 14 15 11 13 15 12 11 15 12 14 12
12 11 15 11 12 11 15 15 15 11 11 14 14 12 11 12
21 20 22 23 20 22 23 21 19 22 19 19 21 22 21 21
18 18 18 19 21 19 20 19 20 23 21 19 21 18 21 21
27 26 31 31 31 30 30 30 28 26 27 29 28 31 30 29
29 29 26 30 30 31 30 29 28 27 27 30 28 26 31 27
39 35 35 36 34 39 36 38 35 36 34 38 38 36 37 39
39 34 35 34 37 36 38 38 39 34 34 38 39 36 35 37
42 46 43 46 42 45 44 47 42 42 44 43 44 43 47 44
46 47 45 42 43 43 44 42 45 44 46 46 47 47 45 45
51 54 50 52 50 51 55 52 52 54 55 53 55 52 55 52
54 53 54 53 53 52 50 51 55 55 50 55 55 52 51 52
62 61 62 62 60 58 61 59 61 61 60 58 58 59 59 59
62 59 62 61 58 60 61 60 60 63 58 61 58 62 63 62
