0 0 0 0 0 0 0 0 0 0 0 0 0 0 0 0
0 0 0 0 0 0 0 0 0 0 0 0 0 0 0 0
1 1 1 1 1 1 1 1 1 1 1 1 1 1 1 1
1 1 1 1 1 1 1 1 1 1 1 1 1 1 1 1
2 2 2 2 2 2 2 2 2 2 2 2 2 2 2 2
2 2 2 2 2 2 2 2 2 2 2 2 2 2 2 2
3 3 3 3 3 3 3 3 3 3 3 3 3 3 3 3
3 3 3 3 3 3 3 3 3 3 3 3 3 3 3 3
4 4 4 4 4 4 4 4 4 4 4 4 4 4 4 4
4 4 4 4 4 4 4 4 4 4 4 4 4 4 4 4
5 5 5 5 5 5 5 5 5 5 5 5 5 5 5 5
5 5 5 5 5 5 5 5 5 5 5 5 5 5 5 5
6 6 6 6 6 6 6 6 6 6 6 6 6 6 6 6
6 6 6 6 6 6 6 6 6 6 6 6 6 6 6 6
7 7 7 7 7 7 7 7 7 7 7 7 7 7 7 7
7 7 7 7 7 7 7 7 7 7 7 7 7 7 7 7
4 6 7 6 7 4 7 6 5 4 3 4 5 7 5 7
5 4 4 3 4 4 6 3 6 5 4 6 6 3 7 7
12 12 11 13 12 13 15 14 12 15 12 11 11 11 12 11
13 12 15 15 11 13 11 14 14 14 13 12 11 14 11 15
22 19 19 20 23 23 20 18 18 18 22 18 23 22 23 19
20 21 19 22 21 21 23 22 18 22 22 23 18 20 22 22
31 29 27 28 27 30 27 26 28 29 27 26 26 29 28 29
31 28 30 28 27 29 29 26 27 31 26 29 26 27 30 26
35 37 38 36 39 36 36 35 38 36 36 38 38 34 37 34
38 35 39 34 34 39 38 39 36 35 35 39 37 34 38 37
47 42 44 44 46 43 47 43 44 44 46 43 45 47 44 45
42 43 46 43 47 46 44 47 46 42 45 42 42 44 44 42
50 54 53 50 51 52 50 51 53 53 52 51 53 54 51 53
52 51 52 55 55 55 55 55 54 53 52 53 50 53 54 52
58 63 58 63 58 63 60 59 60 58 59 61 63 58 58 61
63 59 60 58 63 61 60 61 60 61 62 58 62 61 60 63
