0 0 0 0 0 0 0 0 0 0 0 0 0 0 0 0
0 0 0 0 0 0 0 0 0 0 0 0 0 0 0 0
1 1 1 1 1 1 1 1 1 1 1 1 1 1 1 1
1 1 1 1 1 1 1 1 1 1 1 1 1 1 1 1
2 2 2 2 2 2 2 2 2 2 2 2 2 2 2 2
2 2 2 2 2 2 2 2 2 2 2 2 2 2 2 2
3 3 3 3 3 3 3 3 3 3 3 3 3 3 3 3
3 3 3 3 3 3 3 3 3 3 3 3 3 3 3 3
4 4 4 4 4 4 4 4 4 4 4 4 4 4 4 4
4 4 4 4 4 4 4 4 4 4 4 4 4 4 4 4
5 5 5 5 5 5 5 5 5 5 5 5 5 5 5 5
5 5 5 5 5 5 5 5 5 5 5 5 5 5 5 5
6 6 6 6 6 6 6 6 6 6 6 6 6 6 6 6
6 6 6 6 6 6 6 6 6 6 6 6 6 6 6 6
7 7 7 7 7 7 7 7 7 7 7 7 7 7 7 7
7 7 7 7 7 7 7 7 7 7 7 7 7 7 7 7
3 4 4 3 4 4 5 6 3 4 7 6 6 5 4 5
6 7 7 4 6 7 5 6 5 6 4 6 3 4 4 6
15 15 14 12 13 15 13 14 11 13 12 11 12 13 13 14
14 15 12 11 13 15 12 15 11 15 14 15 13 14 15 13
21 21 22 18 22 18 23 21 22 23 23 19 20 22 20 19
21 22 22 22 23 22 21 23 22 21 19 18 20 19 19 19
26 30 27 28 26 26 28 28 27 29 27 30 28 28 26 27
27 31 26 29 28 31 31 26 26 29 28 30 31 29 27 26
34 39 39 38 37 35 38 36 37 34 37 37 37 37 36 37
37 37 38 37 39 39 34 34 36 37 35 37 36 38 39 38
45 42 47 46 46 46 46 44 45 46 45 43 45 45 47 47
46 47 45 46 46 42 43 47 44 43 44 47 46 43 46 43
55 54 54 53 55 54 50 50 53 54 54 52 50 52 51 51
52 55 51 51 52 50 55 53 50 55 52 51 50 50 50 54
60 62 61 62 61 62 62 58 61 63 58 59 61 63 63 60
61 61 58 59 63 61 62 59 58 61 60 63 62 63 59 58
