0 0 0 0 0 0 0 0 0 0 0 0 0 0 0 0
0 0 0 0 0 0 0 0 0 0 0 0 0 0 0 0
1 1 1 1 1 1 1 1 1 1 1 1 1 1 1 1
1 1 1 1 1 1 1 1 1 1 1 1 1 1 1 1
2 2 2 2 2 2 2 2 2 2 2 2 2 2 2 2
2 2 2 2 2 2 2 2 2 2 2 2 2 2 2 2
3 3 3 3 3 3 3 3 3 3 3 3 3 3 3 3
3 3 3 3 3 3 3 3 3 3 3 3 3 3 3 3
4 4 4 4 4 4 4 4 4 4 4 4 4 4 4 4
4 4 4 4 4 4 4 4 4 4 4 4 4 4 4 4
5 5 5 5 5 5 5 5 5 5 5 5 5 5 5 5
5 5 5 5 5 5 5 5 5 5 5 5 5 5 5 5
6 6 6 6 6 6 6 6 6 6 6 6 6 6 6 6
6 6 6 6 6 6 6 6 6 6 6 6 6 6 6 6
7 7 7 7 7 7 7 7 7 7 7 7 7 7 7 7
7 7 7 7 7 7 7 7 7 7 7 7 7 7 7 7
4 7 6 3 7 7 7 7 5 4 5 3 7 5 5 3
3 7 4 6 7 4 4 4 5 7 5 6 3 3 3 3
12 14 14 14 11 11 12 14 13 14 14 13 14 15 14 12
11 12 13 15 14 13 14 15 12 15 13 15 15 12 13 13
21 19 23 18 23 21 18 23 19 23 19 21 22 19 18 23
22 21 21 20 21 22 18 19 22 22 22 20 18 18 19 18
29 26 29 31 29 30 29 31 29 27 31 29 30 29 30 31
28 30 29 31 28 31 28 28 31 28 30 27 31 31 26 28
34 34 35 35 36 39 34 39 37 37 34 36 36 38 37 34
36 35 36 38 39 34 35 39 35 39 39 36 38 39 38 36
46 42 43 45 43 47 45 42 46 47 47 46 46 47 47 42
42 45 43 46 46 42 42 46 43 45 46 43 47 46 45 46
53 54 54 50 51 54 50 50 53 54 50 51 54 52 53 55
51 52 52 53 55 51 50 52 51 51 52 53 51 55 52 50
58 58 60 58 60 60 63 59 61 59 61 63 61 63 60 62
63 61 63 61 58 60 62 61 59 62 59 59 58 62 58 58
