0 0 0 0 0 0 0 0 0 0 0 0 0 0 0 0
1 1 1 1 1 1 1 1 1 1 1 1 1 1 1 1
2 2 2 2 2 2 2 2 2 2 2 2 2 2 2 2
3 3 3 3 3 3 3 3 3 3 3 3 3 3 3 3
4 4 4 4 4 4 4 4 4 4 4 4 4 4 4 4
5 5 5 5 5 5 5 5 5 5 5 5 5 5 5 5
6 6 6 6 6 6 6 6 6 6 6 6 6 6 6 6
7 7 7 7 7 7 7 7 7 7 7 7 7 7 7 7
0 0 0 0 0 0 0 0 0 0 0 0 0 0 0 0
1 1 1 1 1 1 1 1 1 1 1 1 1 1 1 1
2 2 2 2 2 2 2 2 2 2 2 2 2 2 2 2
3 3 3 3 3 3 3 3 3 3 3 3 3 3 3 3
4 4 4 4 4 4 4 4 4 4 4 4 4 4 4 4
5 5 5 5 5 5 5 5 5 5 5 5 5 5 5 5
6 6 6 6 6 6 6 6 6 6 6 6 6 6 6 6
7 7 7 7 7 7 7 7 7 7 7 7 7 7 7 7
4 5 3 5 4 4 4 6 6 7 3 7 5 6 5 7
11 13 12 13 15 14 14 13 14 14 14 11 14 14 12 15
20 18 20 22 23 18 20 18 18 20 23 22 23 23 18 20
30 31 27 26 29 30 28 31 30 30 27 28 31 26 26 28
35 39 39 34 35 34 35 38 34 34 37 36 35 34 37 39
43 43 46 45 47 45 44 46 44 46 42 47 43 44 47 44
54 52 54 54 52 50 55 51 50 50 51 52 52 54 55 52
62 62 59 60 62 63 59 60 59 59 60 61 62 60 63 60
4 3 7 6 4 5 3 4 7 4 4 7 7 6 6 7
13 13 11 11 14 15 13 15 13 12 13 12 13 12 14 12
20 20 19 21 22 19 23 21 23 23 18 22 20 18 21 22
29 26 26 30 29 26 29 31 29 27 31 31 27 26 28 26
39 36 39 38 38 38 34 35 38 39 37 34 35 36 34 38
46 42 42 44 45 42 44 45 44 42 43 46 44 45 44 44
52 53 55 53 55 53 54 50 52 50 54 54 53 55 55 52
60 61 63 60 62 61 63 60 63 62 61 61 58 59 60 60
