0 0 0 0 0 0 0 0 0 0 0 0 0 0 0 0
1 1 1 1 1 1 1 1 1 1 1 1 1 1 1 1
2 2 2 2 2 2 2 2 2 2 2 2 2 2 2 2
3 3 3 3 3 3 3 3 3 3 3 3 3 3 3 3
4 4 4 4 4 4 4 4 4 4 4 4 4 4 4 4
5 5 5 5 5 5 5 5 5 5 5 5 5 5 5 5
6 6 6 6 6 6 6 6 6 6 6 6 6 6 6 6
7 7 7 7 7 7 7 7 7 7 7 7 7 7 7 7
0 0 0 0 0 0 0 0 0 0 0 0 0 0 0 0
1 1 1 1 1 1 1 1 1 1 1 1 1 1 1 1
2 2 2 2 2 2 2 2 2 2 2 2 2 2 2 2
3 3 3 3 3 3 3 3 3 3 3 3 3 3 3 3
4 4 4 4 4 4 4 4 4 4 4 4 4 4 4 4
5 5 5 5 5 5 5 5 5 5 5 5 5 5 5 5
6 6 6 6 6 6 6 6 6 6 6 6 6 6 6 6
7 7 7 7 7 7 7 7 7 7 7 7 7 7 7 7
3 6 6 5 7 4 7 3 6 6 7 7 7 3 7 6
11 11 15 15 11 11 14 11 15 13 13 14 11 13 12 13
20 20 21 23 20 20 18 23 20 18 21 22 19 18 22 21
27 30 28 29 27 30 28 26 26 28 28 30 30 31 30 31
37 36 37 37 37 37 38 34 34 39 36 37 37 36 36 35
45 47 43 42 47 46 45 47 44 44 45 45 42 47 47 43
51 54 54 52 55 53 50 54 54 51 52 54 54 51 55 54
59 61 60 58 62 58 61 62 58 59 58 63 60 60 60 60
4 5 3 6 5 6 3 4 6 7 7 4 4 6 7 6
13 14 12 11 14 12 11 14 12 13 14 14 14 13 11 13
23 22 19 22 20 19 19 20 19 21 23 21 20 18 19 20
27 30 29 26 29 31 31 27 30 26 28 31 30 31 31 30
34 39 37 34 39 34 35 39 35 39 34 38 35 36 38 39
46 45 46 44 42 42 42 47 46 45 42 46 43 44 45 44
55 53 54 54 51 54 55 55 54 53 55 52 51 52 54 54
61 58 61 63 59 60 60 59 62 59 60 63 60 62 60 63
