0 0 0 0 0 0 0 0 0 0 0 0 0 0 0 0
1 1 1 1 1 1 1 1 1 1 1 1 1 1 1 1
2 2 2 2 2 2 2 2 2 2 2 2 2 2 2 2
3 3 3 3 3 3 3 3 3 3 3 3 3 3 3 3
4 4 4 4 4 4 4 4 4 4 4 4 4 4 4 4
5 5 5 5 5 5 5 5 5 5 5 5 5 5 5 5
6 6 6 6 6 6 6 6 6 6 6 6 6 6 6 6
7 7 7 7 7 7 7 7 7 7 7 7 7 7 7 7
0 0 0 0 0 0 0 0 0 0 0 0 0 0 0 0
1 1 1 1 1 1 1 1 1 1 1 1 1 1 1 1
2 2 2 2 2 2 2 2 2 2 2 2 2 2 2 2
3 3 3 3 3 3 3 3 3 3 3 3 3 3 3 3
4 4 4 4 4 4 4 4 4 4 4 4 4 4 4 4
5 5 5 5 5 5 5 5 5 5 5 5 5 5 5 5
6 6 6 6 6 6 6 6 6 6 6 6 6 6 6 6
7 7 7 7 7 7 7 7 7 7 7 7 7 7 7 7
7 7 3 3 5 6 4 5 7 4 3 4 6 7 6 4
12 12 11 11 14 13 12 15 11 14 12 14 13 15 12 13
22 23 21 21 23 22 19 21 21 21 22 18 20 23 20 21
27 31 30 26 29 26 28 27 30 27 31 31 29 31 27 27
37 38 35 39 35 38 34 36 36 34 34 36 37 35 36 36
46 44 45 46 42 43 43 47 46 44 45 43 45 44 42 44
50 52 55 51 55 52 55 53 54 54 51 51 53 52 50 51
61 62 59 63 63 63 58 61 62 62 62 58 58 63 63 62
5 5 5 7 3 5 6 6 3 7 7 4 3 3 6 4
13 13 13 11 13 14 14 12 15 11 15 12 14 11 14 14
18 23 21 19 21 21 23 22 19 20 23 21 20 21 18 19
31 27 30 29 29 30 30 27 26 26 29 30 30 28 27 29
39 39 35 39 36 39 38 38 34 39 37 38 37 34 34 36
43 43 43 45 47 43 42 47 43 45 46 44 42 44 43 43
50 52 55 55 51 53 52 54 55 54 55 51 53 53 53 52
59 61 59 61 63 61 59 61 59 63 63 61 63 62 59 62
