0 7 0 4 2 2 0 2 1 1 6 3 6 2 3 1
1 0 0 7 7 6 1 1 7 0 5 6 3 7 3 6
4 5 1 4 1 4 6 5 6 5 7 3 0 7 6 3
2 6 1 2 0 5 2 3 4 2 6 1 6 5 3 2
5 0 4 2 2 1 4 3 6 6 3 2 6 6 0 3
4 6 6 1 7 1 3 6 1 5 4 5 5 7 6 0
7 5 6 6 6 7 1 3 0 2 7 6 4 0 7 7
6 0 5 7 3 3 1 3 6 3 4 7 2 1 3 2
6 1 2 1 4 3 0 2 5 1 4 6 5 5 5 2
3 2 3 3 6 6 7 0 7 0 7 1 7 4 2 7
4 2 3 2 1 6 0 5 5 0 7 4 2 1 2 3
1 7 3 4 1 7 4 5 5 3 5 4 1 4 1 2
3 0 0 4 2 6 5 3 2 2 6 0 3 5 4 1
6 1 0 4 7 7 4 2 7 5 6 7 0 1 0 5
0 6 2 2 1 1 5 1 0 1 0 7 4 5 2 2
5 7 2 4 4 5 7 4 7 3 3 2 6 5 1 3
3 61 3 35 21 20 6 19 14 15 51 28 53 20 27 12
15 5 7 60 62 53 15 15 63 3 45 55 28 62 30 50
37 47 14 34 11 39 55 46 54 47 63 28 4 58 51 30
19 55 11 18 7 45 19 26 36 22 55 13 55 45 29 21
45 5 34 21 20 11 39 29 50 52 27 18 54 52 7 29
38 50 54 12 61 11 31 51 13 42 38 42 44 58 53 4
58 44 50 53 50 62 14 26 5 19 62 52 38 4 60 59
54 4 45 58 30 26 14 29 50 31 38 61 21 11 27 22
51 12 21 13 36 27 3 18 47 13 34 50 43 44 43 21
31 22 31 31 50 54 58 6 63 3 59 15 58 37 21 61
39 22 26 19 14 51 7 43 47 3 58 38 20 14 18 30
13 63 31 36 11 61 35 43 46 26 43 34 15 39 11 18
29 7 5 34 22 50 44 30 20 20 51 6 31 46 38 14
51 12 4 34 63 61 36 18 59 43 51 60 5 12 7 44
3 51 21 23 11 15 46 11 5 13 3 62 39 45 23 20
43 60 22 37 34 42 62 35 62 26 27 19 50 44 15 30
