0 0 0 0 0 0 0 0 1 1 1 1 1 1 1 1
2 2 2 2 2 2 2 2 3 3 3 3 3 3 3 3
4 4 4 4 4 4 4 4 5 5 5 5 5 5 5 5
6 6 6 6 6 6 6 6 7 7 7 7 7 7 7 7
0 0 0 0 0 0 0 0 1 1 1 1 1 1 1 1
2 2 2 2 2 2 2 2 3 3 3 3 3 3 3 3
4 4 4 4 4 4 4 4 5 5 5 5 5 5 5 5
6 6 6 6 6 6 6 6 7 7 7 7 7 7 7 7
0 0 0 0 0 0 0 0 1 1 1 1 1 1 1 1
2 2 2 2 2 2 2 2 3 3 3 3 3 3 3 3
4 4 4 4 4 4 4 4 5 5 5 5 5 5 5 5
6 6 6 6 6 6 6 6 7 7 7 7 7 7 7 7
0 0 0 0 0 0 0 0 1 1 1 1 1 1 1 1
2 2 2 2 2 2 2 2 3 3 3 3 3 3 3 3
4 4 4 4 4 4 4 4 5 5 5 5 5 5 5 5
6 6 6 6 6 6 6 6 7 7 7 7 7 7 7 7
4 5 7 6 3 4 6 5 11 11 13 11 12 11 13 15
23 21 18 22 20 20 21 18 26 26 28 28 30 27 27 28
35 36 39 39 35 35 34 38 43 44 47 46 46 47 43 44
54 53 54 52 52 53 52 52 59 60 61 62 62 62 61 63
3 3 3 5 3 3 7 4 11 11 15 13 12 14 15 14
22 22 18 18 21 23 23 23 29 28 31 29 30 31 26 28
38 38 34 39 36 34 34 37 44 46 45 44 44 43 44 45
54 54 55 55 54 54 52 51 58 60 61 62 60 60 60 61
3 4 7 6 5 7 6 6 13 15 12 14 11 14 12 13
22 20 20 20 19 20 20 18 29 30 29 28 30 29 31 26
35 37 34 39 34 35 36 36 47 47 47 43 45 45 44 43
54 50 55 55 53 50 52 53 58 62 63 59 63 59 62 63
3 7 5 3 6 4 4 4 13 12 11 11 14 13 12 13
23 22 23 18 21 23 23 18 31 26 28 29 31 28 27 28
37 35 39 34 38 34 37 37 45 44 45 45 42 43 45 47
51 50 54 52 51 54 51 55 61 61 62 59 59 62 61 60
