0 0 0 0 0 0 0 0 1 1 1 1 1 1 1 1
2 2 2 2 2 2 2 2 3 3 3 3 3 3 3 3
4 4 4 4 4 4 4 4 5 5 5 5 5 5 5 5
6 6 6 6 6 6 6 6 7 7 7 7 7 7 7 7
0 0 0 0 0 0 0 0 1 1 1 1 1 1 1 1
2 2 2 2 2 2 2 2 3 3 3 3 3 3 3 3
4 4 4 4 4 4 4 4 5 5 5 5 5 5 5 5
6 6 6 6 6 6 6 6 7 7 7 7 7 7 7 7
0 0 0 0 0 0 0 0 1 1 1 1 1 1 1 1
2 2 2 2 2 2 2 2 3 3 3 3 3 3 3 3
4 4 4 4 4 4 4 4 5 5 5 5 5 5 5 5
6 6 6 6 6 6 6 6 7 7 7 7 7 7 7 7
0 0 0 0 0 0 0 0 1 1 1 1 1 1 1 1
2 2 2 2 2 2 2 2 3 3 3 3 3 3 3 3
4 4 4 4 4 4 4 4 5 5 5 5 5 5 5 5
6 6 6 6 6 6 6 6 7 7 7 7 7 7 7 7
4 4 7 3 7 6 4 4 15 15 11 12 14 11 13 11
20 22 22 21 19 20 22 22 28 30 30 26 26 28 30 27
38 34 34 36 38 37 38 39 46 45 43 43 45 47 43 46
52 51 54 52 54 51 51 50 62 60 59 61 61 59 58 59
6 5 3 6 7 3 4 4 15 11 13 11 14 12 12 14
18 18 19 22 18 18 20 19 26 29 30 31 26 30 31 28
35 38 37 36 39 35 38 36 45 46 43 45 45 45 46 47
54 52 51 55 54 51 50 54 59 63 61 58 59 60 59 62
7 7 7 5 7 7 4 3 13 12 11 13 12 14 12 14
19 18 19 18 23 19 19 18 31 27 26 27 30 31 28 27
36 35 34 37 38 38 38 39 43 44 44 44 47 44 45 43
55 50 54 51 51 50 54 50 58 63 63 63 59 63 60 62
7 3 6 3 3 4 7 7 12 15 15 13 13 15 11 13
22 19 20 20 21 19 21 22 29 29 31 29 29 27 29 26
37 36 37 36 34 38 38 34 45 46 43 42 42 45 42 46
55 52 51 55 52 50 51 52 62 60 60 60 61 63 59 63
