0 0 0 0 0 0 0 0 1 1 1 1 1 1 1 1
2 2 2 2 2 2 2 2 3 3 3 3 3 3 3 3
4 4 4 4 4 4 4 4 5 5 5 5 5 5 5 5
6 6 6 6 6 6 6 6 7 7 7 7 7 7 7 7
0 0 0 0 0 0 0 0 1 1 1 1 1 1 1 1
2 2 2 2 2 2 2 2 3 3 3 3 3 3 3 3
4 4 4 4 4 4 4 4 5 5 5 5 5 5 5 5
6 6 6 6 6 6 6 6 7 7 7 7 7 7 7 7
0 0 0 0 0 0 0 0 1 1 1 1 1 1 1 1
2 2 2 2 2 2 2 2 3 3 3 3 3 3 3 3
4 4 4 4 4 4 4 4 5 5 5 5 5 5 5 5
6 6 6 6 6 6 6 6 7 7 7 7 7 7 7 7
0 0 0 0 0 0 0 0 1 1 1 1 1 1 1 1
2 2 2 2 2 2 2 2 3 3 3 3 3 3 3 3
4 4 4 4 4 4 4 4 5 5 5 5 5 5 5 5
6 6 6 6 6 6 6 6 7 7 7 7 7 7 7 7
5 3 5 3 4 6 5 4 13 12 12 14 15 12 15 11
18 23 22 21 22 18 20 23 29 29 29 30 28 26 26 30
38 35 37 36 35 34 34 38 44 46 46 46 44 43 47 42
50 50 55 50 54 51 54 52 62 63 61 63 62 59 62 60
5 5 4 4 4 7 3 6 12 15 12 15 15 15 11 14
19 21 21 21 22 22 23 19 30 26 30 26 30 26 31 27
38 35 37 38 36 37 35 35 47 43 44 47 46 47 46 42
53 52 55 51 55 50 50 54 58 58 61 63 62 60 63 58
4 6 5 5 5 4 7 5 13 13 11 11 15 13 12 14
22 23 19 18 23 18 22 20 28 30 27 27 30 31 27 29
39 38 38 39 38 35 37 39 44 42 42 47 46 43 44 45
54 54 52 53 53 55 52 55 59 58 62 58 58 63 61 59
4 7 4 6 5 4 7 4 15 13 14 12 12 12 11 11
19 19 22 19 21 19 19 23 27 29 26 31 31 27 30 27
37 34 36 35 37 35 35 39 47 43 44 46 45 47 44 45
50 55 51 51 54 51 51 54 58 58 62 61 58 58 58 61
