1 5 0 5 4 3 4 4 1 2 7 0 5 3 1 4
4 7 0 2 1 7 7 6 0 0 5 0 1 7 4 0
7 3 1 1 5 3 5 5 7 5 1 1 4 7 4 2
7 0 3 6 6 6 5 5 0 5 5 2 0 4 0 7
4 2 4 0 7 7 7 7 0 3 0 2 7 5 7 7
1 6 0 7 0 2 2 5 4 4 7 6 7 1 1 6
3 1 4 6 0 0 2 2 7 1 6 0 6 6 6 2
0 4 7 1 2 1 7 3 7 5 6 0 0 7 6 3
2 3 3 0 4 6 5 6 2 5 6 6 7 6 7 6
6 0 2 3 5 6 0 2 1 4 3 7 5 5 5 6
4 3 0 6 6 3 2 2 4 4 2 0 4 1 7 3
0 4 6 2 7 3 1 3 1 6 1 3 7 2 2 6
2 6 5 4 1 7 6 3 2 7 6 7 6 1 1 4
0 4 3 6 6 0 4 0 5 3 4 4 1 0 7 5
2 2 5 7 4 7 1 2 4 7 3 6 2 3 0 3
1 4 0 1 2 4 3 7 3 6 2 3 6 1 4 5
13 43 6 43 37 31 34 39 14 21 62 3 47 26 15 36
34 61 7 22 11 59 63 51 4 4 47 5 13 59 34 7
58 26 15 11 42 31 47 45 61 44 11 11 37 62 38 23
60 5 28 52 52 53 47 44 5 47 47 22 7 36 5 60
36 18 36 7 59 58 62 62 4 28 5 20 62 47 62 58
12 52 6 58 6 21 21 47 35 39 58 54 59 15 15 53
30 15 36 52 5 6 22 22 58 15 52 6 52 54 54 20
6 35 62 11 20 11 59 27 58 42 55 3 5 62 55 28
21 26 30 3 39 53 43 51 19 43 51 54 59 51 63 55
55 3 19 26 45 55 5 18 13 37 27 62 43 44 45 54
34 30 3 50 54 26 18 21 38 38 22 4 37 13 58 30
3 34 50 22 61 31 15 28 12 53 12 27 58 20 18 54
19 51 47 38 15 61 55 29 22 58 51 59 52 12 11 36
3 38 30 54 50 5 35 4 43 26 35 37 13 6 59 44
20 20 47 59 37 58 11 23 39 61 28 52 22 29 4 26
15 36 5 15 20 36 28 61 31 55 22 28 54 11 34 45
