4 5 7 7 0 4 2 6 7 7 1 1 1 1 5 3
0 5 3 0 0 4 5 2 4 3 7 6 0 5 3 4
4 2 0 5 1 1 1 4 4 5 4 1 7 4 0 5
6 1 6 1 6 6 5 3 4 4 1 6 6 4 0 3
0 3 0 4 0 1 4 1 7 3 4 2 4 4 5 5
4 6 2 4 2 5 3 2 2 5 0 0 4 2 7 3
7 2 4 3 6 0 0 3 6 0 3 3 1 4 2 2
6 0 3 0 6 4 6 1 7 7 4 1 0 4 7 5
7 3 0 4 1 6 3 4 6 4 0 0 2 6 3 4
4 3 6 4 2 6 2 4 4 4 6 0 4 3 6 6
4 7 4 2 3 2 7 0 1 3 4 2 3 6 6 4
7 2 2 4 3 7 1 0 3 4 0 3 2 4 2 0
4 5 1 5 6 7 4 2 0 7 4 5 4 2 5 2
5 4 4 6 4 3 1 7 2 4 6 3 1 0 3 4
1 3 3 4 0 2 4 4 5 4 6 0 4 4 5 2
5 4 5 5 7 6 0 6 7 0 7 2 4 1 3 4
34 47 61 63 3 37 23 51 62 58 14 13 12 14 45 31
5 44 31 7 3 34 46 22 34 27 58 54 3 46 26 34
38 21 3 44 12 12 11 35 35 43 39 14 63 36 3 43
52 14 52 15 52 51 45 28 34 37 15 51 53 36 4 27
5 28 5 34 3 15 36 11 59 27 35 22 37 35 44 43
39 52 22 38 20 42 28 20 20 42 7 4 37 20 59 27
63 21 35 31 54 3 6 26 52 6 28 28 14 37 22 23
53 3 31 6 55 34 54 14 58 59 35 14 5 35 60 43
62 31 3 38 11 54 26 39 52 39 4 3 18 50 30 35
34 30 52 36 20 52 22 35 37 34 52 5 39 27 52 54
37 62 35 23 29 18 58 6 11 29 34 23 28 54 55 36
59 19 23 35 31 63 13 5 30 34 4 28 23 34 22 4
35 43 14 44 55 62 37 23 3 63 35 47 34 19 43 22
44 35 34 51 39 28 14 61 23 35 51 30 15 6 28 36
13 29 28 37 4 20 35 38 46 37 53 6 39 34 45 22
45 37 45 44 60 51 4 54 60 7 63 23 36 13 26 35
