0 0 0 0 0 0 0 0 0 0 0 0 0 0 0 0
0 0 0 0 0 0 0 0 0 0 0 0 0 0 0 0
0 0 0 0 0 0 0 0 0 0 0 0 0 0 0 0
0 0 0 0 0 0 0 0 0 0 0 0 0 0 0 0
0 0 0 0 0 0 0 0 0 0 0 0 0 0 0 0
0 0 0 0 0 0 0 0 0 0 0 0 0 0 0 0
0 0 0 0 0 0 0 0 0 0 0 0 0 0 0 0
0 0 0 0 0 0 0 0 0 0 0 0 0 0 0 0
0 0 0 0 0 0 0 0 0 0 0 0 0 0 0 0
0 0 0 0 0 0 0 0 0 0 0 0 0 0 0 0
0 0 0 0 0 0 0 0 0 0 0 0 0 0 0 0
0 0 0 0 0 0 0 0 0 0 0 0 0 0 0 0
0 0 0 0 0 0 0 0 0 0 0 0 0 0 0 0
0 0 0 0 0 0 0 0 0 0 0 0 0 0 0 0
0 0 0 0 0 0 0 0 0 0 0 0 0 0 0 0
0 0 0 0 0 0 0 0 0 0 0 0 0 0 0 0
37 71 42 71 57 26 46 37 26 28 46 46 37 37 41 26
26 46 23 45 45 38 51 23 62 47 18 18 55 18 36 58
28 16 45 58 58 58 38 27 36 27 41 22 66 16 16 27
71 36 36 32 38 27 38 41 9 13 41 13 6 61 45 13
13 9 40 32 51 68 66 18 6 67 32 6 6 70 21 22
32 22 57 22 44 61 47 68 9 40 57 68 68 9 67 21
66 66 57 40 44 61 61 67 62 51 40 70 44 71 44 51
50 35 67 17 39 49 30 30 30 25 30 49 49 49 25 70
47 23 23 70 47 62 42 25 34 20 25 8 12 8 8 28
24 19 16 69 12 62 65 12 28 11 8 12 35 24 60 59
35 35 20 43 48 39 21 42 19 14 34 17 11 19 29 21
19 10 10 42 39 69 17 55 10 7 53 48 63 17 60 20
55 14 60 7 14 55 20 63 33 33 29 10 34 34 64 39
14 60 11 63 48 64 48 64 63 64 69 53 7 69 53 24
33 7 50 33 52 50 11 52 15 4 15 65 53 50 65 24
4 65 31 56 52 29 59 56 4 56 4 5 5 5 52 5
