0 0 0 0 0 0 0 0 0 0 0 0 0 0 0 0
0 0 0 0 0 0 0 0 0 0 0 0 0 0 0 0
0 0 0 0 0 0 0 0 0 0 0 0 0 0 0 0
0 0 0 0 0 0 0 0 0 0 0 0 0 0 0 0
0 0 0 0 0 0 0 0 0 0 0 0 0 0 0 0
0 0 0 0 0 0 0 0 0 0 0 0 0 0 0 0
0 0 0 0 0 0 0 0 0 0 0 0 0 0 0 0
0 0 0 0 0 0 0 0 0 0 0 0 0 0 0 0
0 0 0 0 0 0 0 0 0 0 0 0 0 0 0 0
0 0 0 0 0 0 0 0 0 0 0 0 0 0 0 0
0 0 0 0 0 0 0 0 0 0 0 0 0 0 0 0
0 0 0 0 0 0 0 0 0 0 0 0 0 0 0 0
0 0 0 0 0 0 0 0 0 0 0 0 0 0 0 0
0 0 0 0 0 0 0 0 0 0 0 0 0 0 0 0
0 0 0 0 0 0 0 0 0 0 0 0 0 0 0 0
0 0 0 0 0 0 0 0 0 0 0 0 0 0 0 0
23 7 49 56 47 17 8 5 8 10 10 39 56 56 7 7
7 56 8 8 26 49 10 39 23 49 24 24 9 39 39 26
24 26 24 12 21 21 21 21 23 23 16 53 9 26 9 9
4 4 49 32 17 16 16 16 44 17 13 13 13 30 47 47
47 12 35 13 53 53 12 12 37 30 44 53 37 17 61 30
61 61 37 30 38 55 51 44 44 37 60 63 5 45 35 45
42 19 42 42 5 38 38 57 42 35 35 5 63 63 38 63
61 29 29 15 57 57 57 15 15 15 29 52 29 22 22 22
6 22 52 6 6 27 25 43 25 6 50 27 27 25 27 28
25 43 18 60 50 11 11 11 11 50 50 41 60 28 58 28
60 18 28 14 14 41 4 14 19 14 58 4 58 41 41 58
31 18 18 54 54 54 48 48 51 31 59 48 59 32 59 52
52 32 32 43 43 33 31 33 19 33 33 34 10 51 59 62
48 62 51 34 34 31 54 34 40 40 40 45 40 46 46 19
46 46 45 20 62 64 62 55 20 20 36 20 55 55 36 36
36 69 69 69 69 64 64 64 70 70 70 70 68 68 68 68
