0 0 0 0 0 0 0 0 0 0 0 0 0 0 0 0
0 0 0 0 0 0 0 0 0 0 0 0 0 0 0 0
0 0 0 0 0 0 0 0 0 0 0 0 0 0 0 0
0 0 0 0 0 0 0 0 0 0 0 0 0 0 0 0
0 0 0 0 0 0 0 0 0 0 0 0 0 0 0 0
0 0 0 0 0 0 0 0 0 0 0 0 0 0 0 0
0 0 0 0 0 0 0 0 0 0 0 0 0 0 0 0
0 0 0 0 0 0 0 0 0 0 0 0 0 0 0 0
0 0 0 0 0 0 0 0 0 0 0 0 0 0 0 0
0 0 0 0 0 0 0 0 0 0 0 0 0 0 0 0
0 0 0 0 0 0 0 0 0 0 0 0 0 0 0 0
0 0 0 0 0 0 0 0 0 0 0 0 0 0 0 0
0 0 0 0 0 0 0 0 0 0 0 0 0 0 0 0
0 0 0 0 0 0 0 0 0 0 0 0 0 0 0 0
0 0 0 0 0 0 0 0 0 0 0 0 0 0 0 0
0 0 0 0 0 0 0 0 0 0 0 0 0 0 0 0
43 17 24 7 40 27 56 36 64 61 69 26 21 7 63 12
69 64 27 26 60 12 32 59 28 37 32 39 52 31 47 10
37 56 69 55 23 21 47 35 18 53 38 62 26 13 69 62
28 62 28 28 12 62 37 37 31 23 64 26 47 44 21 64
32 34 42 34 22 16 56 60 22 39 45 4 4 39 38 8
39 35 30 32 22 21 51 19 35 59 24 10 55 57 12 67
24 57 7 48 57 57 7 34 13 31 40 30 11 45 34 71
48 71 24 53 31 53 5 27 5 56 50 6 19 8 42 9
16 35 42 45 30 46 47 38 58 38 4 11 48 48 44 16
61 10 16 46 54 5 27 6 4 45 43 58 9 15 60 50
68 5 11 33 70 53 43 9 23 54 30 33 58 43 19 8
58 52 70 23 41 70 46 42 50 50 46 60 20 40 63 70
6 29 29 8 52 15 55 20 41 6 14 55 17 19 65 11
65 63 13 52 33 10 15 36 59 15 54 29 65 41 36 36
17 63 17 49 61 29 61 51 41 59 18 65 25 44 71 25
49 49 51 22 44 25 33 25 40 51 49 54 20 20 68 71
