0 0 0 0 0 0 0 0 0 0 0 0 0 0 0 0
0 0 0 0 0 0 0 0 0 0 0 0 0 0 0 0
0 0 0 0 0 0 0 0 0 0 0 0 0 0 0 0
0 0 0 0 0 0 0 0 0 0 0 0 0 0 0 0
0 0 0 0 0 0 0 0 0 0 0 0 0 0 0 0
0 0 0 0 0 0 0 0 0 0 0 0 0 0 0 0
0 0 0 0 0 0 0 0 0 0 0 0 0 0 0 0
0 0 0 0 0 0 0 0 0 0 0 0 0 0 0 0
0 0 0 0 0 0 0 0 0 0 0 0 0 0 0 0
0 0 0 0 0 0 0 0 0 0 0 0 0 0 0 0
0 0 0 0 0 0 0 0 0 0 0 0 0 0 0 0
0 0 0 0 0 0 0 0 0 0 0 0 0 0 0 0
0 0 0 0 0 0 0 0 0 0 0 0 0 0 0 0
0 0 0 0 0 0 0 0 0 0 0 0 0 0 0 0
0 0 0 0 0 0 0 0 0 0 0 0 0 0 0 0
0 0 0 0 0 0 0 0 0 0 0 0 0 0 0 0
22 47 47 43 41 48 70 32 58 39 44 64 54 40 23 67
54 51 25 24 31 52 34 37 20 56 4 41 61 40 37 36
13 50 68 64 29 45 27 36 14 59 11 28 17 45 56 23
48 19 33 49 12 65 65 7 31 40 43 40 32 6 28 70
17 7 11 11 12 44 37 37 71 66 36 52 30 25 50 25
25 60 35 38 31 44 38 8 4 33 37 37 37 42 4 71
4 36 44 38 35 45 21 47 8 28 54 58 49 54 54 54
48 47 9 56 48 36 55 47 16 16 55 45 16 51 40 24
16 43 40 10 10 40 48 10 10 38 57 37 13 57 38 51
51 21 42 29 29 21 29 61 21 55 29 13 37 43 60 28
48 51 51 23 5 20 5 21 42 29 55 51 15 21 51 31
15 37 24 37 37 37 36 20 63 20 29 38 15 40 63 19
15 57 51 63 40 15 19 19 51 63 5 51 42 29 56 28
70 15 37 15 40 58 11 15 11 15 69 37 7 37 15 51
42 28 17 37 66 15 37 66 41 38 37 36 37 38 28 38
38 15 4 15 57 15 57 41 36 20 23 23 23 15 23 28
