0 0 0 0 0 0 0 0 0 0 0 0 0 0 0 0
0 0 0 0 0 0 0 0 0 0 0 0 0 0 0 0
0 0 0 0 0 0 0 0 0 0 0 0 0 0 0 0
0 0 0 0 0 0 0 0 0 0 0 0 0 0 0 0
0 0 0 0 0 0 0 0 0 0 0 0 0 0 0 0
0 0 0 0 0 0 0 0 0 0 0 0 0 0 0 0
0 0 0 0 0 0 0 0 0 0 0 0 0 0 0 0
0 0 0 0 0 0 0 0 0 0 0 0 0 0 0 0
0 0 0 0 0 0 0 0 0 0 0 0 0 0 0 0
0 0 0 0 0 0 0 0 0 0 0 0 0 0 0 0
0 0 0 0 0 0 0 0 0 0 0 0 0 0 0 0
0 0 0 0 0 0 0 0 0 0 0 0 0 0 0 0
0 0 0 0 0 0 0 0 0 0 0 0 0 0 0 0
0 0 0 0 0 0 0 0 0 0 0 0 0 0 0 0
0 0 0 0 0 0 0 0 0 0 0 0 0 0 0 0
0 0 0 0 0 0 0 0 0 0 0 0 0 0 0 0
15 55 62 67 27 29 58 14 65 8 12 51 54 7 63 25
19 53 25 26 33 10 12 12 43 70 36 42 30 31 68 13
37 44 23 67 6 4 50 28 71 32 5 62 34 25 48 19
56 58 43 49 12 55 16 62 31 55 63 7 65 36 21 68
8 70 29 41 11 67 27 67 22 64 15 10 9 41 38 71
19 7 18 23 60 52 53 66 50 13 40 45 24 5 66 24
26 5 66 5 66 5 5 5 8 7 8 8 8 9 21 21
48 67 22 7 13 13 7 36 22 7 55 7 7 51 65 11
16 11 43 18 60 8 7 60 22 7 60 11 55 36 55 11
11 54 7 11 13 11 27 36 11 11 36 11 36 43 60 11
36 66 11 22 65 11 11 11 10 54 10 66 13 11 11 27
34 68 11 11 10 11 63 11 63 11 57 68 61 13 63 11
11 11 43 66 40 27 22 11 60 48 22 10 57 66 66 36
70 34 13 34 43 35 11 36 11 34 69 57 7 31 66 34
17 48 17 36 36 61 61 66 66 31 69 10 25 63 31 13
66 13 7 61 57 57 66 17 36 43 34 61 66 57 57 66
