0 0 0 0 0 0 0 0 0 0 0 0 0 0 0 0
0 0 0 0 0 0 0 0 0 0 0 0 0 0 0 0
0 0 0 0 0 0 0 0 0 0 0 0 0 0 0 0
0 0 0 0 0 0 0 0 0 0 0 0 0 0 0 0
0 0 0 0 0 0 0 0 0 0 0 0 0 0 0 0
0 0 0 0 0 0 0 0 0 0 0 0 0 0 0 0
0 0 0 0 0 0 0 0 0 0 0 0 0 0 0 0
0 0 0 0 0 0 0 0 0 0 0 0 0 0 0 0
0 0 0 0 0 0 0 0 0 0 0 0 0 0 0 0
0 0 0 0 0 0 0 0 0 0 0 0 0 0 0 0
0 0 0 0 0 0 0 0 0 0 0 0 0 0 0 0
0 0 0 0 0 0 0 0 0 0 0 0 0 0 0 0
0 0 0 0 0 0 0 0 0 0 0 0 0 0 0 0
0 0 0 0 0 0 0 0 0 0 0 0 0 0 0 0
0 0 0 0 0 0 0 0 0 0 0 0 0 0 0 0
0 0 0 0 0 0 0 0 0 0 0 0 0 0 0 0
22 47 47 43 41 48 70 32 58 39 44 64 54 40 23 67
54 51 25 24 31 52 34 37 20 56 4 41 61 40 37 61
45 24 37 36 37 13 68 29 56 36 59 27 14 45 12 23
51 65 45 34 12 60 18 48 18 55 21 34 60 18 21 60
32 56 48 49 12 16 43 49 71 43 49 62 31 6 32 32
44 31 40 33 17 44 31 70 40 12 66 37 28 36 32 64
28 7 44 24 16 11 7 35 44 32 56 16 64 35 36 66
16 35 40 7 56 13 13 57 51 56 10 13 19 51 47 43
24 43 43 11 68 52 48 60 68 38 42 36 40 48 42 4
40 34 33 33 34 34 27 13 69 58 13 13 41 43 60 41
13 41 41 41 41 55 52 41 38 36 55 4 15 21 36 27
15 36 13 21 41 51 36 55 55 23 55 36 55 40 19 7
15 55 43 48 40 27 55 11 60 48 22 55 57 23 55 36
36 32 51 55 30 55 12 32 11 32 69 57 7 57 55 51
5 55 17 43 12 15 4 43 55 15 69 5 7 18 50 13
22 55 7 15 48 15 55 52 36 55 22 43 55 55 55 22
