1 1 1 1 0 0 0 0 0 0 0 0 1 0 1 1
1 1 0 0 0 1 0 0 1 1 1 1 1 1 0 0
0 1 1 1 1 1 1 0 1 1 0 1 1 1 1 1
1 1 1 0 1 1 1 1 0 0 1 0 1 1 0 1
1 0 1 1 1 0 0 1 1 1 0 1 1 1 1 1
0 1 1 0 1 1 0 0 0 0 0 0 0 0 0 0
0 1 0 0 0 0 0 0 0 0 1 0 1 0 1 1
0 1 1 0 1 0 1 1 0 0 1 1 0 0 0 1
0 0 0 0 0 0 1 0 1 1 0 0 0 0 1 0
0 1 1 0 0 1 1 0 1 0 1 1 1 0 0 0
0 0 1 0 1 0 1 1 1 1 0 1 0 0 0 0
1 1 0 0 0 1 1 0 0 0 1 1 0 1 1 1
0 0 1 1 1 1 0 1 1 1 0 1 1 0 1 1
1 0 1 1 0 0 1 0 1 0 0 1 0 0 1 0
0 0 0 0 1 0 1 1 0 1 0 0 1 0 0 0
1 1 0 0 1 1 1 1 0 1 0 1 0 1 1 0
20 120 99 68 60 60 44 60 98 98 67 98 64 72 75 120
120 97 72 76 74 97 74 76 97 113 92 68 68 75 24 58
58 43 43 43 83 59 20 67 83 83 67 59 88 88 59 73
73 73 88 112 32 36 64 52 24 24 64 112 11 113 74 113
52 44 66 52 11 114 112 32 11 32 116 104 4 104 36 36
139 104 48 17 66 66 33 114 17 42 33 114 76 17 132 28
58 34 132 44 128 116 132 28 105 116 75 33 57 65 90 34
84 34 16 28 4 42 20 90 139 35 115 16 42 105 40 90
12 128 84 100 40 105 18 128 18 16 40 146 35 107 106 84
100 48 48 100 65 92 124 139 124 10 92 124 115 12 35 12
65 19 115 49 25 107 136 106 106 25 107 108 19 146 146 19
25 18 56 56 56 9 27 137 89 137 4 136 137 9 136 57
72 130 129 108 147 57 121 145 41 9 49 27 129 26 41 41
147 130 27 129 89 130 108 121 50 96 89 50 26 10 50 51
96 96 91 26 145 91 140 147 51 145 51 121 140 144 144 8
140 122 91 144 122 138 99 138 49 122 10 131 123 99 131 123
