1 1 1 0 1 0 0 0 0 0 0 0 0 0 1 0
1 1 0 0 0 0 1 0 0 0 1 1 0 1 1 0
1 1 0 0 0 0 1 1 1 0 1 0 1 1 1 1
0 1 0 1 0 1 1 0 1 1 0 1 0 0 0 1
1 1 0 0 0 0 1 1 1 1 1 0 0 1 0 1
0 0 0 0 1 0 1 0 1 1 0 0 1 1 1 1
1 0 1 0 0 0 1 1 1 1 1 1 1 1 1 1
1 1 1 0 0 1 1 0 0 1 0 1 0 0 1 1
1 0 1 0 1 0 0 1 1 0 0 0 1 0 0 0
0 0 0 1 0 0 0 0 1 1 1 0 0 0 0 1
0 0 1 0 1 1 1 1 0 0 1 1 0 1 1 1
0 1 1 1 0 1 0 1 1 0 0 0 1 1 1 1
1 0 1 1 0 1 0 0 1 0 0 1 0 0 1 1
0 0 1 0 1 1 0 0 1 0 0 1 0 1 1 1
0 0 0 0 1 1 1 0 0 0 1 0 0 1 0 0
0 0 1 1 0 0 1 1 1 0 1 1 0 0 0 1
108 108 108 116 18 116 60 51 51 51 42 42 49 42 66 49
66 66 49 112 105 40 99 91 40 40 27 32 116 120 120 89
115 124 105 105 112 112 124 20 124 60 115 60 68 20 16 113
96 115 96 16 96 20 113 107 99 113 26 16 56 26 56 90
99 25 19 107 26 58 68 120 145 145 90 56 89 145 58 68
107 12 12 74 36 74 90 89 36 9 12 24 97 25 36 18
25 58 83 74 72 72 92 88 92 97 18 9 75 88 41 97
75 88 9 24 24 92 41 72 17 104 28 64 28 33 43 75
104 67 43 67 41 28 17 104 64 67 100 91 43 35 100 17
33 33 44 73 91 76 44 44 136 147 106 128 35 100 114 52
128 10 136 76 64 131 59 147 76 19 106 136 35 48 52 48
114 131 147 106 121 48 114 131 73 128 121 121 83 140 129 73
59 84 32 52 19 32 10 84 140 98 84 129 65 10 83 59
98 98 140 123 34 50 123 65 57 139 139 34 139 129 57 57
123 144 144 144 122 122 122 65 3 132 34 3 3 27 137 130
132 137 138 11 137 132 4 138 138 8 4 50 8 8 146 4
