1 1 0 1 1 0 0 0 0 0 0 1 0 0 0 1
0 1 0 0 0 1 0 0 0 1 1 1 1 1 0 1
0 0 1 0 0 0 0 0 0 1 1 1 0 1 0 0
0 1 1 1 1 1 1 1 1 1 0 0 1 1 1 1
1 0 0 1 1 1 1 0 1 1 1 1 1 1 1 1
0 0 0 0 0 0 0 1 1 0 0 0 0 1 1 0
1 1 0 0 1 0 0 0 0 0 1 0 0 0 0 0
0 0 0 0 0 0 0 0 0 1 1 1 0 0 0 0
1 1 1 0 0 1 1 1 0 1 1 0 0 1 1 1
0 1 1 0 1 0 0 0 1 0 1 0 1 1 1 1
0 1 1 0 0 0 1 1 1 1 0 0 0 1 0 1
1 1 1 1 1 1 1 1 1 1 1 1 1 0 0 0
1 1 1 1 1 0 0 0 0 1 1 0 1 1 0 0
1 1 1 0 0 0 1 1 1 0 1 1 0 1 0 1
1 0 1 1 1 0 0 0 1 0 1 0 0 0 1 0
0 0 0 0 0 0 1 1 1 1 0 1 1 0 1 0
106 136 12 9 68 60 76 60 28 40 12 136 96 100 56 52
100 68 24 40 58 20 12 96 8 52 27 20 20 27 60 27
24 35 104 35 56 56 67 67 116 41 106 52 116 68 76 96
100 90 73 108 115 25 104 90 90 104 58 58 106 64 64 64
36 76 40 36 36 50 50 35 50 41 73 97 41 73 43 43
17 17 24 28 28 10 10 97 97 10 65 65 65 43 16 49
16 16 49 49 83 42 26 17 44 74 88 42 42 26 26 44
84 84 84 44 91 72 98 33 67 48 48 48 51 33 98 98
66 66 99 8 8 11 11 66 33 99 99 105 105 25 83 25
19 9 32 19 9 51 51 19 11 91 75 91 75 75 32 32
72 83 34 72 74 74 18 18 88 18 89 89 89 88 105 92
57 57 57 92 92 4 59 4 34 59 59 34 4 137 137 137
115 115 145 108 136 116 107 114 107 108 120 107 120 120 114 114
113 113 113 112 112 112 129 147 147 132 131 131 146 147 146 145
131 146 145 129 129 121 121 121 138 132 138 130 130 130 138 132
139 128 139 139 128 128 124 124 124 140 123 140 140 144 122 123
