1 1 1 0 0 0 1 1 0 0 1 0 1 1 1 0
0 0 0 0 0 1 1 1 0 0 0 1 0 0 1 1
0 0 0 1 0 0 0 1 0 0 1 1 1 1 1 0
0 0 0 0 0 0 0 0 1 1 1 0 0 0 0 0
0 0 1 1 1 1 0 0 0 0 0 0 1 1 1 0
1 1 1 1 0 0 0 0 0 0 1 1 0 0 0 1
1 1 1 1 1 0 0 0 0 1 0 1 1 1 1 1
1 1 0 1 1 1 0 0 1 1 1 0 1 0 0 0
0 0 0 1 0 0 1 1 1 0 0 0 0 1 1 1
1 0 0 1 0 0 0 1 0 1 1 0 0 1 0 0
0 1 1 0 1 0 1 1 1 1 1 0 1 0 0 0
0 0 0 1 1 1 1 1 1 1 1 1 1 1 1 1
1 1 1 0 1 1 0 0 1 0 1 0 1 1 1 1
1 1 1 1 1 1 0 1 1 0 0 0 0 1 1 1
0 0 0 0 1 1 1 0 0 0 0 0 0 0 1 1
1 1 1 1 1 1 1 1 1 0 0 0 0 0 0 0
18 18 18 19 19 19 9 9 10 10 9 10 11 11 11 12
17 17 17 12 12 16 16 16 24 24 24 66 56 26 34 34
35 96 35 34 33 26 26 32 33 33 32 32 36 36 36 40
40 40 72 72 72 28 28 28 120 120 120 100 100 100 56 56
114 114 20 43 43 43 58 114 74 74 74 35 97 97 97 49
57 57 57 99 96 65 65 65 96 67 104 104 84 84 84 41
68 41 41 68 27 42 98 105 105 52 105 68 25 52 52 113
113 113 107 75 75 75 112 112 73 73 73 49 27 107 107 112
116 116 116 27 67 67 64 64 64 60 51 60 60 106 92 92
92 49 8 99 8 8 51 108 51 108 108 42 42 115 58 58
91 25 25 91 104 91 66 66 115 20 20 89 48 44 44 44
76 76 76 50 88 88 88 48 48 50 50 83 83 115 99 90
90 90 83 98 4 4 98 89 4 139 59 89 59 59 145 106
106 145 145 147 124 147 146 138 147 139 146 146 139 140 140 140
3 3 3 144 122 122 122 123 123 123 144 144 137 132 136 129
129 129 131 131 131 136 136 138 138 137 137 128 128 128 121 121
