0 0 0 1 1 1 0 0 0 0 0 0 1 1 1 1
1 1 0 0 0 1 1 1 0 0 0 1 0 0 1 1
0 1 1 1 0 1 1 1 0 0 0 0 0 0 0 0
0 0 1 0 1 1 0 1 1 1 1 0 1 1 1 1
1 1 1 1 0 1 1 1 1 1 0 0 0 0 1 0
1 1 1 1 1 1 1 1 1 0 0 1 0 0 1 1
1 1 1 1 1 0 0 1 1 1 1 1 0 1 1 1
1 0 0 1 1 1 1 1 1 0 0 0 0 0 1 1
0 0 1 1 0 0 0 1 0 0 0 0 0 0 0 0
0 0 1 0 0 0 0 1 1 1 1 0 0 0 1 1
0 0 0 0 0 0 0 0 1 1 1 0 0 0 1 0
0 0 0 0 0 1 1 0 1 0 1 1 1 0 0 0
1 0 0 1 1 1 1 0 0 0 0 0 0 1 1 1
1 0 0 1 1 0 1 1 1 0 0 0 1 1 1 1
0 1 1 0 0 1 0 1 1 1 0 1 0 0 1 1
1 1 1 1 1 1 0 0 0 0 0 0 0 0 0 1
8 8 8 9 9 9 12 12 12 19 19 19 18 16 18 18
16 16 17 17 17 11 20 20 24 24 24 25 26 26 25 25
26 27 27 27 67 97 97 97 65 72 35 35 10 10 10 35
33 33 11 33 32 32 98 75 11 34 32 105 64 92 92 92
90 90 90 64 121 59 36 52 52 52 105 105 72 72 104 96
99 57 36 36 83 83 83 57 57 84 40 20 76 44 75 75
34 34 66 66 66 67 67 73 73 73 68 68 74 68 106 106
106 65 65 88 88 88 59 59 104 74 74 76 76 89 120 120
89 89 120 104 51 100 116 64 51 51 114 98 98 40 114 40
58 58 41 49 49 44 44 43 43 43 50 91 91 91 99 99
128 128 60 58 96 96 100 100 113 50 50 60 42 42 108 49
60 116 116 114 84 41 136 42 136 28 113 108 108 112 112 112
41 56 56 113 115 115 115 28 28 56 107 107 107 48 147 131
131 84 139 48 48 139 4 4 4 146 146 139 131 147 147 129
128 129 129 132 137 124 137 136 138 138 146 138 121 121 140 124
124 140 145 145 145 140 137 130 130 132 132 130 144 144 144 122
