0 0 0 1 0 0 0 0 0 1 0 1 1 1 1 0
0 0 0 0 0 0 0 0 0 0 1 0 1 1 1 1
1 0 0 1 1 0 1 1 1 1 0 0 1 0 0 1
1 1 0 0 0 0 0 0 1 0 0 0 0 1 1 0
0 1 0 0 1 1 0 0 0 0 0 0 1 1 1 0
0 0 0 1 1 0 1 1 0 1 0 1 1 1 1 1
1 0 1 0 0 1 1 1 1 1 0 0 0 0 0 1
0 1 0 0 0 1 1 0 1 0 1 1 0 1 0 0
1 1 1 0 0 1 1 1 0 0 1 1 1 1 1 1
1 1 0 1 1 1 1 1 1 0 0 0 0 0 1 1
0 1 1 1 1 1 0 0 0 0 0 0 0 0 0 1
0 0 1 0 1 1 0 0 1 1 1 0 0 1 1 1
1 0 0 0 0 0 1 1 0 0 1 1 1 1 0 1
0 0 1 1 1 1 0 0 1 1 0 1 1 0 1 1
1 1 1 1 1 1 0 0 0 1 1 1 0 1 1 1
1 0 1 0 1 0 0 0 1 0 1 1 0 0 0 1
40 40 40 41 96 42 96 96 42 41 42 41 9 9 9 19
24 10 24 10 28 24 10 19 19 60 43 84 43 48 43 48
11 28 28 11 11 60 20 16 48 16 35 60 16 35 35 20
20 36 8 84 12 12 12 84 97 98 98 98 17 36 36 17
17 32 8 8 32 32 26 51 51 26 26 51 25 25 25 58
58 58 33 106 88 33 106 106 33 66 146 66 145 88 145 145
97 105 66 105 105 88 34 34 34 99 91 146 146 44 67 83
44 97 44 89 91 113 73 67 18 67 68 73 132 59 132 91
59 59 18 89 89 83 83 73 100 100 68 52 68 18 99 147
147 50 100 99 64 64 64 50 50 65 107 107 107 116 90 52
116 52 90 27 27 90 49 65 114 114 116 76 65 56 56 27
139 139 104 139 104 104 49 49 4 4 4 56 132 147 92 92
92 72 72 76 72 130 75 75 130 130 75 136 136 120 74 120
74 76 124 124 124 120 74 121 115 136 121 57 57 121 57 138
138 138 131 108 131 131 137 137 137 115 108 115 114 108 113 113
129 128 129 112 129 128 128 112 140 112 140 140 123 123 123 122
