1 0 1 1 1 0 0 1 0 1 1 0 1 1 1 1
0 0 0 1 0 0 0 1 1 1 1 1 0 0 0 0
1 0 0 1 0 0 0 1 0 1 1 0 0 0 1 1
0 1 0 1 0 0 1 1 1 0 1 0 0 1 0 1
1 1 1 1 1 1 0 0 1 0 1 0 1 1 0 0
1 0 0 0 1 0 0 0 1 1 0 0 0 1 1 1
1 1 1 0 0 1 1 1 1 1 1 0 0 0 1 0
0 1 0 0 0 1 0 1 1 1 1 0 0 0 0 1
1 0 0 0 1 0 0 0 0 1 0 0 0 1 0 0
0 0 1 1 0 0 0 0 1 0 0 0 0 0 0 0
0 1 1 1 1 0 0 1 0 1 0 1 1 1 0 0
0 0 1 1 0 1 1 0 1 1 1 1 0 1 1 1
1 0 1 1 1 1 0 1 0 0 1 0 0 0 0 1
1 0 1 1 0 1 1 0 0 1 1 1 0 1 1 0
1 1 1 0 0 1 1 1 1 1 1 0 1 1 0 0
0 0 1 1 0 0 1 0 0 0 0 1 0 1 0 1
9 105 11 88 36 58 51 99 72 129 129 114 129 99 106 92
49 132 128 27 60 100 105 92 136 57 92 48 84 51 84 58
120 84 112 50 146 58 49 52 130 131 52 74 130 24 115 115
132 90 132 97 35 26 32 124 97 35 124 130 42 25 35 32
59 66 68 64 115 88 112 65 66 91 88 146 20 11 89 98
73 139 96 139 147 89 98 91 27 20 146 107 107 50 27 11
50 138 138 76 89 52 138 48 34 48 25 128 26 33 25 8
26 32 114 12 76 90 67 59 59 16 90 74 91 19 67 41
64 24 60 74 41 65 12 105 114 64 137 19 24 97 49 72
28 28 20 75 60 19 44 137 9 8 8 10 96 72 100 10
137 120 9 36 66 12 10 120 28 108 96 36 113 147 51 44
98 65 99 68 67 68 83 112 106 16 145 16 76 145 106 145
34 139 83 113 83 57 3 113 107 56 75 56 123 42 44 124
122 42 75 108 116 108 136 33 33 4 136 57 128 4 4 3
41 147 140 56 144 122 140 140 122 34 43 17 73 73 144 17
3 144 18 104 17 116 18 100 123 123 116 104 40 43 40 43
