0 0 0 0 0 0 0 0 0 0 0 0 0 0 0 0
0 0 0 0 0 0 0 0 0 0 0 0 0 0 0 0
0 0 0 0 0 0 0 0 0 0 0 0 0 0 0 0
0 0 0 0 0 0 0 0 0 0 0 0 0 0 0 0
0 0 0 0 0 0 0 0 0 0 0 0 0 0 0 0
0 0 0 0 0 0 0 0 0 0 0 0 0 0 0 0
0 0 0 0 0 0 0 0 0 0 0 0 0 0 0 0
0 0 0 0 0 0 0 0 0 0 0 0 0 0 0 0
0 0 0 0 0 0 0 0 0 0 0 0 0 0 0 0
0 0 0 0 0 0 0 0 0 0 0 0 0 0 0 0
0 0 0 0 0 0 0 0 0 0 0 0 0 0 0 0
0 0 0 0 0 0 0 0 0 0 0 0 0 0 0 0
0 0 0 0 0 0 0 0 0 0 0 0 0 0 0 0
0 0 0 0 0 0 0 0 0 0 0 0 0 0 0 0
0 0 0 0 0 0 0 0 0 0 0 0 0 0 0 0
0 0 0 0 0 0 0 0 0 0 0 0 0 0 0 0
4 62 6 51 22 35 31 59 43 68 29 37 55 71 60 55
44 62 63 44 47 14 14 65 32 31 32 60 60 46 46 44
44 50 67 67 56 54 43 59 45 8 39 66 61 41 50 8
50 66 55 20 21 55 48 48 31 15 56 27 40 9 30 47
27 40 53 53 59 61 61 67 67 64 61 45 64 29 57 29
52 16 57 40 60 52 52 43 42 6 71 42 25 25 22 64
48 48 36 5 42 66 10 68 66 16 68 22 56 43 6 37
6 40 12 16 9 36 33 36 16 56 30 68 33 9 13 36
50 13 57 18 35 23 25 25 63 51 45 62 35 35 19 57
15 29 23 13 38 34 27 33 33 54 51 52 51 34 24 24
13 71 62 15 12 21 59 12 47 54 9 4 21 21 19 4
58 22 4 24 19 45 49 32 14 23 17 20 14 32 63 28
17 58 26 23 15 27 39 12 42 11 17 70 38 30 37 30
26 63 46 18 70 58 11 24 28 34 38 71 7 28 38 53
17 54 47 41 19 39 46 18 37 53 10 10 39 18 8 64
70 8 7 11 26 7 26 7 69 69 69 5 5 49 58 5
