1 0 12 0 0 0 98276 105418 104810 0 0 0 0 0 0 0 0 130977 0 0 0 0 0 0 93627 0 0 0 0 0 120177 0 0 0 0 0 0 0 106871 0 100208 0 0 0 0 0 0 0 91175 102700 0 0 0 0 0 87964 0 0 0 103165 0 0 0 0 0 389585 0 0 0 0 0 0 0 0 103733 0 0 0 0 0 0 0 0 0 0 0 0 0 0 0 0 0 0 0 0 0 0 0 0 0 0 0 0 0 0 0 0 134449 0 0 0 0 0 0 0 104513 0 123724 94302 0 0 0 114787 0 0 0 95884 0 0 0 0 0 0 0 0 0 0 0 94448 0 0 0 0 0 0 0 0 0 0 0 119351 0 0 0 0 0 0 177581 0 0 0 0 0 0 104693 106001 268314 0 0 101529 0 0 0 0 124820 0 0 0 0 0 0 0 0 0 0 0 0 0 127677 0 0 0 0 0 0 0 0 0 0 0 0 0 0 0 0 0 0 0 0 0 0 104549 0 0 0 0 0 0 126374 0 0 0 0 0 0 0 0 0 0 0 0 93843 0 0 0 0 0 0 0 0 0 0 0 0 0 0 0 0 110753 0 0 308145 0 146057 0 0 0 88277 0 103665 
1 1 12 0 0 0 206426 222167 220695 0 0 0 0 0 0 0 0 275387 0 0 0 0 0 0 197945 0 0 0 0 0 253399 0 0 0 0 0 0 0 225206 0 210647 0 0 0 0 0 0 0 191244 216323 0 0 0 0 0 184850 0 0 0 217465 0 0 0 0 0 819566 0 0 0 0 0 0 0 0 216752 0 0 0 0 0 0 0 0 0 0 0 0 0 0 0 0 0 0 0 0 0 0 0 0 0 0 0 0 0 0 0 0 283174 0 0 0 0 0 0 0 219927 0 259313 199190 0 0 0 241545 0 0 0 201815 0 0 0 0 0 0 0 0 0 0 0 198029 0 0 0 0 0 0 0 0 0 0 0 251504 0 0 0 0 0 0 372743 0 0 0 0 0 0 220690 223016 564756 0 0 214242 0 0 0 0 262292 0 0 0 0 0 0 0 0 0 0 0 0 0 267463 0 0 0 0 0 0 0 0 0 0 0 0 0 0 0 0 0 0 0 0 0 0 218990 0 0 0 0 0 0 265852 0 0 0 0 0 0 0 0 0 0 0 0 197344 0 0 0 0 0 0 0 0 0 0 0 0 0 0 0 0 232587 0 0 646903 0 308115 0 0 0 185349 0 217141 
1 2 12 0 0 0 315991 338808 337373 0 0 0 0 0 0 0 0 420803 0 0 0 0 0 0 302963 0 0 0 0 0 386937 0 0 0 0 0 0 0 344445 0 321186 0 0 0 0 0 0 0 292239 330321 0 0 0 0 0 282113 0 0 0 333214 0 0 0 0 0 1250771 0 0 0 0 0 0 0 0 332928 0 0 0 0 0 0 0 0 0 0 0 0 0 0 0 0 0 0 0 0 0 0 0 0 0 0 0 0 0 0 0 0 431666 0 0 0 0 0 0 0 337484 0 397125 304175 0 0 0 369335 0 0 0 307864 0 0 0 0 0 0 0 0 0 0 0 302042 0 0 0 0 0 0 0 0 0 0 0 383417 0 0 0 0 0 0 572013 0 0 0 0 0 0 337241 340584 861845 0 0 328129 0 0 0 0 402542 0 0 0 0 0 0 0 0 0 0 0 0 0 409199 0 0 0 0 0 0 0 0 0 0 0 0 0 0 0 0 0 0 0 0 0 0 334549 0 0 0 0 0 0 407647 0 0 0 0 0 0 0 0 0 0 0 0 301476 0 0 0 0 0 0 0 0 0 0 0 0 0 0 0 0 354606 0 0 989220 0 470541 0 0 0 283678 0 332782 
1 3 12 0 0 0 425568 456917 455330 0 0 0 0 0 0 0 0 567997 0 0 0 0 0 0 408438 0 0 0 0 0 521880 0 0 0 0 0 0 0 464568 0 433650 0 0 0 0 0 0 0 394585 445382 0 0 0 0 0 380183 0 0 0 449634 0 0 0 0 0 1688159 0 0 0 0 0 0 0 0 449826 0 0 0 0 0 0 0 0 0 0 0 0 0 0 0 0 0 0 0 0 0 0 0 0 0 0 0 0 0 0 0 0 582336 0 0 0 0 0 0 0 456069 0 535126 410338 0 0 0 498693 0 0 0 415369 0 0 0 0 0 0 0 0 0 0 0 407843 0 0 0 0 0 0 0 0 0 0 0 517754 0 0 0 0 0 0 772232 0 0 0 0 0 0 455265 459223 1161743 0 0 442799 0 0 0 0 543236 0 0 0 0 0 0 0 0 0 0 0 0 0 552245 0 0 0 0 0 0 0 0 0 0 0 0 0 0 0 0 0 0 0 0 0 0 451914 0 0 0 0 0 0 549323 0 0 0 0 0 0 0 0 0 0 0 0 407392 0 0 0 0 0 0 0 0 0 0 0 0 0 0 0 0 477886 0 0 1333920 0 634729 0 0 0 381950 0 448822 
1 4 12 0 0 0 530744 569875 568401 0 0 0 0 0 0 0 0 708978 0 0 0 0 0 0 509599 0 0 0 0 0 650544 0 0 0 0 0 0 0 579580 0 541111 0 0 0 0 0 0 0 491835 556378 0 0 0 0 0 474675 0 0 0 561629 0 0 0 0 0 2105232 0 0 0 0 0 0 0 0 562181 0 0 0 0 0 0 0 0 0 0 0 0 0 0 0 0 0 0 0 0 0 0 0 0 0 0 0 0 0 0 0 0 727301 0 0 0 0 0 0 0 570423 0 668381 512012 0 0 0 623117 0 0 0 519007 0 0 0 0 0 0 0 0 0 0 0 508858 0 0 0 0 0 0 0 0 0 0 0 645548 0 0 0 0 0 0 965136 0 0 0 0 0 0 567575 572913 1449909 0 0 552937 0 0 0 0 678511 0 0 0 0 0 0 0 0 0 0 0 0 0 689836 0 0 0 0 0 0 0 0 0 0 0 0 0 0 0 0 0 0 0 0 0 0 563471 0 0 0 0 0 0 685137 0 0 0 0 0 0 0 0 0 0 0 0 508783 0 0 0 0 0 0 0 0 0 0 0 0 0 0 0 0 596181 0 0 1663303 0 790531 0 0 0 476404 0 560670 
1 5 12 0 0 0 640511 686976 684690 0 0 0 0 0 0 0 0 853620 0 0 0 0 0 0 613842 0 0 0 0 0 783662 0 0 0 0 0 0 0 698165 0 651059 0 0 0 0 0 0 0 592943 669296 0 0 0 0 0 571246 0 0 0 675690 0 0 0 0 0 2536567 0 0 0 0 0 0 0 0 677014 0 0 0 0 0 0 0 0 0 0 0 0 0 0 0 0 0 0 0 0 0 0 0 0 0 0 0 0 0 0 0 0 876256 0 0 0 0 0 0 0 686116 0 805663 617540 0 0 0 749758 0 0 0 625647 0 0 0 0 0 0 0 0 0 0 0 612674 0 0 0 0 0 0 0 0 0 0 0 777819 0 0 0 0 0 0 1161504 0 0 0 0 0 0 683683 689969 1746456 0 0 664917 0 0 0 0 816198 0 0 0 0 0 0 0 0 0 0 0 0 0 830166 0 0 0 0 0 0 0 0 0 0 0 0 0 0 0 0 0 0 0 0 0 0 679267 0 0 0 0 0 0 826402 0 0 0 0 0 0 0 0 0 0 0 0 611924 0 0 0 0 0 0 0 0 0 0 0 0 0 0 0 0 718131 0 0 2003922 0 952930 0 0 0 573994 0 674180 
1 6 12 0 0 0 749735 804734 802305 0 0 0 0 0 0 0 0 1000825 0 0 0 0 0 0 719055 0 0 0 0 0 917894 0 0 0 0 0 0 0 818172 0 763046 0 0 0 0 0 0 0 694674 783940 0 0 0 0 0 668943 0 0 0 791256 0 0 0 0 0 2972326 0 0 0 0 0 0 0 0 792789 0 0 0 0 0 0 0 0 0 0 0 0 0 0 0 0 0 0 0 0 0 0 0 0 0 0 0 0 0 0 0 0 1026320 0 0 0 0 0 0 0 804024 0 943634 723042 0 0 0 878447 0 0 0 733510 0 0 0 0 0 0 0 0 0 0 0 717927 0 0 0 0 0 0 0 0 0 0 0 911646 0 0 0 0 0 0 1361418 0 0 0 0 0 0 800073 808732 2046238 0 0 779175 0 0 0 0 956832 0 0 0 0 0 0 0 0 0 0 0 0 0 973131 0 0 0 0 0 0 0 0 0 0 0 0 0 0 0 0 0 0 0 0 0 0 795816 0 0 0 0 0 0 968435 0 0 0 0 0 0 0 0 0 0 0 0 716351 0 0 0 0 0 0 0 0 0 0 0 0 0 0 0 0 841374 0 0 2347775 0 1117196 0 0 0 673038 0 790070 
5000 0 11 0 0 0 0 0 91155 0 102313 100671 262409 0 103363 92486 95490 0 0 0 0 0 0 0 0 0 0 0 0 0 0 106747 0 0 0 0 0 0 0 0 0 0 94698 0 0 0 0 0 0 0 0 0 0 0 0 0 0 0 0 0 0 0 0 96426 0 0 0 0 0 101941 0 0 0 0 93168 0 0 0 0 0 0 0 0 0 93416 100587 91207 0 0 0 0 0 0 0 0 0 0 0 0 184663 91623 0 90157 0 0 0 0 0 0 0 0 0 0 0 0 94542 0 0 107026 94119 0 0 0 0 0 0 0 0 0 0 0 0 100387 93290 0 101244 88865 92257 0 105694 0 0 0 0 90302 0 0 0 92019 0 0 93201 0 0 0 0 0 0 0 0 0 0 0 0 0 0 92362 532834 0 0 0 0 0 0 92379 0 0 0 0 0 0 0 0 0 0 0 0 0 0 0 0 0 0 0 0 0 0 0 0 0 0 0 0 0 0 0 0 0 0 0 0 0 0 0 0 0 0 0 0 0 0 0 0 0 0 0 0 0 0 0 0 0 0 0 0 0 0 0 0 0 0 0 0 0 0 0 0 0 0 0 0 0 0 0 0 0 0 0 0 0 
5000 1 11 0 0 0 0 0 197905 0 221159 218875 571058 0 224611 200975 207458 0 0 0 0 0 0 0 0 0 0 0 0 0 0 230054 0 0 0 0 0 0 0 0 0 0 205829 0 0 0 0 0 0 0 0 0 0 0 0 0 0 0 0 0 0 0 0 208668 0 0 0 0 0 220168 0 0 0 0 202346 0 0 0 0 0 0 0 0 0 201772 218899 199018 0 0 0 0 0 0 0 0 0 0 0 0 399587 198894 0 195037 0 0 0 0 0 0 0 0 0 0 0 0 203990 0 0 231315 202994 0 0 0 0 0 0 0 0 0 0 0 0 216870 201563 0 220069 193677 200753 0 229493 0 0 0 0 195071 0 0 0 198273 0 0 200969 0 0 0 0 0 0 0 0 0 0 0 0 0 0 200241 1157104 0 0 0 0 0 0 201406 0 0 0 0 0 0 0 0 0 0 0 0 0 0 0 0 0 0 0 0 0 0 0 0 0 0 0 0 0 0 0 0 0 0 0 0 0 0 0 0 0 0 0 0 0 0 0 0 0 0 0 0 0 0 0 0 0 0 0 0 0 0 0 0 0 0 0 0 0 0 0 0 0 0 0 0 0 0 0 0 0 0 0 0 0 
5000 2 11 0 0 0 0 0 289398 0 323640 319363 834475 0 327383 292906 302606 0 0 0 0 0 0 0 0 0 0 0 0 0 0 336561 0 0 0 0 0 0 0 0 0 0 300040 0 0 0 0 0 0 0 0 0 0 0 0 0 0 0 0 0 0 0 0 306143 0 0 0 0 0 323031 0 0 0 0 295724 0 0 0 0 0 0 0 0 0 295294 318640 289738 0 0 0 0 0 0 0 0 0 0 0 0 586124 290963 0 286355 0 0 0 0 0 0 0 0 0 0 0 0 300375 0 0 339626 297844 0 0 0 0 0 0 0 0 0 0 0 0 318923 296117 0 320157 282244 292048 0 334254 0 0 0 0 286510 0 0 0 290792 0 0 295118 0 0 0 0 0 0 0 0 0 0 0 0 0 0 292135 1687675 0 0 0 0 0 0 293285 0 0 0 0 0 0 0 0 0 0 0 0 0 0 0 0 0 0 0 0 0 0 0 0 0 0 0 0 0 0 0 0 0 0 0 0 0 0 0 0 0 0 0 0 0 0 0 0 0 0 0 0 0 0 0 0 0 0 0 0 0 0 0 0 0 0 0 0 0 0 0 0 0 0 0 0 0 0 0 0 0 0 0 0 0 
5000 3 11 0 0 0 0 0 386590 0 433451 427156 1113757 0 438303 391608 404413 0 0 0 0 0 0 0 0 0 0 0 0 0 0 451517 0 0 0 0 0 0 0 0 0 0 401287 0 0 0 0 0 0 0 0 0 0 0 0 0 0 0 0 0 0 0 0 409120 0 0 0 0 0 432402 0 0 0 0 394821 0 0 0 0 0 0 0 0 0 396045 425729 387545 0 0 0 0 0 0 0 0 0 0 0 0 783888 390336 0 382902 0 0 0 0 0 0 0 0 0 0 0 0 400912 0 0 453338 397851 0 0 0 0 0 0 0 0 0 0 0 0 425593 395953 0 428346 377987 390725 0 447301 0 0 0 0 382891 0 0 0 389147 0 0 394746 0 0 0 0 0 0 0 0 0 0 0 0 0 0 390877 2255660 0 0 0 0 0 0 391710 0 0 0 0 0 0 0 0 0 0 0 0 0 0 0 0 0 0 0 0 0 0 0 0 0 0 0 0 0 0 0 0 0 0 0 0 0 0 0 0 0 0 0 0 0 0 0 0 0 0 0 0 0 0 0 0 0 0 0 0 0 0 0 0 0 0 0 0 0 0 0 0 0 0 0 0 0 0 0 0 0 0 0 0 0 
5000 4 11 0 0 0 0 0 478184 0 534405 528322 1378545 0 543112 484857 499728 0 0 0 0 0 0 0 0 0 0 0 0 0 0 556237 0 0 0 0 0 0 0 0 0 0 496094 0 0 0 0 0 0 0 0 0 0 0 0 0 0 0 0 0 0 0 0 505987 0 0 0 0 0 534741 0 0 0 0 488608 0 0 0 0 0 0 0 0 0 488300 526401 479684 0 0 0 0 0 0 0 0 0 0 0 0 968484 481358 0 473353 0 0 0 0 0 0 0 0 0 0 0 0 496217 0 0 560951 492342 0 0 0 0 0 0 0 0 0 0 0 0 526973 489341 0 530134 468051 483449 0 553911 0 0 0 0 473020 0 0 0 481502 0 0 487646 0 0 0 0 0 0 0 0 0 0 0 0 0 0 483925 2789676 0 0 0 0 0 0 484352 0 0 0 0 0 0 0 0 0 0 0 0 0 0 0 0 0 0 0 0 0 0 0 0 0 0 0 0 0 0 0 0 0 0 0 0 0 0 0 0 0 0 0 0 0 0 0 0 0 0 0 0 0 0 0 0 0 0 0 0 0 0 0 0 0 0 0 0 0 0 0 0 0 0 0 0 0 0 0 0 0 0 0 0 0 
5000 5 11 0 0 0 0 0 579669 0 650063 640825 1671320 0 658782 587923 606035 0 0 0 0 0 0 0 0 0 0 0 0 0 0 676739 0 0 0 0 0 0 0 0 0 0 601769 0 0 0 0 0 0 0 0 0 0 0 0 0 0 0 0 0 0 0 0 612089 0 0 0 0 0 646904 0 0 0 0 592871 0 0 0 0 0 0 0 0 0 593516 638680 581573 0 0 0 0 0 0 0 0 0 0 0 0 1172615 584970 0 572849 0 0 0 0 0 0 0 0 0 0 0 0 601627 0 0 680208 597022 0 0 0 0 0 0 0 0 0 0 0 0 639027 593627 0 642247 566965 585557 0 670552 0 0 0 0 573849 0 0 0 584190 0 0 591370 0 0 0 0 0 0 0 0 0 0 0 0 0 0 586661 3382764 0 0 0 0 0 0 587769 0 0 0 0 0 0 0 0 0 0 0 0 0 0 0 0 0 0 0 0 0 0 0 0 0 0 0 0 0 0 0 0 0 0 0 0 0 0 0 0 0 0 0 0 0 0 0 0 0 0 0 0 0 0 0 0 0 0 0 0 0 0 0 0 0 0 0 0 0 0 0 0 0 0 0 0 0 0 0 0 0 0 0 0 0 
5000 6 11 0 0 0 0 0 684745 0 767686 756525 1974019 0 777275 693256 716177 0 0 0 0 0 0 0 0 0 0 0 0 0 0 799805 0 0 0 0 0 0 0 0 0 0 710757 0 0 0 0 0 0 0 0 0 0 0 0 0 0 0 0 0 0 0 0 724488 0 0 0 0 0 766068 0 0 0 0 700079 0 0 0 0 0 0 0 0 0 701216 754466 686047 0 0 0 0 0 0 0 0 0 0 0 0 1387801 691190 0 678060 0 0 0 0 0 0 0 0 0 0 0 0 710496 0 0 803327 705055 0 0 0 0 0 0 0 0 0 0 0 0 754834 700736 0 759956 670278 692700 0 792922 0 0 0 0 677881 0 0 0 689901 0 0 698639 0 0 0 0 0 0 0 0 0 0 0 0 0 0 692733 3997305 0 0 0 0 0 0 694625 0 0 0 0 0 0 0 0 0 0 0 0 0 0 0 0 0 0 0 0 0 0 0 0 0 0 0 0 0 0 0 0 0 0 0 0 0 0 0 0 0 0 0 0 0 0 0 0 0 0 0 0 0 0 0 0 0 0 0 0 0 0 0 0 0 0 0 0 0 0 0 0 0 0 0 0 0 0 0 0 0 0 0 0 0 
