1 1 1 1 0 1 0 0 0 0 1 0 1 1 1 0
0 0 0 0 1 1 1 1 1 1 1 1 0 1 1 1
1 0 0 1 0 0 0 0 1 0 1 1 1 1 1 1
1 1 0 1 1 1 0 0 0 1 1 1 0 1 1 1
0 0 1 0 1 0 1 0 0 0 1 1 0 1 1 0
0 0 1 1 1 1 0 1 1 1 1 1 0 1 0 0
0 1 0 1 0 0 0 0 0 0 0 0 0 0 0 1
0 0 1 0 1 0 1 0 0 1 1 0 1 1 1 1
1 0 0 1 0 1 1 0 1 1 0 0 0 1 0 0
0 0 0 0 0 1 1 1 1 0 0 1 1 0 1 0
1 0 1 0 1 0 0 0 0 1 1 1 0 0 0 0
1 1 1 0 1 1 0 0 1 0 1 1 0 1 1 1
0 0 1 1 1 1 0 0 0 1 0 0 1 0 1 1
1 0 0 1 1 0 1 0 1 0 0 1 0 0 0 0
0 1 0 0 0 0 1 1 0 1 0 0 1 0 0 0
1 1 0 0 1 1 1 1 0 1 0 1 0 1 1 0
20 120 120 120 100 48 60 60 60 105 43 98 43 43 59 98
67 98 67 67 48 32 48 64 73 59 59 75 58 64 64 73
34 24 74 52 24 24 44 74 11 74 113 36 36 97 52 36
52 11 112 32 32 73 17 112 112 11 88 97 42 104 113 88
132 44 66 105 88 114 113 17 17 28 124 104 76 104 97 76
139 33 83 75 83 92 84 83 34 75 4 90 76 66 132 28
58 34 132 66 128 116 56 28 105 116 33 116 33 65 107 92
84 58 16 42 4 42 20 114 114 16 16 44 90 27 27 27
9 35 35 9 35 9 68 65 92 4 107 107 100 136 128 84
128 56 40 100 65 68 124 68 124 10 137 18 115 40 20 12
90 12 115 49 25 139 12 139 146 25 57 106 19 146 146 19
25 18 18 56 106 115 40 137 106 19 145 136 137 41 136 57
72 130 129 108 147 57 121 89 89 108 49 96 108 26 41 41
147 26 26 129 129 130 147 121 50 72 89 50 91 10 130 51
96 50 91 96 72 91 140 140 51 145 51 121 140 144 144 8
122 122 10 144 145 138 99 138 49 122 3 131 123 99 131 123
