1 1 1 0 1 0 1 0 1 1 1 0 0 1 1 0
1 0 1 0 0 0 0 0 0 0 1 0 1 1 0 0
1 0 0 0 1 0 1 1 0 0 0 1 1 1 1 0
1 1 0 1 1 1 1 0 1 1 0 1 0 0 0 1
1 1 0 0 0 0 0 1 1 1 1 0 0 0 0 1
0 1 0 0 1 0 1 1 1 1 0 0 1 1 1 0
1 0 0 0 1 0 1 1 1 1 1 1 1 1 1 1
1 0 1 0 0 0 1 1 0 0 0 1 0 0 1 1
1 0 1 0 1 0 0 1 1 0 1 0 0 0 0 0
0 0 0 1 0 0 0 0 1 1 1 0 0 0 0 0
0 0 1 0 1 1 0 1 0 0 1 1 0 1 1 1
0 1 1 1 0 1 0 1 1 0 0 1 1 1 1 1
1 0 1 0 1 0 0 0 1 0 0 1 0 0 1 1
0 0 1 1 1 1 0 1 1 0 0 1 0 0 1 1
0 0 0 0 0 1 1 0 1 0 0 1 0 0 0 0
0 0 1 1 0 0 0 1 1 0 1 1 0 0 0 1
108 108 108 116 18 116 18 116 32 32 32 12 130 18 113 130
92 91 113 60 51 51 51 42 42 42 124 49 115 66 96 105
115 49 105 105 20 112 90 20 112 96 112 20 66 124 16 49
124 115 96 16 66 145 113 107 99 145 60 16 56 26 56 90
99 99 19 107 26 60 56 120 145 68 90 58 89 128 58 68
107 68 12 74 120 26 43 120 36 9 12 24 97 25 88 72
25 58 40 74 25 72 92 88 92 97 88 9 75 75 36 97
36 89 9 24 74 40 41 43 17 89 28 64 28 33 43 75
104 24 41 72 41 28 40 104 64 67 104 91 33 35 67 17
33 17 44 73 91 76 44 44 136 147 106 128 35 100 114 100
128 10 136 76 64 131 100 147 76 19 106 136 35 48 52 48
114 131 147 106 121 48 114 131 73 121 121 52 83 140 129 73
59 84 52 19 129 67 10 84 140 98 84 129 65 10 83 83
98 98 140 59 34 50 123 59 57 139 139 34 139 130 57 57
123 123 144 144 144 122 122 65 122 132 65 34 3 3 3 146
132 137 138 11 137 132 137 138 138 8 4 50 8 8 146 4
