1 1 1 0 1 1 1 1 0 1 1 1 0 0 0 0
0 0 0 1 1 0 1 1 1 0 0 0 1 1 1 1
1 1 0 1 0 0 0 0 0 1 1 0 1 1 0 0
0 0 1 0 1 0 0 1 1 0 0 0 1 1 0 1
0 0 0 1 0 0 0 1 1 1 0 0 0 1 0 0
0 0 0 1 1 0 0 0 1 1 0 1 1 1 1 1
1 1 0 0 0 1 0 0 1 1 1 0 1 1 0 1
0 0 1 1 0 0 1 1 1 1 1 1 1 1 0 0
0 1 1 1 0 0 1 1 1 1 0 0 0 0 0 0
0 0 1 0 1 1 1 1 0 0 0 0 1 1 0 0
1 1 1 1 1 1 0 0 0 0 0 0 0 0 0 0
0 1 1 0 0 1 0 0 1 1 1 1 1 1 0 0
1 1 1 0 1 0 0 1 1 1 1 1 1 0 0 0
1 1 1 1 1 1 0 0 1 1 1 0 0 0 0 1
1 1 1 1 1 1 1 1 0 0 0 0 0 0 0 0
0 0 1 1 1 0 0 0 0 0 1 1 1 1 0 0
18 18 18 19 9 9 9 11 10 16 11 11 10 10 19 12
12 12 19 16 16 17 20 20 20 24 24 24 25 25 27 25
27 27 28 34 26 28 28 26 26 32 32 35 36 36 33 33
33 40 32 58 52 58 58 52 52 40 40 56 34 34 35 36
35 17 17 43 56 96 56 75 75 75 8 8 8 41 114 114
114 116 116 66 41 98 96 96 66 66 65 59 59 59 92 92
83 83 67 72 72 92 74 98 73 73 41 49 83 68 42 120
65 84 50 120 84 84 104 64 64 64 48 48 48 120 100 100
100 113 113 113 107 107 50 50 68 68 65 107 112 112 105 105
112 116 57 105 57 57 106 106 91 91 91 44 106 115 98 72
88 88 88 99 99 99 60 44 42 74 74 42 89 89 44 67
67 104 104 49 132 115 76 49 90 90 90 73 43 43 60 60
97 97 97 89 108 76 51 145 145 145 115 108 108 76 51 51
4 4 4 147 147 147 139 139 131 131 131 139 146 146 146 122
122 138 138 138 122 140 140 140 137 137 137 132 132 3 3 3
123 123 124 124 124 121 123 144 144 121 129 129 136 136 144 130
