0 0 0 1 1 1 0 0 0 0 0 0 1 1 1 0
0 0 1 1 1 0 0 0 0 0 0 0 0 1 1 1
1 1 0 0 1 1 0 0 1 1 0 1 1 1 1 1
1 1 1 1 1 1 1 0 0 0 0 0 0 0 0 0
1 1 0 0 1 1 1 1 1 1 1 1 0 0 0 0
0 0 1 1 0 0 1 1 1 1 1 1 1 1 1 1
1 0 0 0 0 1 1 1 1 1 1 1 1 0 0 0
0 0 1 1 1 1 0 0 0 1 1 1 1 0 1 0
0 0 1 1 1 1 1 1 0 0 0 1 1 1 1 1
1 1 1 1 0 0 0 1 1 1 1 0 0 1 1 0
0 0 1 0 0 0 0 1 0 0 0 0 0 0 1 0
1 1 1 0 1 1 0 1 1 1 1 0 0 1 1 1
0 0 1 1 0 1 1 1 0 0 0 0 0 0 0 0
1 1 1 0 1 0 0 0 0 0 0 0 1 0 0 0
0 1 0 0 0 0 1 1 1 1 0 1 1 1 0 0
1 0 0 1 1 1 1 1 0 0 0 0 0 0 0 0
8 8 8 9 9 9 12 12 12 19 19 19 18 18 18 35
35 35 32 32 32 28 28 28 40 26 26 26 51 34 34 34
52 52 58 49 48 75 67 67 75 41 65 129 48 48 59 59
59 41 99 68 75 41 52 44 10 44 17 17 100 100 100 96
16 16 10 10 147 147 147 66 16 145 145 145 58 146 146 65
65 17 115 115 40 40 120 88 88 88 66 11 11 11 120 120
66 51 33 33 51 36 36 20 20 50 73 73 73 60 60 84
84 84 20 50 50 25 72 72 72 113 113 113 64 112 90 91
91 91 4 4 4 25 64 25 114 114 114 43 97 97 97 90
90 64 108 115 42 42 42 83 83 83 57 24 116 57 57 107
107 107 36 112 56 56 56 43 74 74 74 116 76 76 104 67
104 104 131 60 108 108 116 131 131 68 68 112 121 138 138 138
121 121 124 43 58 106 106 106 96 96 24 24 130 130 76 130
92 92 92 139 124 89 89 89 44 105 98 98 124 137 105 105
33 27 132 146 139 139 27 27 129 129 98 136 136 136 132 132
140 137 137 140 140 122 122 122 144 144 144 3 3 49 49 3
