0 0 1 1 1 1 0 0 0 0 0 0 1 1 1 1
1 1 0 1 0 0 0 0 0 1 1 1 1 0 0 1
0 0 1 0 1 0 0 0 0 1 0 0 1 1 1 0
1 1 1 1 0 0 0 0 0 0 0 1 0 0 0 0
0 0 0 0 0 0 0 0 0 0 0 1 1 1 1 0
1 1 0 1 0 1 0 1 1 1 1 1 0 1 0 0
1 1 1 1 1 1 1 1 0 1 0 0 1 0 0 1
0 0 1 0 0 1 1 1 0 0 0 0 1 1 1 0
0 1 0 0 1 1 1 0 1 0 1 0 1 1 1 1
1 1 1 1 0 1 1 1 0 0 0 0 0 0 1 1
1 0 1 1 0 0 0 0 1 0 1 0 1 1 0 1
1 0 0 0 0 0 1 0 0 0 0 1 1 1 0 1
1 1 1 1 1 1 1 1 0 0 0 0 1 1 1 1
1 0 0 1 0 1 1 1 1 0 0 1 1 1 1 0
0 1 1 1 1 0 0 0 0 1 1 1 1 0 0 0
1 0 0 0 0 1 1 1 0 0 1 1 1 0 0 1
40 40 43 43 43 32 12 84 12 84 84 12 11 11 11 25
9 25 98 36 98 98 40 19 96 41 41 41 106 96 96 66
33 107 66 76 66 58 105 58 51 9 28 51 106 92 92 24
92 106 73 73 91 33 33 24 91 51 8 9 8 24 10 42
42 10 10 60 60 60 42 28 35 35 35 16 48 83 83 28
97 97 26 97 26 83 26 16 16 48 48 34 58 20 19 19
27 27 34 34 104 27 104 20 89 104 67 8 36 89 89 36
17 17 20 67 17 32 32 25 105 91 105 67 88 88 88 44
44 68 49 44 18 99 99 49 99 49 68 100 68 18 64 18
64 64 50 50 100 145 145 145 100 132 146 132 146 146 50 59
90 65 59 59 65 65 76 76 73 72 52 72 75 90 72 75
75 74 74 139 139 139 90 132 56 56 74 4 4 4 56 52
52 147 147 57 147 124 124 124 121 121 121 130 57 57 120 138
131 130 130 131 137 131 138 138 136 137 137 136 136 115 115 107
107 108 115 120 120 116 116 116 114 108 113 113 108 128 114 128
113 112 112 128 112 140 140 140 123 114 129 129 129 123 123 122
