1 0 1 1 1 0 0 1 0 1 1 0 0 0 1 1
0 0 0 1 0 1 1 1 0 0 1 0 1 1 1 0
0 1 0 1 1 0 0 0 1 0 0 1 0 1 1 1
1 0 0 1 1 1 0 0 0 1 0 1 1 0 0 0
0 0 0 0 0 0 0 0 0 1 1 1 1 1 1 0
0 1 0 0 1 1 0 0 1 1 1 1 0 1 1 1
0 1 1 0 0 1 0 1 1 1 1 1 1 0 1 0
0 0 0 0 0 1 0 1 1 1 1 1 0 1 0 1
1 0 1 1 1 0 1 1 1 0 0 1 1 0 0 0
1 0 0 0 0 0 0 0 0 0 1 1 0 1 0 0
0 1 0 0 0 1 0 0 0 1 1 0 0 0 1 1
1 0 1 0 0 0 1 1 0 1 0 0 1 1 1 1
1 0 0 0 1 1 0 1 1 0 1 0 0 1 1 1
1 1 0 1 1 1 1 1 0 1 1 0 0 0 1 0
1 1 0 0 1 1 1 1 1 1 1 0 0 1 0 1
1 0 0 0 0 0 0 0 0 0 1 1 1 0 0 1
9 105 11 88 36 58 51 99 72 129 129 114 49 60 92 129
132 128 128 43 128 113 136 27 96 84 52 74 113 20 27 72
40 90 107 115 104 91 35 98 115 44 100 73 114 88 64 90
50 67 74 83 25 48 130 96 65 92 72 68 92 65 146 146
56 146 49 96 56 51 44 56 60 124 20 18 50 11 57 65
114 27 35 40 97 97 91 91 64 20 66 68 58 68 136 41
76 97 138 44 89 57 58 57 140 48 120 48 83 49 11 24
26 98 105 28 42 9 35 59 36 64 145 145 26 145 130 36
25 24 88 41 50 84 52 41 75 76 26 59 52 112 60 89
66 42 112 139 24 76 116 84 33 17 59 136 112 66 100 33
137 120 105 139 89 25 10 19 28 43 106 130 40 17 108 73
122 67 73 17 67 33 106 75 116 32 116 137 104 83 106 138
4 12 100 28 147 75 3 104 18 8 9 137 123 140 147 32
122 138 98 113 124 124 32 147 8 16 115 10 12 51 131 3
108 108 107 107 34 34 16 99 122 99 43 123 42 4 144 140
4 74 144 19 8 10 144 123 19 3 18 34 16 132 132 120
