0 0 0 1 1 0 0 1 0 0 0 1 0 0 0 1
1 1 1 0 1 0 0 0 1 1 0 0 0 0 0 1
0 0 1 0 1 0 1 1 0 0 0 0 0 0 0 1
1 1 1 0 1 1 1 1 1 0 1 0 1 0 0 0
0 0 0 0 1 1 1 0 0 0 0 0 1 1 1 1
1 0 1 0 1 1 1 1 1 1 1 1 0 1 1 1
0 0 0 1 1 1 0 0 0 0 1 1 1 0 0 0
0 0 1 1 1 1 1 0 1 1 0 0 1 1 1 0
0 1 0 1 0 0 0 1 1 0 1 0 1 1 0 0
1 1 1 1 1 0 1 1 1 1 1 1 0 1 0 0
1 1 0 0 0 0 0 0 0 0 0 0 0 0 1 1
0 0 0 0 0 0 1 1 1 0 1 1 1 1 0 0
1 1 1 1 1 1 0 0 0 1 0 1 1 1 1 0
1 0 1 0 0 0 1 0 0 0 0 1 1 1 1 1
1 1 0 1 1 1 0 1 0 1 0 1 1 1 1 1
1 1 0 0 1 1 1 0 0 0 0 0 0 0 0 1
40 40 40 9 9 42 19 9 96 96 19 41 19 42 42 41
41 43 43 10 43 10 10 24 11 11 24 24 60 60 28 11
60 96 20 28 20 28 16 32 98 8 98 84 51 8 35 16
48 20 48 84 48 36 36 36 97 51 16 51 99 12 12 84
17 12 17 17 32 32 50 8 98 35 35 89 97 83 83 83
97 89 104 89 27 34 34 34 104 66 27 27 67 104 66 66
58 26 58 106 106 106 26 26 58 49 90 90 90 67 100 100
100 67 88 88 25 25 68 146 25 99 146 146 88 145 145 33
33 68 105 75 105 105 91 73 52 91 68 33 18 92 91 107
18 99 64 18 59 44 50 64 50 64 145 59 107 59 44 44
73 73 49 49 132 132 132 139 139 56 56 139 116 56 92 92
65 65 65 76 76 76 4 4 4 72 147 52 52 138 72 72
138 138 147 120 115 147 107 74 130 115 116 120 75 136 75 74
136 74 136 130 130 137 120 137 137 121 121 57 57 124 115 57
124 124 121 140 131 131 114 131 114 129 114 129 140 129 140 108
108 108 116 128 113 113 113 128 128 112 112 112 123 123 123 122
