0 0 0 1 1 0 0 1 0 0 0 1 0 0 0 1
1 1 1 0 1 0 0 0 1 1 0 0 0 0 0 0
0 0 1 0 1 0 0 0 0 1 1 1 1 1 1 1
1 1 1 1 0 0 0 0 0 0 0 0 0 0 0 0
0 0 1 1 1 0 0 1 1 1 1 0 1 0 1 1
0 1 1 1 1 1 1 1 1 0 0 0 0 1 0 0
1 0 0 0 0 0 1 0 0 0 1 1 1 1 1 1
1 1 1 1 1 1 1 0 1 0 0 0 1 0 0 1
1 0 0 0 0 0 0 1 0 0 0 0 0 1 1 0
1 0 1 1 0 1 1 1 1 1 1 1 1 1 0 0
1 1 1 1 1 1 0 1 1 0 1 1 1 1 1 1
1 1 1 0 0 0 0 0 0 0 0 0 0 0 0 1
1 1 1 1 1 1 0 0 1 1 0 0 0 0 0 0
0 0 0 0 1 1 1 1 1 1 0 1 1 0 1 0
1 0 1 1 1 0 0 0 1 1 1 1 1 1 0 1
0 1 1 1 0 0 0 0 0 0 0 0 1 1 1 1
40 40 40 9 9 42 19 9 96 96 19 41 19 42 42 41
41 43 43 10 43 10 10 24 11 11 24 24 60 60 84 96
28 28 48 28 11 60 35 35 35 48 48 16 16 16 20 20
20 36 36 36 51 26 51 8 51 84 89 89 89 84 98 17
17 17 88 88 32 26 98 66 106 66 106 98 66 67 106 34
26 34 83 97 97 97 83 83 34 12 8 12 8 27 12 58
27 58 58 105 105 105 52 44 67 67 59 73 32 27 32 25
25 25 88 99 99 52 99 33 145 33 33 91 73 91 91 145
145 146 146 44 44 146 100 92 100 139 139 132 139 59 52 132
147 132 147 115 100 147 68 18 68 68 73 59 92 92 49 76
18 50 90 18 50 50 49 64 64 49 90 4 64 104 90 104
104 4 4 56 56 56 130 130 130 116 72 72 72 116 116 115
108 115 108 120 108 120 107 76 120 113 114 65 65 114 65 76
107 107 114 74 113 138 113 138 124 75 74 75 75 74 124 112
57 121 57 57 124 121 121 137 138 131 136 131 131 136 137 136
137 140 140 140 112 123 123 123 128 112 128 128 129 129 129 122
