1 0 12 0 0 0 0 0 0 179157 0 0 0 121977 0 0 0 0 0 0 0 111323 0 0 0 0 0 0 0 0 0 0 0 0 0 0 0 0 0 0 0 0 0 0 0 0 0 0 0 0 98429 0 0 0 0 0 0 0 0 0 0 0 0 0 0 0 0 0 0 104051 0 0 0 0 0 0 0 0 0 0 0 0 0 100320 0 0 0 0 0 0 0 0 0 0 0 0 0 0 0 0 96266 0 0 0 102308 0 0 0 0 0 0 0 0 0 0 0 0 0 0 0 0 0 0 0 0 0 0 0 101719 0 0 182994 0 0 0 0 0 0 0 0 0 0 0 0 196161 0 0 0 0 0 0 0 0 0 0 0 0 0 0 0 0 0 0 0 0 0 0 0 0 0 0 0 139201 0 0 0 0 0 0 0 0 99401 0 0 0 0 0 0 0 0 111692 0 0 0 0 0 0 236933 0 0 0 0 0 0 0 0 0 0 88846 0 0 0 103141 0 0 105095 0 0 0 0 0 0 0 0 110785 0 0 97908 0 0 126778 0 0 0 0 0 0 0 0 0 0 0 0 0 0 0 155555 0 0 0 106283 0 0 0 0 0 0 0 0 0 
1 1 12 0 0 0 0 0 0 377369 0 0 0 257140 0 0 0 0 0 0 0 233980 0 0 0 0 0 0 0 0 0 0 0 0 0 0 0 0 0 0 0 0 0 0 0 0 0 0 0 0 207060 0 0 0 0 0 0 0 0 0 0 0 0 0 0 0 0 0 0 219448 0 0 0 0 0 0 0 0 0 0 0 0 0 211029 0 0 0 0 0 0 0 0 0 0 0 0 0 0 0 0 202125 0 0 0 216074 0 0 0 0 0 0 0 0 0 0 0 0 0 0 0 0 0 0 0 0 0 0 0 213857 0 0 384991 0 0 0 0 0 0 0 0 0 0 0 0 413150 0 0 0 0 0 0 0 0 0 0 0 0 0 0 0 0 0 0 0 0 0 0 0 0 0 0 0 291814 0 0 0 0 0 0 0 0 208998 0 0 0 0 0 0 0 0 235680 0 0 0 0 0 0 499193 0 0 0 0 0 0 0 0 0 0 186474 0 0 0 218136 0 0 222033 0 0 0 0 0 0 0 0 232295 0 0 206072 0 0 265943 0 0 0 0 0 0 0 0 0 0 0 0 0 0 0 328314 0 0 0 223257 0 0 0 0 0 0 0 0 0 
1 2 12 0 0 0 0 0 0 578320 0 0 0 392531 0 0 0 0 0 0 0 358854 0 0 0 0 0 0 0 0 0 0 0 0 0 0 0 0 0 0 0 0 0 0 0 0 0 0 0 0 316473 0 0 0 0 0 0 0 0 0 0 0 0 0 0 0 0 0 0 335983 0 0 0 0 0 0 0 0 0 0 0 0 0 322559 0 0 0 0 0 0 0 0 0 0 0 0 0 0 0 0 309141 0 0 0 330004 0 0 0 0 0 0 0 0 0 0 0 0 0 0 0 0 0 0 0 0 0 0 0 326948 0 0 587975 0 0 0 0 0 0 0 0 0 0 0 0 632140 0 0 0 0 0 0 0 0 0 0 0 0 0 0 0 0 0 0 0 0 0 0 0 0 0 0 0 446578 0 0 0 0 0 0 0 0 319573 0 0 0 0 0 0 0 0 361752 0 0 0 0 0 0 763277 0 0 0 0 0 0 0 0 0 0 285040 0 0 0 333203 0 0 339712 0 0 0 0 0 0 0 0 356215 0 0 315520 0 0 408042 0 0 0 0 0 0 0 0 0 0 0 0 0 0 0 502280 0 0 0 340878 0 0 0 0 0 0 0 0 0 
1 3 12 0 0 0 0 0 0 778122 0 0 0 528205 0 0 0 0 0 0 0 483188 0 0 0 0 0 0 0 0 0 0 0 0 0 0 0 0 0 0 0 0 0 0 0 0 0 0 0 0 425201 0 0 0 0 0 0 0 0 0 0 0 0 0 0 0 0 0 0 451798 0 0 0 0 0 0 0 0 0 0 0 0 0 433448 0 0 0 0 0 0 0 0 0 0 0 0 0 0 0 0 415982 0 0 0 444796 0 0 0 0 0 0 0 0 0 0 0 0 0 0 0 0 0 0 0 0 0 0 0 440010 0 0 791067 0 0 0 0 0 0 0 0 0 0 0 0 850854 0 0 0 0 0 0 0 0 0 0 0 0 0 0 0 0 0 0 0 0 0 0 0 0 0 0 0 600582 0 0 0 0 0 0 0 0 430005 0 0 0 0 0 0 0 0 485740 0 0 0 0 0 0 1026989 0 0 0 0 0 0 0 0 0 0 383154 0 0 0 447903 0 0 457629 0 0 0 0 0 0 0 0 479072 0 0 423773 0 0 549373 0 0 0 0 0 0 0 0 0 0 0 0 0 0 0 675093 0 0 0 458408 0 0 0 0 0 0 0 0 0 
1 4 12 0 0 0 0 0 0 970232 0 0 0 660354 0 0 0 0 0 0 0 604155 0 0 0 0 0 0 0 0 0 0 0 0 0 0 0 0 0 0 0 0 0 0 0 0 0 0 0 0 532220 0 0 0 0 0 0 0 0 0 0 0 0 0 0 0 0 0 0 564635 0 0 0 0 0 0 0 0 0 0 0 0 0 540944 0 0 0 0 0 0 0 0 0 0 0 0 0 0 0 0 520210 0 0 0 556638 0 0 0 0 0 0 0 0 0 0 0 0 0 0 0 0 0 0 0 0 0 0 0 549290 0 0 988430 0 0 0 0 0 0 0 0 0 0 0 0 1064264 0 0 0 0 0 0 0 0 0 0 0 0 0 0 0 0 0 0 0 0 0 0 0 0 0 0 0 750871 0 0 0 0 0 0 0 0 536341 0 0 0 0 0 0 0 0 607200 0 0 0 0 0 0 1283138 0 0 0 0 0 0 0 0 0 0 479294 0 0 0 559615 0 0 571451 0 0 0 0 0 0 0 0 599071 0 0 529808 0 0 686181 0 0 0 0 0 0 0 0 0 0 0 0 0 0 0 842745 0 0 0 573877 0 0 0 0 0 0 0 0 0 
1 5 12 0 0 0 0 0 0 1168490 0 0 0 793893 0 0 0 0 0 0 0 726228 0 0 0 0 0 0 0 0 0 0 0 0 0 0 0 0 0 0 0 0 0 0 0 0 0 0 0 0 639997 0 0 0 0 0 0 0 0 0 0 0 0 0 0 0 0 0 0 678422 0 0 0 0 0 0 0 0 0 0 0 0 0 649723 0 0 0 0 0 0 0 0 0 0 0 0 0 0 0 0 625052 0 0 0 668885 0 0 0 0 0 0 0 0 0 0 0 0 0 0 0 0 0 0 0 0 0 0 0 660016 0 0 1187710 0 0 0 0 0 0 0 0 0 0 0 0 1278727 0 0 0 0 0 0 0 0 0 0 0 0 0 0 0 0 0 0 0 0 0 0 0 0 0 0 0 902330 0 0 0 0 0 0 0 0 646146 0 0 0 0 0 0 0 0 729869 0 0 0 0 0 0 1541759 0 0 0 0 0 0 0 0 0 0 575778 0 0 0 672927 0 0 686405 0 0 0 0 0 0 0 0 719715 0 0 636521 0 0 825555 0 0 0 0 0 0 0 0 0 0 0 0 0 0 0 1013185 0 0 0 689044 0 0 0 0 0 0 0 0 0 
1 6 12 0 0 0 0 0 0 1370763 0 0 0 930226 0 0 0 0 0 0 0 851619 0 0 0 0 0 0 0 0 0 0 0 0 0 0 0 0 0 0 0 0 0 0 0 0 0 0 0 0 750663 0 0 0 0 0 0 0 0 0 0 0 0 0 0 0 0 0 0 795081 0 0 0 0 0 0 0 0 0 0 0 0 0 761820 0 0 0 0 0 0 0 0 0 0 0 0 0 0 0 0 732940 0 0 0 784323 0 0 0 0 0 0 0 0 0 0 0 0 0 0 0 0 0 0 0 0 0 0 0 773571 0 0 1391034 0 0 0 0 0 0 0 0 0 0 0 0 1499860 0 0 0 0 0 0 0 0 0 0 0 0 0 0 0 0 0 0 0 0 0 0 0 0 0 0 0 1058170 0 0 0 0 0 0 0 0 757647 0 0 0 0 0 0 0 0 855144 0 0 0 0 0 0 1805440 0 0 0 0 0 0 0 0 0 0 674965 0 0 0 788153 0 0 803542 0 0 0 0 0 0 0 0 844327 0 0 746623 0 0 967962 0 0 0 0 0 0 0 0 0 0 0 0 0 0 0 1186324 0 0 0 808698 0 0 0 0 0 0 0 0 0 
5000 0 11 0 0 0 0 0 0 0 0 0 0 0 0 0 0 0 0 99228 0 0 0 0 0 0 0 0 0 0 0 0 0 0 0 0 113119 0 0 0 0 0 0 0 0 0 0 0 0 0 0 0 0 0 0 0 94853 0 0 91270 0 97885 0 0 0 0 0 0 93961 0 0 0 0 0 0 0 0 0 0 0 0 0 0 93741 0 0 0 0 0 0 0 100440 0 0 0 0 0 106178 0 0 0 0 0 0 0 90930 0 0 0 0 0 0 0 95009 220822 0 0 0 0 0 0 0 0 0 0 0 0 93657 0 0 102049 0 0 0 95415 0 0 0 0 0 0 0 0 0 0 0 0 92336 0 93181 0 0 91775 0 0 0 93825 0 0 0 0 0 0 0 0 0 0 0 0 0 0 0 0 0 0 0 0 0 0 0 91903 0 0 0 0 0 0 0 102600 0 0 0 0 0 0 0 0 0 0 0 0 0 0 0 0 97760 0 0 0 0 0 0 0 0 0 0 0 0 0 0 0 0 0 0 0 0 0 98541 0 102515 0 0 102049 0 0 93565 0 0 0 0 0 0 0 104831 0 0 107981 0 0 0 0 0 0 0 0 0 0 91135 110828 88856 
5000 1 11 0 0 0 0 0 0 0 0 0 0 0 0 0 0 0 0 215932 0 0 0 0 0 0 0 0 0 0 0 0 0 0 0 0 245640 0 0 0 0 0 0 0 0 0 0 0 0 0 0 0 0 0 0 0 206591 0 0 198654 0 211401 0 0 0 0 0 0 206079 0 0 0 0 0 0 0 0 0 0 0 0 0 0 203886 0 0 0 0 0 0 0 221107 0 0 0 0 0 230889 0 0 0 0 0 0 0 197547 0 0 0 0 0 0 0 206378 480087 0 0 0 0 0 0 0 0 0 0 0 0 202893 0 0 222309 0 0 0 207528 0 0 0 0 0 0 0 0 0 0 0 0 200669 0 202848 0 0 199608 0 0 0 205666 0 0 0 0 0 0 0 0 0 0 0 0 0 0 0 0 0 0 0 0 0 0 0 199408 0 0 0 0 0 0 0 222253 0 0 0 0 0 0 0 0 0 0 0 0 0 0 0 0 212579 0 0 0 0 0 0 0 0 0 0 0 0 0 0 0 0 0 0 0 0 0 212804 0 221968 0 0 223563 0 0 202018 0 0 0 0 0 0 0 227262 0 0 237211 0 0 0 0 0 0 0 0 0 0 200270 242756 193519 
5000 2 11 0 0 0 0 0 0 0 0 0 0 0 0 0 0 0 0 314880 0 0 0 0 0 0 0 0 0 0 0 0 0 0 0 0 357964 0 0 0 0 0 0 0 0 0 0 0 0 0 0 0 0 0 0 0 301130 0 0 290004 0 309685 0 0 0 0 0 0 300903 0 0 0 0 0 0 0 0 0 0 0 0 0 0 297430 0 0 0 0 0 0 0 322588 0 0 0 0 0 337154 0 0 0 0 0 0 0 288652 0 0 0 0 0 0 0 302120 700392 0 0 0 0 0 0 0 0 0 0 0 0 296693 0 0 324207 0 0 0 302713 0 0 0 0 0 0 0 0 0 0 0 0 292545 0 296577 0 0 291313 0 0 0 300126 0 0 0 0 0 0 0 0 0 0 0 0 0 0 0 0 0 0 0 0 0 0 0 290407 0 0 0 0 0 0 0 325915 0 0 0 0 0 0 0 0 0 0 0 0 0 0 0 0 310295 0 0 0 0 0 0 0 0 0 0 0 0 0 0 0 0 0 0 0 0 0 311689 0 325441 0 0 325924 0 0 295734 0 0 0 0 0 0 0 331079 0 0 345671 0 0 0 0 0 0 0 0 0 0 291853 354470 281927 
5000 3 11 0 0 0 0 0 0 0 0 0 0 0 0 0 0 0 0 420691 0 0 0 0 0 0 0 0 0 0 0 0 0 0 0 0 478052 0 0 0 0 0 0 0 0 0 0 0 0 0 0 0 0 0 0 0 401964 0 0 387952 0 413572 0 0 0 0 0 0 402332 0 0 0 0 0 0 0 0 0 0 0 0 0 0 397326 0 0 0 0 0 0 0 430830 0 0 0 0 0 450069 0 0 0 0 0 0 0 385381 0 0 0 0 0 0 0 403729 935048 0 0 0 0 0 0 0 0 0 0 0 0 397192 0 0 433366 0 0 0 404843 0 0 0 0 0 0 0 0 0 0 0 0 391149 0 396152 0 0 389271 0 0 0 401426 0 0 0 0 0 0 0 0 0 0 0 0 0 0 0 0 0 0 0 0 0 0 0 388048 0 0 0 0 0 0 0 435500 0 0 0 0 0 0 0 0 0 0 0 0 0 0 0 0 414639 0 0 0 0 0 0 0 0 0 0 0 0 0 0 0 0 0 0 0 0 0 418070 0 434630 0 0 435242 0 0 396671 0 0 0 0 0 0 0 441863 0 0 461942 0 0 0 0 0 0 0 0 0 0 390515 473805 376651 
5000 4 11 0 0 0 0 0 0 0 0 0 0 0 0 0 0 0 0 519798 0 0 0 0 0 0 0 0 0 0 0 0 0 0 0 0 591877 0 0 0 0 0 0 0 0 0 0 0 0 0 0 0 0 0 0 0 496164 0 0 479438 0 511493 0 0 0 0 0 0 497630 0 0 0 0 0 0 0 0 0 0 0 0 0 0 490186 0 0 0 0 0 0 0 532576 0 0 0 0 0 555449 0 0 0 0 0 0 0 475764 0 0 0 0 0 0 0 499556 1154949 0 0 0 0 0 0 0 0 0 0 0 0 490180 0 0 534787 0 0 0 498846 0 0 0 0 0 0 0 0 0 0 0 0 484053 0 489005 0 0 481569 0 0 0 496078 0 0 0 0 0 0 0 0 0 0 0 0 0 0 0 0 0 0 0 0 0 0 0 478360 0 0 0 0 0 0 0 538345 0 0 0 0 0 0 0 0 0 0 0 0 0 0 0 0 512122 0 0 0 0 0 0 0 0 0 0 0 0 0 0 0 0 0 0 0 0 0 516868 0 537368 0 0 537837 0 0 489775 0 0 0 0 0 0 0 546816 0 0 571221 0 0 0 0 0 0 0 0 0 0 482532 586507 465804 
5000 5 11 0 0 0 0 0 0 0 0 0 0 0 0 0 0 0 0 630376 0 0 0 0 0 0 0 0 0 0 0 0 0 0 0 0 718219 0 0 0 0 0 0 0 0 0 0 0 0 0 0 0 0 0 0 0 602857 0 0 581630 0 619998 0 0 0 0 0 0 603282 0 0 0 0 0 0 0 0 0 0 0 0 0 0 595750 0 0 0 0 0 0 0 645491 0 0 0 0 0 674556 0 0 0 0 0 0 0 577783 0 0 0 0 0 0 0 605605 1403596 0 0 0 0 0 0 0 0 0 0 0 0 595221 0 0 649927 0 0 0 606084 0 0 0 0 0 0 0 0 0 0 0 0 586854 0 593982 0 0 584430 0 0 0 601043 0 0 0 0 0 0 0 0 0 0 0 0 0 0 0 0 0 0 0 0 0 0 0 581694 0 0 0 0 0 0 0 652871 0 0 0 0 0 0 0 0 0 0 0 0 0 0 0 0 621295 0 0 0 0 0 0 0 0 0 0 0 0 0 0 0 0 0 0 0 0 0 626952 0 651179 0 0 650860 0 0 593940 0 0 0 0 0 0 0 662840 0 0 691197 0 0 0 0 0 0 0 0 0 0 584837 709607 564974 
5000 6 11 0 0 0 0 0 0 0 0 0 0 0 0 0 0 0 0 743916 0 0 0 0 0 0 0 0 0 0 0 0 0 0 0 0 847746 0 0 0 0 0 0 0 0 0 0 0 0 0 0 0 0 0 0 0 711380 0 0 686232 0 732773 0 0 0 0 0 0 712635 0 0 0 0 0 0 0 0 0 0 0 0 0 0 704130 0 0 0 0 0 0 0 762728 0 0 0 0 0 796174 0 0 0 0 0 0 0 681337 0 0 0 0 0 0 0 715770 1655135 0 0 0 0 0 0 0 0 0 0 0 0 701655 0 0 766021 0 0 0 716531 0 0 0 0 0 0 0 0 0 0 0 0 692435 0 700298 0 0 689294 0 0 0 710848 0 0 0 0 0 0 0 0 0 0 0 0 0 0 0 0 0 0 0 0 0 0 0 687075 0 0 0 0 0 0 0 771958 0 0 0 0 0 0 0 0 0 0 0 0 0 0 0 0 732452 0 0 0 0 0 0 0 0 0 0 0 0 0 0 0 0 0 0 0 0 0 740183 0 769667 0 0 770011 0 0 701321 0 0 0 0 0 0 0 782108 0 0 817781 0 0 0 0 0 0 0 0 0 0 690539 839624 666669 
