1 1 0 0 1 0 0 1 0 0 1 0 0 0 0 0
1 1 1 0 0 0 0 1 1 1 0 0 0 1 0 1
0 1 0 0 0 0 0 0 0 0 1 0 1 1 0 0
1 0 0 1 1 0 1 1 0 0 1 1 0 0 0 0
1 1 0 1 1 0 0 0 0 0 0 0 1 1 1 0
0 1 0 1 0 0 1 0 0 0 0 1 1 1 1 0
0 1 1 0 1 0 1 1 0 0 0 0 1 1 0 1
0 1 1 0 1 1 0 0 0 1 0 0 1 1 0 1
1 1 1 1 0 1 1 0 0 1 1 1 0 0 1 0
0 0 0 0 0 0 0 0 0 0 0 1 0 1 0 1
0 1 0 0 1 0 1 1 1 0 1 0 0 1 0 1
1 1 1 0 1 1 1 1 1 0 0 1 1 0 1 1
1 0 0 0 1 1 1 1 1 1 0 1 1 0 1 0
0 0 1 0 1 0 0 0 0 0 0 0 0 1 1 1
0 1 1 0 0 0 0 1 1 1 1 1 0 1 0 0
0 1 0 0 1 0 0 0 0 1 1 0 1 0 1 1
31 29 50 28 55 22 14 49 6 34 47 6 36 42 34 24
21 31 27 30 54 26 22 31 27 25 34 12 42 47 28 49
20 53 46 24 16 40 52 46 24 36 37 16 41 43 54 24
43 36 48 35 51 34 25 47 14 26 47 55 12 34 24 26
9 41 10 11 39 28 14 26 24 48 44 16 29 17 45 26
14 7 46 47 8 38 55 6 20 42 44 35 23 51 9 48
42 49 19 6 45 8 51 17 8 54 44 42 43 53 22 29
50 23 31 38 43 33 32 46 44 31 50 16 49 9 16 33
27 33 39 35 14 7 53 54 28 13 51 45 32 18 9 28
32 50 30 8 34 54 54 42 30 20 46 29 16 43 36 37
42 41 8 34 47 38 37 35 11 46 49 6 24 19 28 15
41 33 13 24 13 43 11 45 37 32 8 55 43 16 39 37
19 28 26 36 19 43 37 7 43 15 34 51 37 28 47 46
36 52 17 8 41 10 30 48 22 16 22 36 40 41 13 13
28 47 33 20 42 24 38 23 37 27 43 23 12 39 44 18
38 23 36 22 19 50 42 14 12 19 45 22 55 16 13 27
