0 1 0 0 0 1 0 1 1 1 1 0 1 0 1 0
0 0 0 1 1 0 1 1 0 1 1 0 1 1 0 1
1 1 0 0 0 1 0 0 0 0 0 0 1 0 1 0
1 0 1 1 1 0 1 1 1 1 1 1 1 1 0 1
0 0 0 0 0 0 1 1 0 1 1 0 0 1 1 0
0 1 1 1 1 0 0 0 1 1 1 0 0 0 1 0
0 0 1 0 0 0 0 0 1 0 1 0 1 0 0 1
1 1 1 1 1 1 0 1 1 0 0 0 0 0 0 1
1 1 1 0 0 1 0 1 1 0 0 1 1 1 0 1
0 0 0 0 0 0 1 0 0 0 1 1 0 1 0 0
0 1 0 1 1 1 1 0 0 1 1 0 0 0 0 1
1 0 0 0 0 1 0 0 1 0 0 1 1 1 0 0
0 0 0 1 1 1 1 1 0 1 0 0 1 1 0 0
1 0 1 1 1 0 0 0 0 1 0 0 1 1 0 1
0 0 1 0 0 0 0 1 0 0 0 0 0 0 0 1
0 0 0 1 0 1 1 0 1 1 0 0 0 0 0 1
8 19 6 54 44 33 38 21 31 11 9 14 17 22 43 8
30 22 36 25 21 20 17 53 28 53 43 52 49 39 42 37
9 37 24 46 20 51 28 24 34 52 52 26 41 14 25 30
43 32 17 45 25 28 11 17 9 15 9 29 13 39 22 25
52 28 12 40 20 12 47 15 14 23 55 50 24 49 13 38
42 21 29 51 7 32 12 54 37 53 43 22 30 22 31 44
16 18 19 44 32 40 10 54 13 6 49 16 23 10 54 13
37 19 13 49 21 15 16 37 15 10 14 50 26 50 52 19
17 13 41 10 26 23 16 33 23 32 26 43 43 53 30 13
50 28 10 54 46 32 55 16 34 30 47 49 18 13 12 54
50 51 16 29 11 15 37 42 8 35 29 16 26 18 14 53
53 50 18 10 8 45 42 10 53 30 6 43 21 21 26 50
38 24 14 33 31 51 19 43 6 41 26 28 11 9 42 20
49 30 29 41 23 32 14 40 10 43 52 28 19 31 52 25
50 36 39 40 24 38 38 51 50 50 20 44 18 54 34 47
34 14 20 7 52 7 43 16 47 23 24 18 36 18 30 19
