1 0 0 1 1 0 1 0 1 1 1 1 1 1 1 0
0 1 0 1 1 0 1 1 1 0 1 0 0 0 0 1
0 1 1 0 0 0 1 1 1 1 0 1 0 1 1 0
0 1 0 1 1 0 1 0 1 0 1 0 1 0 0 1
1 1 1 0 1 0 1 0 0 1 0 1 1 0 1 1
1 1 0 1 1 1 1 1 0 0 0 1 0 1 0 1
0 0 1 1 1 0 1 1 1 1 1 0 0 0 0 1
0 1 0 1 1 1 0 1 0 1 0 1 0 1 0 1
1 1 1 1 0 1 1 1 1 0 1 0 0 1 0 0
0 0 1 1 1 0 0 1 0 1 1 0 0 0 0 1
1 1 0 0 1 1 1 0 1 1 0 0 0 0 0 0
1 0 0 0 1 0 1 0 0 0 0 1 0 0 1 0
0 0 1 1 0 1 1 0 0 0 0 0 1 1 0 0
0 0 0 1 1 0 0 0 1 1 1 0 1 1 0 1
0 1 1 1 0 0 0 1 1 1 0 0 0 1 1 1
1 1 1 0 0 1 0 0 1 0 1 1 0 0 1 1
45 44 34 7 17 52 35 48 33 19 31 23 55 33 37 6
6 25 24 33 31 50 7 55 51 54 43 20 40 20 34 17
26 49 17 10 52 40 49 53 43 35 14 15 16 53 13 48
6 13 46 55 15 46 43 42 39 52 19 30 53 14 26 47
19 15 49 22 29 42 51 48 28 13 24 23 47 36 43 21
11 53 32 31 23 11 29 49 22 6 8 45 40 27 20 23
40 46 49 51 47 6 53 15 37 15 19 34 26 20 28 55
52 33 30 49 7 17 10 31 18 25 32 27 24 45 24 49
7 23 47 23 32 7 53 27 13 22 25 6 26 41 8 16
34 44 17 23 7 20 44 9 8 11 43 6 42 22 10 39
15 43 18 36 45 33 11 40 29 51 12 48 50 50 44 8
43 6 32 10 17 14 51 46 10 22 24 11 16 50 53 22
8 20 27 35 14 15 25 16 34 28 16 34 15 55 50 26
48 22 20 37 51 18 8 28 11 43 17 28 15 11 30 55
14 35 29 23 34 30 16 13 53 33 44 44 10 45 45 45
15 29 37 14 28 53 38 22 25 10 31 41 54 28 47 55
