0 0 1 1 1 0 1 1 0 1 1 0 1 0 0 0
0 0 0 0 0 0 0 1 0 0 0 0 0 0 1 0
0 0 1 1 0 1 1 1 0 1 0 0 1 0 0 0
1 0 0 1 1 0 1 0 0 0 0 0 0 1 1 1
1 1 0 1 1 0 0 1 1 1 0 1 1 1 1 0
0 0 0 1 0 1 1 1 0 1 0 1 1 1 0 0
0 0 1 1 1 1 1 0 1 1 1 0 0 1 1 1
0 0 1 0 0 0 0 1 0 1 1 0 1 0 1 0
1 1 1 1 0 0 0 1 0 0 1 0 0 0 0 0
1 1 1 0 0 1 1 1 1 1 0 1 1 1 0 1
0 0 0 1 0 1 0 1 0 0 0 0 1 0 0 0
0 0 0 0 0 1 0 0 0 0 1 0 1 0 1 1
0 0 1 0 1 0 0 0 1 1 1 0 1 0 1 1
1 1 0 1 0 1 0 0 1 1 0 1 1 1 1 1
0 0 0 0 0 0 0 1 0 0 0 0 1 0 1 0
1 0 0 1 1 1 0 0 1 0 1 1 1 0 1 1
16 14 43 25 41 50 11 11 46 35 23 50 19 18 22 50
36 54 36 44 10 50 24 13 38 18 10 46 20 54 7 44
18 48 23 35 52 21 41 55 8 39 52 26 41 24 30 42
19 26 36 19 33 18 53 24 40 54 44 36 46 33 7 27
27 43 30 25 19 6 28 29 45 41 32 49 53 43 15 24
42 6 24 41 46 51 33 15 46 15 18 37 53 31 54 40
28 24 53 23 47 41 53 26 43 23 41 30 38 9 17 11
46 22 31 16 48 12 44 31 36 31 33 10 25 42 13 30
7 55 29 31 44 46 52 11 28 28 37 18 52 10 10 24
53 39 23 18 22 33 35 15 9 43 52 49 37 55 48 51
52 20 42 25 10 49 30 41 6 40 44 36 13 14 24 54
20 24 50 18 52 47 38 8 10 34 31 42 45 42 21 39
30 8 39 6 53 16 34 34 11 15 41 34 13 52 13 49
37 9 44 55 50 15 46 14 25 35 28 45 15 9 43 55
6 18 44 32 28 20 48 7 6 42 46 22 25 18 13 16
37 16 54 9 37 11 38 26 39 26 21 35 49 26 9 31
