1 0 0 1 1 0 0 1 0 1 1 0 0 0 1 0
0 1 0 1 0 1 1 1 0 1 0 0 0 1 1 1
1 0 1 0 1 1 0 0 0 0 0 1 0 0 1 0
1 0 1 1 1 0 0 0 0 1 1 1 0 1 0 0
0 0 1 0 1 1 1 0 1 0 1 0 1 1 1 1
0 1 1 0 1 1 0 1 0 1 0 1 0 0 0 0
0 1 0 0 1 1 0 0 0 0 1 1 1 1 1 1
1 1 0 1 1 0 0 1 1 0 0 1 0 1 1 0
1 1 0 0 1 0 1 1 0 0 0 0 0 1 0 1
0 0 0 1 1 0 1 1 1 1 1 1 1 0 0 0
0 1 1 1 1 1 0 1 1 1 0 1 0 0 1 0
0 1 1 1 0 1 1 1 1 0 1 1 1 0 0 0
0 0 0 1 0 1 0 0 1 0 0 1 0 0 1 1
1 0 0 1 1 1 0 0 1 0 0 0 0 1 1 1
0 1 0 0 0 1 1 1 0 0 0 0 0 0 1 0
1 1 0 0 1 1 1 1 1 1 0 1 1 1 1 1
35 26 28 15 33 34 28 51 40 21 21 38 10 16 53 30
42 7 42 31 22 37 51 33 34 9 8 14 20 55 45 9
47 22 11 22 25 35 36 14 40 34 8 51 10 38 41 12
37 8 37 13 53 12 42 8 36 13 51 39 42 45 30 52
54 28 27 50 21 35 9 32 7 8 13 32 19 25 49 11
6 15 43 32 27 49 6 11 52 51 12 47 40 32 40 22
30 35 12 32 11 47 30 42 32 28 27 43 9 27 23 19
33 29 18 13 51 16 20 11 25 28 26 49 6 41 37 48
23 45 48 54 33 36 31 31 24 50 12 18 30 15 8 19
54 20 16 23 29 24 11 37 27 19 55 21 17 20 10 38
10 37 17 15 13 27 12 49 35 19 36 15 48 18 21 14
30 39 53 7 8 43 35 39 13 18 33 45 19 40 8 34
20 18 44 41 54 55 40 26 39 20 10 35 6 36 25 11
53 44 24 15 25 25 12 12 37 16 36 30 18 37 37 19
42 45 10 40 40 45 53 23 26 54 40 40 30 50 27 48
37 11 26 8 9 41 47 47 35 17 28 11 51 47 51 35
