0 1 1 1 1 0 1 0 0 0 0 0 0 0 1 0
0 0 1 1 1 0 1 0 0 1 1 1 0 1 1 1
0 1 1 1 0 1 0 0 0 1 0 0 0 0 1 0
1 0 1 0 0 1 0 1 1 1 1 1 1 0 1 0
1 0 0 0 0 1 0 0 0 0 0 0 0 0 1 0
0 0 0 0 1 0 1 0 0 1 1 0 1 1 1 1
0 0 1 1 1 0 1 0 0 1 1 0 1 0 1 1
1 1 0 0 0 0 0 0 0 0 1 1 1 1 0 0
1 0 1 1 1 0 1 1 1 1 1 0 0 0 0 1
0 1 1 0 0 0 0 0 0 1 0 1 0 1 0 0
0 0 1 0 0 0 1 1 0 0 0 0 0 0 0 0
0 1 0 1 1 1 1 1 0 0 0 1 0 0 1 0
0 1 1 0 1 1 0 1 0 0 0 0 0 1 0 0
1 0 1 1 1 0 1 1 1 1 0 0 1 0 1 1
0 0 1 1 0 0 1 1 1 0 1 1 1 1 1 1
1 0 1 1 0 1 1 1 0 0 1 1 1 0 1 0
46 27 33 53 7 50 27 42 10 38 54 42 24 20 53 34
24 32 41 21 13 42 45 18 12 29 47 29 46 49 35 49
10 43 47 7 44 51 12 24 54 15 20 38 46 20 41 18
41 20 27 24 26 53 52 47 7 7 19 47 55 28 53 48
39 40 32 42 14 27 52 16 16 38 34 10 28 32 41 54
16 6 16 28 21 50 43 6 28 11 47 38 31 39 23 55
6 24 47 45 21 50 19 52 30 19 11 36 29 18 23 27
35 45 46 50 36 38 8 10 52 52 13 41 21 27 8 20
37 44 19 21 11 8 15 17 39 25 35 46 16 42 46 29
10 17 49 20 46 40 48 8 12 7 50 37 48 49 48 52
20 48 43 52 36 28 55 33 42 50 16 28 54 26 16 36
30 7 46 49 43 27 7 17 34 54 34 17 32 38 25 28
30 11 51 36 27 49 12 53 40 22 46 32 50 53 48 40
33 54 9 7 35 28 15 13 49 31 38 38 39 30 29 17
20 22 41 37 38 44 29 7 23 42 43 43 37 11 31 25
27 54 45 35 12 25 11 15 26 40 33 37 51 26 47 54
