0 0 0 0 1 1 1 1 0 1 0 1 1 0 0 0
0 1 1 1 0 1 0 1 0 0 0 1 1 0 0 0
0 1 1 1 1 0 1 1 1 0 1 1 0 0 0 1
0 0 1 0 1 1 0 0 1 1 1 1 1 0 1 1
1 1 0 1 0 0 0 1 1 1 1 0 1 1 1 1
1 1 0 0 1 1 1 0 0 0 1 0 1 0 0 1
1 0 0 1 0 0 1 1 0 1 1 1 0 0 1 1
0 1 1 0 1 1 0 0 1 0 1 0 1 0 0 1
0 1 0 1 0 1 1 0 0 1 0 1 0 1 0 0
1 1 1 1 0 0 1 0 1 0 0 0 0 1 0 0
0 0 0 0 1 1 0 0 1 0 0 1 1 0 1 0
1 0 0 1 1 0 0 0 0 0 0 0 0 0 0 1
1 0 1 0 0 0 1 0 0 0 0 1 0 0 0 1
1 1 0 1 1 0 1 1 0 0 0 0 1 0 0 1
0 0 0 1 0 1 0 0 0 1 1 0 0 0 0 1
0 1 0 1 0 0 0 0 1 0 0 0 0 1 1 1
8 38 12 36 29 21 39 7 28 33 12 39 33 38 10 50
54 55 21 27 48 31 50 35 10 44 14 27 55 42 28 16
34 9 39 9 39 48 9 19 55 6 41 41 54 50 52 27
34 42 33 54 35 31 26 52 45 41 15 47 9 42 15 55
39 55 10 35 36 28 52 51 27 49 41 54 29 53 17 21
43 55 12 46 31 43 9 48 18 54 23 10 25 42 42 41
35 18 34 27 30 40 17 47 24 31 13 49 48 18 47 49
50 15 51 28 55 15 54 54 25 12 53 28 47 48 44 25
20 45 18 11 24 31 23 24 18 17 6 21 38 13 8 28
27 29 25 21 22 36 7 54 51 16 32 28 26 49 12 12
20 46 18 10 15 25 30 26 53 54 18 53 15 34 43 54
29 52 40 25 7 28 18 36 10 50 36 34 14 12 34 45
15 38 55 38 10 10 35 14 8 22 38 37 24 28 8 9
15 41 44 55 15 32 17 13 34 8 50 50 53 50 36 41
14 8 18 27 16 9 20 6 16 25 53 12 24 48 10 37
20 25 8 33 34 16 28 8 35 10 36 32 42 21 41 47
