0 0 1 1 1 0 0 0 1 1 1 1 1 1 0 0
1 0 0 1 0 0 1 1 0 1 0 1 1 1 0 1
0 0 0 0 1 1 1 1 0 1 0 1 1 1 1 0
1 0 1 0 1 0 0 1 1 0 1 1 1 0 0 1
1 0 1 0 0 0 0 0 1 1 0 1 0 0 1 0
1 1 1 0 0 0 0 0 1 1 0 1 0 0 0 0
1 0 1 0 1 1 0 1 1 0 1 1 0 0 1 1
0 1 1 0 0 1 0 1 1 0 1 1 1 1 1 1
0 1 1 0 1 1 0 1 0 0 1 0 0 0 1 0
1 1 0 1 1 0 0 1 0 0 1 1 0 1 0 0
0 0 0 0 0 1 0 1 1 0 1 1 0 1 1 1
0 0 0 0 0 0 1 0 1 0 1 0 1 0 1 0
1 1 1 0 0 1 0 0 0 0 0 0 0 1 0 1
1 1 1 0 0 1 0 1 1 0 1 1 1 0 1 0
0 0 1 0 0 0 0 0 1 1 1 0 0 0 0 0
1 0 0 1 1 1 0 0 0 1 0 1 0 0 0 1
16 20 37 11 43 28 22 10 9 39 31 45 47 39 48 38
7 50 6 31 42 50 51 31 30 21 42 9 29 55 46 17
30 12 48 38 51 35 21 23 16 25 42 53 21 33 35 28
41 46 9 8 55 30 22 37 23 54 35 27 45 28 46 35
23 6 29 20 32 16 18 28 43 21 52 35 12 18 55 14
29 55 31 40 44 32 40 6 55 43 30 41 44 52 50 34
11 6 41 54 49 25 38 11 33 16 41 49 18 50 21 29
46 41 45 54 36 11 54 23 7 54 51 43 29 13 51 33
20 23 21 52 45 31 12 17 18 36 45 18 20 30 25 24
13 13 38 47 41 44 38 55 16 20 31 17 46 9 8 10
20 52 24 10 52 31 30 9 7 14 49 37 46 15 51 13
14 20 12 52 30 12 9 40 41 30 47 54 31 16 55 30
15 21 19 14 16 9 34 42 18 44 30 34 42 7 6 35
23 41 9 38 34 25 38 7 49 22 53 35 19 22 15 6
50 20 9 42 54 50 42 48 17 29 23 36 26 8 8 54
17 26 48 25 9 19 30 30 6 21 8 9 16 14 8 51
