0 0 0 0 0 0 0 0 0 0 0 1 1 0 1 1
1 1 0 0 0 0 0 0 0 0 0 0 1 1 0 0
0 0 1 1 1 1 0 1 1 0 1 1 0 0 1 1
1 0 1 1 0 0 0 1 1 1 1 1 1 0 0 1
0 0 1 1 1 1 0 1 0 0 1 0 1 0 0 1
0 1 0 1 1 0 0 1 1 1 1 0 0 1 1 1
1 0 1 1 1 0 0 1 0 0 0 1 1 0 0 1
0 1 1 1 0 0 0 1 0 1 1 1 0 1 1 1
0 0 1 1 1 0 0 0 0 1 1 0 1 1 1 0
0 0 1 0 0 0 0 0 1 1 0 1 0 1 1 0
1 1 0 0 0 0 1 1 0 0 0 0 0 1 0 0
0 0 0 0 0 1 1 0 1 0 0 0 1 1 1 0
0 1 1 0 0 0 0 1 0 1 0 0 0 0 1 1
0 0 0 0 0 1 0 0 1 1 0 1 1 0 1 1
1 1 0 1 0 1 1 1 0 1 1 1 1 1 1 1
0 1 1 0 1 1 0 0 0 0 0 0 1 1 1 0
18 30 32 10 52 38 22 44 28 18 18 9 9 22 27 11
43 51 48 40 32 14 38 42 52 32 48 34 25 33 12 20
18 10 29 43 51 51 36 13 49 20 47 27 22 6 11 41
23 38 11 33 50 32 32 31 53 19 49 7 51 14 54 15
50 10 43 7 55 43 46 31 54 48 43 26 43 38 44 43
24 43 34 33 51 44 38 55 35 45 25 50 22 21 7 41
53 50 53 11 43 32 10 35 48 54 10 9 43 8 42 15
52 13 45 31 22 34 22 51 34 33 13 27 36 53 21 37
36 20 47 53 43 38 34 42 32 43 35 50 25 9 23 22
12 44 21 24 44 40 16 50 45 51 16 41 50 23 11 30
45 47 28 6 12 42 35 49 28 36 54 40 44 41 30 24
20 16 12 36 48 25 39 48 55 50 28 44 23 39 7 28
20 43 25 32 6 34 30 17 46 23 46 24 46 24 17 55
26 16 36 20 36 33 20 44 13 25 10 13 43 38 33 33
29 21 12 13 48 25 11 49 38 51 29 15 9 49 17 29
28 43 17 22 49 39 6 46 12 12 34 54 19 43 41 42
