0 1 1 1 1 0 1 1 0 0 1 0 1 1 1 1
1 1 1 0 1 1 0 0 0 0 0 0 0 0 0 0
0 0 0 0 0 0 0 1 0 1 1 1 1 1 1 1
1 1 0 1 1 1 0 0 1 1 0 1 0 0 0 1
1 1 0 1 0 1 1 0 0 1 1 0 1 0 1 0
1 1 0 1 1 1 0 1 0 1 1 0 0 0 0 1
0 1 0 0 1 1 0 0 0 0 1 1 1 0 1 1
1 0 1 0 0 1 1 1 0 1 1 0 0 1 0 0
0 0 0 0 1 0 1 0 0 0 0 1 0 0 0 0
1 1 0 0 0 0 0 1 0 1 1 1 0 0 1 1
1 0 0 1 0 1 0 0 1 1 0 1 0 1 0 0
0 1 0 0 1 0 0 0 0 0 1 1 1 1 1 0
0 0 1 1 0 1 0 1 1 0 0 0 0 0 1 0
1 0 0 1 1 1 0 0 0 0 1 1 1 1 1 0
1 1 1 0 0 1 1 1 1 0 0 0 0 1 0 0
0 1 1 0 1 0 1 1 1 0 1 1 0 0 1 0
8 39 9 51 19 22 55 7 38 8 19 16 37 7 37 45
13 13 47 32 43 31 10 26 38 32 44 36 34 20 6 16
14 20 16 28 8 10 50 45 16 25 35 27 53 41 39 11
17 47 20 39 31 13 52 6 49 15 40 25 32 22 32 37
17 13 26 29 20 23 43 40 26 13 25 16 21 42 17 46
15 35 50 33 17 53 8 27 28 41 35 40 18 18 10 9
54 53 14 46 19 17 54 46 44 18 39 47 25 52 51 25
55 6 47 6 6 9 31 39 16 21 17 14 28 51 18 8
40 54 42 24 33 18 43 30 52 48 26 27 24 54 52 18
35 39 6 14 14 46 34 39 24 33 17 33 36 22 37 55
53 38 10 47 50 49 30 8 51 51 24 21 16 39 30 24
36 25 22 6 41 18 34 22 38 28 41 45 41 29 55 42
34 12 39 29 8 11 16 47 45 24 12 44 44 52 19 28
37 36 10 37 15 49 30 18 52 54 27 47 15 47 39 22
9 15 35 40 30 29 43 29 53 36 46 38 28 15 12 30
32 11 9 26 51 6 43 47 35 8 13 35 24 26 31 16
