0 1 1 0 1 0 1 1 0 0 0 1 0 0 1 0
0 1 0 1 1 0 0 0 0 0 1 1 0 1 1 1
1 0 1 0 0 0 1 1 1 1 0 1 0 1 0 1
0 0 1 0 1 0 1 0 0 1 0 0 0 1 0 1
0 0 1 1 0 1 0 0 1 1 1 0 1 1 0 0
1 1 0 1 1 0 1 1 0 1 1 1 1 0 0 0
0 0 1 1 0 1 1 1 1 1 1 0 1 0 0 1
1 1 0 1 1 0 1 0 0 1 0 1 0 1 1 0
1 0 1 1 0 1 1 1 1 0 0 0 1 1 1 1
0 0 0 1 0 0 1 0 0 0 0 0 0 1 1 0
1 1 1 1 1 0 0 1 1 1 1 1 1 0 1 0
1 0 1 1 1 0 1 0 1 1 0 1 1 1 0 0
1 0 0 0 1 0 1 1 1 1 1 1 1 0 0 0
0 1 0 1 0 0 1 1 0 1 0 0 0 1 0 0
0 1 1 1 0 0 0 1 1 0 1 1 1 0 0 1
0 1 0 1 1 0 1 0 1 0 0 0 0 1 1 0
34 53 33 32 31 54 41 25 12 12 38 11 52 10 37 22
10 45 22 23 41 14 8 26 24 34 27 13 22 45 53 9
19 46 11 38 20 22 17 37 13 49 46 17 36 15 26 23
30 52 53 20 7 22 45 38 8 49 24 52 36 11 14 35
42 40 11 37 46 9 18 42 21 51 17 52 47 17 14 30
27 35 14 9 21 44 37 29 6 21 35 7 53 28 6 32
54 20 9 35 42 17 51 39 45 17 41 36 37 20 34 27
37 13 8 17 23 16 21 10 18 9 20 17 46 25 19 36
53 30 37 19 6 17 41 49 27 48 36 20 25 33 7 35
36 38 42 21 48 46 31 52 8 8 10 26 38 25 41 20
45 25 37 49 53 28 10 29 35 25 43 51 7 14 19 24
13 14 53 19 29 50 39 12 37 21 6 51 43 31 24 8
45 48 24 44 17 22 39 45 13 43 9 39 53 54 44 36
34 31 10 53 44 52 55 11 8 33 40 32 32 55 48 42
48 41 7 41 14 8 12 39 45 22 45 33 9 8 42 47
10 29 52 7 19 10 27 46 37 48 8 34 40 45 7 32
