1 0 1 0 1 1 0 1 1 1 0 0 0 1 1 0
1 1 0 1 0 0 0 1 1 0 0 1 1 1 0 0
1 1 0 0 1 0 1 1 1 1 1 1 0 1 0 1
0 1 0 1 0 1 1 1 1 1 1 0 0 0 1 0
0 1 1 1 0 0 1 1 0 0 0 0 1 1 0 0
0 0 1 0 1 0 1 0 0 0 0 0 0 1 1 0
0 1 1 1 1 0 1 0 1 1 1 0 0 1 0 0
0 1 0 0 1 1 0 0 0 1 1 0 1 0 1 1
0 0 1 1 1 0 0 0 0 0 0 1 0 0 1 0
0 1 1 1 0 0 0 0 1 1 0 1 0 0 0 1
0 0 1 0 1 1 1 0 0 1 1 0 0 1 0 0
1 1 1 1 1 1 0 0 1 1 1 0 0 1 0 1
1 1 0 0 0 0 0 1 1 0 1 0 0 1 0 1
0 0 0 1 0 0 0 1 0 1 0 0 1 1 1 1
0 1 0 0 1 1 1 0 0 0 1 1 1 0 0 0
0 1 1 0 0 1 0 1 0 0 1 1 1 1 1 1
45 44 45 10 37 31 24 11 47 51 14 18 40 13 49 6
23 49 44 49 36 20 24 15 53 48 8 21 21 35 32 36
49 35 34 38 49 50 33 47 29 29 11 31 42 23 32 51
24 19 8 13 46 27 15 25 19 51 29 44 20 54 29 22
20 15 31 17 32 34 21 15 12 12 48 30 33 47 42 14
50 6 29 26 47 26 45 22 22 30 44 26 34 33 15 28
24 7 49 7 33 30 41 10 55 33 37 40 14 33 36 40
18 49 36 26 35 17 42 26 12 51 27 34 19 24 45 21
20 26 41 27 21 40 46 50 26 30 12 29 42 10 21 6
30 51 41 23 50 24 38 12 31 23 10 11 18 18 54 55
10 20 55 22 15 53 29 36 28 23 35 28 44 33 38 34
53 51 55 47 19 33 46 42 35 39 21 16 48 13 52 17
49 31 32 20 22 42 34 23 7 18 49 22 20 7 30 21
52 32 34 13 46 38 52 15 6 11 18 48 21 39 53 39
6 51 8 14 27 41 39 34 14 8 31 53 21 20 36 36
14 23 31 34 40 29 24 29 26 8 43 29 35 33 21 37
