0 1 0 0 1 1 1 1 1 1 0 0 1 0 1 0
1 0 0 0 0 0 1 1 1 0 1 0 0 0 1 1
1 1 0 1 0 0 1 0 1 0 0 1 1 0 0 1
0 1 0 1 1 0 1 0 1 0 0 0 0 1 0 1
1 1 0 0 1 0 0 0 1 0 1 0 0 1 0 1
0 1 0 0 1 1 0 1 0 1 0 0 0 0 1 1
0 0 0 0 0 0 0 0 0 0 1 0 1 1 0 0
0 1 0 1 1 1 1 0 1 0 1 0 1 0 0 1
1 1 0 1 1 0 0 1 1 1 1 1 1 0 0 0
0 0 0 1 1 1 0 0 1 0 1 1 0 0 0 1
1 0 1 1 1 1 1 0 0 0 1 1 0 1 1 0
1 0 0 1 1 0 0 0 0 0 0 0 0 1 1 0
0 0 0 1 0 0 1 0 1 1 1 1 1 0 1 0
1 1 0 1 0 0 1 0 1 0 1 0 0 0 1 1
0 1 1 0 0 1 1 0 0 0 1 1 0 0 0 0
0 1 0 1 0 1 1 0 0 0 0 1 1 1 0 0
14 23 38 52 29 41 31 47 35 9 24 20 45 36 47 30
7 50 48 30 38 20 53 25 51 18 33 50 52 6 29 43
55 7 22 31 40 44 11 10 21 16 24 37 7 46 50 53
54 29 50 51 35 50 49 38 27 36 32 42 28 49 34 49
43 37 24 38 53 42 20 12 43 36 51 44 54 15 42 37
14 23 34 42 13 17 50 37 50 55 8 52 52 22 37 29
50 16 6 54 54 38 10 18 38 10 17 24 35 45 18 18
54 21 16 47 45 45 31 36 29 22 27 12 9 28 16 33
11 39 10 39 51 10 48 33 7 15 9 11 51 10 18 20
22 8 24 9 33 47 10 36 27 24 13 37 42 42 52 33
45 40 31 49 23 13 55 24 38 16 9 47 10 33 43 18
41 26 18 33 55 20 40 54 8 44 14 6 34 25 43 26
16 40 42 15 36 54 9 18 39 13 39 41 33 44 27 30
27 9 40 29 22 34 11 36 15 52 27 34 44 42 37 47
24 11 15 8 50 45 39 46 54 24 11 25 8 38 36 14
38 41 26 13 52 31 7 14 36 24 26 13 31 15 38 6
