1 1 1 1 1 1 1 0 0 1 0 1 0 0 0 0
0 0 1 1 0 0 0 1 0 0 1 0 0 1 0 1
0 1 0 0 1 0 1 0 1 0 0 1 1 0 1 1
0 0 0 1 1 1 1 0 0 1 0 1 1 0 0 0
0 0 0 1 1 1 1 1 1 0 0 0 1 0 0 0
1 1 1 1 1 0 0 0 1 1 1 0 0 1 0 1
1 1 1 0 0 1 0 1 1 0 0 1 0 0 0 0
1 1 1 1 0 1 0 0 1 0 1 0 1 1 1 0
0 0 0 1 0 1 0 1 0 1 0 0 1 1 1 0
0 0 0 0 1 1 0 0 1 0 1 0 1 1 1 0
0 0 0 0 1 0 0 1 0 1 1 1 1 1 1 0
1 1 1 0 1 0 1 0 0 0 1 0 0 1 1 0
1 1 1 1 1 1 0 0 0 1 1 0 0 1 0 1
0 1 0 1 1 1 1 0 0 1 0 0 0 1 1 0
1 1 0 1 0 1 1 1 1 1 0 0 1 0 1 1
0 1 0 0 1 0 0 0 0 0 1 1 0 1 0 0
47 27 37 47 9 53 49 12 24 55 16 39 20 8 28 52
40 16 49 41 8 20 6 15 46 48 51 26 6 39 38 47
30 9 12 6 37 20 47 8 37 50 54 15 55 20 23 47
18 16 26 51 53 13 25 22 30 11 8 15 31 52 14 18
42 12 52 53 27 31 13 7 49 6 28 44 55 12 36 16
45 35 43 53 9 54 28 46 37 47 31 26 24 53 30 39
29 49 37 18 46 9 54 9 43 38 36 41 52 30 22 24
11 47 35 39 8 25 30 50 17 36 35 48 9 55 45 18
12 50 52 35 12 21 34 51 16 29 42 16 35 23 35 16
42 42 24 48 33 9 8 38 51 26 23 40 9 21 41 26
26 30 44 34 53 44 26 13 54 19 15 23 13 43 9 32
27 41 23 46 29 6 39 40 28 22 53 26 6 53 7 40
39 25 11 33 29 17 8 14 36 55 31 44 48 21 36 53
36 41 24 51 39 13 47 42 36 45 36 16 18 47 15 10
29 7 40 23 38 31 7 25 41 51 22 6 51 14 35 25
26 31 30 16 51 54 18 42 6 42 15 23 24 45 38 38
