0 0 1 1 0 1 0 1 1 1 1 1 0 0 1 0
0 0 1 0 1 0 1 1 0 0 1 0 1 1 1 1
1 1 0 0 1 0 0 1 0 1 0 0 1 0 1 0
1 0 0 1 0 0 0 0 1 0 0 1 0 0 1 1
1 0 1 0 0 1 0 1 1 1 0 0 0 1 0 1
1 0 1 1 0 0 1 1 0 0 0 0 0 1 0 1
1 0 0 0 0 0 1 1 1 0 0 1 0 0 1 1
1 0 1 1 1 1 0 0 1 1 1 0 0 1 1 0
1 0 1 0 0 1 1 1 1 1 0 0 0 1 0 0
1 1 1 1 1 1 0 0 0 1 1 1 1 0 1 0
1 1 1 0 1 0 0 1 1 1 1 0 0 0 0 1
1 0 1 1 1 0 0 0 1 1 0 0 1 0 1 1
0 1 0 1 1 1 0 0 0 0 0 0 1 1 0 0
1 0 0 0 0 1 1 0 1 1 0 1 0 1 1 1
0 1 0 1 0 0 1 0 0 1 0 1 0 1 0 0
0 1 1 1 1 1 1 0 1 0 1 1 0 1 1 1
14 36 31 49 18 7 14 51 7 7 15 51 16 50 39 46
8 16 19 26 27 50 13 23 46 48 9 24 27 13 43 51
41 49 36 48 51 44 44 29 36 47 32 22 31 8 21 18
41 18 16 37 50 42 24 38 43 22 12 35 16 42 45 33
13 14 35 46 8 43 16 11 35 27 48 20 6 13 22 47
33 8 47 17 36 12 33 23 30 24 36 42 12 15 48 29
47 24 26 38 50 8 9 19 7 14 22 55 6 22 51 47
7 8 31 41 51 43 38 50 9 17 29 48 44 11 9 20
45 14 7 28 6 7 7 17 17 37 16 24 52 55 48 18
45 15 53 49 47 27 54 14 38 49 19 53 27 14 53 10
45 33 15 10 35 22 36 43 39 21 13 52 50 30 18 55
51 8 13 41 7 6 38 12 37 31 50 54 47 28 49 13
26 17 32 9 37 47 54 24 46 54 38 36 55 53 12 44
11 54 24 10 50 9 29 32 51 55 22 39 6 53 21 9
18 45 18 41 16 32 25 16 22 55 54 21 44 15 14 24
54 33 47 47 7 9 13 16 11 50 19 27 24 21 39 37
