0 0 0 0 0 0 0 1 0 1 0 0 0 0 1 0
1 1 1 0 0 1 1 0 1 1 1 0 0 1 1 0
0 1 1 1 0 0 0 1 1 0 0 0 1 0 1 1
0 0 1 0 0 0 1 0 1 1 0 0 1 1 1 1
0 1 1 1 0 1 0 1 0 1 1 1 0 0 1 0
0 1 1 0 1 1 1 0 0 0 0 1 0 1 1 0
0 0 1 0 0 0 1 1 1 0 1 1 1 0 0 0
0 1 0 1 1 0 0 1 0 0 1 1 1 0 1 1
1 0 0 1 0 0 0 1 1 1 1 1 1 0 0 1
0 0 1 1 1 1 1 1 0 1 1 1 1 1 0 0
0 1 0 0 0 0 1 0 1 0 1 0 0 0 0 0
0 0 1 1 1 0 1 1 1 0 1 0 1 0 0 0
1 1 0 0 0 1 0 0 1 0 1 0 0 1 0 1
1 0 0 1 0 0 1 1 1 0 1 1 1 0 1 1
1 1 0 1 1 1 1 1 0 0 0 1 1 1 1 0
1 0 1 1 0 0 0 0 0 1 1 0 0 0 0 0
18 26 26 36 38 34 42 13 20 19 6 42 26 30 39 10
15 21 23 44 6 45 31 32 53 35 7 12 22 21 23 50
8 19 35 33 18 50 44 53 23 14 42 36 45 40 51 27
26 40 49 26 50 44 43 54 11 7 40 18 35 11 49 51
18 27 53 7 6 25 22 45 40 49 49 25 20 32 25 46
52 35 29 30 19 43 9 14 28 34 18 43 26 43 41 22
28 36 9 18 30 28 31 35 7 30 45 47 9 52 36 46
42 15 14 21 43 26 22 37 46 42 15 23 7 26 49 15
43 46 38 27 54 34 16 51 17 31 41 23 7 38 32 19
36 38 9 49 23 49 13 45 52 43 17 21 15 19 14 38
40 37 12 12 18 32 23 10 37 14 19 32 14 28 24 36
14 32 31 29 43 20 7 41 23 26 39 40 49 54 50 26
55 45 48 48 18 51 54 48 43 48 27 36 52 27 48 29
13 6 14 41 50 40 21 17 17 28 49 55 51 32 27 35
21 53 32 51 51 37 45 15 24 18 54 25 25 27 7 12
21 20 37 19 20 12 48 54 28 19 7 44 26 36 38 24
