0 1 0 1 1 0 0 0 1 0 0 1 0 0 0 0
1 1 0 1 1 1 0 0 1 1 0 1 1 0 0 1
1 0 0 0 0 0 1 0 0 0 0 1 1 0 1 1
1 0 1 0 1 1 0 1 1 0 0 0 0 0 1 1
0 0 1 0 0 0 1 0 1 0 0 0 1 1 0 1
1 1 1 1 1 0 1 1 1 1 1 1 0 1 1 1
1 1 1 0 0 0 1 1 1 0 1 1 1 1 0 0
0 1 0 0 0 1 1 1 1 0 0 0 0 0 0 1
0 1 1 1 1 0 0 0 1 1 1 1 1 0 0 1
1 0 1 1 1 1 1 0 0 1 1 1 0 0 0 1
1 0 0 0 1 1 1 1 0 0 0 0 1 0 1 1
1 0 1 0 1 1 0 1 0 1 1 0 1 0 1 1
0 1 0 1 1 1 0 1 0 0 0 0 1 0 0 1
1 1 0 1 1 0 1 1 1 0 0 1 1 0 1 1
0 0 0 0 1 0 1 0 0 1 0 0 0 1 0 1
1 0 0 1 0 0 1 0 1 1 0 1 0 1 0 0
54 13 10 27 17 32 52 18 37 54 18 23 48 18 16 26
33 37 26 7 33 29 28 50 43 13 16 41 25 46 28 19
9 36 20 52 26 16 9 44 42 6 18 33 21 52 37 33
17 26 19 54 27 25 10 45 47 28 6 46 16 42 7 7
54 6 19 16 48 36 49 32 37 40 22 10 21 39 46 31
49 39 31 25 31 30 43 15 43 35 35 9 42 15 45 29
39 17 23 38 30 14 47 21 27 6 15 25 23 21 46 8
16 17 48 52 18 55 55 53 21 44 52 24 28 18 36 55
26 35 11 41 41 34 50 6 15 29 47 15 55 14 22 49
43 52 17 21 43 27 19 52 16 29 15 43 20 10 48 55
9 48 34 10 13 45 47 9 12 14 36 50 43 10 49 21
9 50 43 52 35 23 18 41 30 47 25 8 23 24 37 17
38 21 26 55 47 45 36 37 38 44 36 50 9 42 28 37
21 53 28 29 53 52 27 33 11 10 12 21 15 34 7 21
36 42 54 28 13 12 27 14 30 7 20 44 36 53 30 11
45 30 24 41 38 14 41 16 17 27 12 17 10 19 22 34
