1 1 1 1 0 0 1 0 1 0 1 0 0 1 1 0
1 1 0 0 0 0 0 1 1 0 0 0 1 0 1 1
1 0 0 0 1 1 1 1 1 1 0 0 0 1 0 0
0 1 0 0 0 0 0 0 0 0 1 1 1 1 0 0
0 0 0 1 0 0 1 0 1 1 0 0 1 0 1 1
1 0 0 0 1 1 0 0 0 1 1 1 0 1 0 1
1 0 0 0 1 0 0 0 1 0 0 0 0 0 0 0
0 0 1 0 1 1 1 0 1 0 0 0 0 0 0 0
1 0 0 1 0 0 1 0 0 0 0 1 0 0 0 0
0 1 0 0 1 1 0 1 1 1 1 0 0 0 0 1
0 0 0 0 1 1 0 0 0 1 0 1 1 1 0 1
0 1 0 0 0 1 1 1 0 0 0 0 1 0 0 0
1 1 0 0 1 1 0 1 1 1 1 1 1 0 1 0
0 1 0 0 1 1 0 1 1 0 0 1 1 0 1 0
0 0 0 0 0 0 1 0 0 1 1 1 1 1 1 1
1 1 1 1 1 1 0 0 0 1 0 1 0 1 1 0
53 51 35 13 18 6 17 8 49 22 27 28 14 19 47 34
27 21 14 16 22 52 52 21 37 14 54 52 41 28 41 21
49 54 12 50 27 47 45 33 27 35 34 14 36 25 30 12
36 47 30 30 32 10 48 32 6 8 23 21 25 29 42 46
14 24 44 35 8 52 39 18 19 47 52 6 7 8 27 11
55 18 38 38 7 17 52 34 10 37 11 41 24 51 28 47
43 20 12 8 31 20 6 38 15 54 26 38 38 42 24 44
50 48 13 38 43 45 51 8 29 12 44 14 42 54 28 16
29 54 16 55 26 42 47 34 18 22 48 31 20 26 54 42
8 17 32 18 47 41 28 21 39 13 11 16 28 26 14 17
20 6 46 34 33 53 32 20 24 15 40 33 13 19 46 19
10 51 14 34 18 31 55 25 30 40 50 46 29 26 40 28
39 11 14 46 31 51 26 27 31 17 51 49 45 48 15 46
8 55 32 48 19 7 38 37 17 6 24 23 27 40 19 46
16 40 6 22 32 10 21 34 22 33 25 11 33 13 25 41
15 7 51 49 37 43 32 50 52 41 46 49 16 31 9 32
