1 0 0 1 1 0 0 0 1 0 1 0 1 1 1 1
1 0 1 0 0 0 0 0 0 1 0 1 1 1 0 1
1 0 1 1 0 0 0 0 0 0 1 0 1 1 0 0
1 1 0 0 1 0 1 0 0 1 0 1 1 0 0 0
0 1 0 1 0 0 1 1 0 1 1 0 0 1 1 0
0 0 0 1 0 1 0 0 1 1 1 0 1 0 0 1
0 0 1 1 0 1 1 0 1 0 0 0 1 0 0 0
0 0 1 0 0 1 1 0 0 0 1 0 0 1 0 1
1 1 1 0 0 0 1 0 0 1 0 1 0 1 1 1
0 1 0 0 0 0 1 1 1 1 1 1 1 0 0 0
1 1 1 0 1 0 0 1 0 0 0 1 1 0 0 0
0 0 1 1 0 1 0 1 0 0 1 0 0 1 1 0
0 1 0 1 0 0 0 1 0 0 1 0 0 0 0 0
1 1 0 1 1 1 0 0 1 1 1 0 0 0 1 0
1 0 0 0 1 0 0 0 1 1 1 1 0 0 0 1
1 0 0 1 1 1 0 0 1 0 1 1 1 1 0 0
49 18 14 11 25 10 50 24 37 48 11 16 47 37 43 7
21 30 27 20 22 28 34 20 44 49 40 23 11 11 8 23
25 8 47 41 30 8 14 8 12 18 11 50 17 35 16 28
55 45 42 12 17 10 53 26 32 45 44 15 29 10 44 6
16 9 40 29 18 20 13 45 14 9 25 34 10 21 37 46
34 40 38 47 6 11 24 30 9 55 29 32 33 30 16 11
28 18 43 53 32 21 11 40 19 12 52 38 21 46 24 12
44 24 7 44 36 15 53 32 18 26 25 24 38 13 8 13
23 31 29 12 46 12 17 26 14 7 22 13 16 35 9 21
22 55 28 50 10 14 17 27 13 41 37 17 9 6 54 22
21 55 37 20 21 18 22 45 44 16 40 39 9 26 14 28
22 32 55 9 28 47 20 15 54 28 9 8 14 17 41 52
36 13 10 39 18 6 34 15 44 28 45 40 52 42 26 50
35 11 26 7 19 7 24 34 49 43 55 26 32 10 15 50
55 18 54 44 41 32 32 38 45 31 13 25 32 44 6 53
11 6 34 25 49 35 22 20 13 6 53 17 45 49 28 42
