0 1 1 1 0 0 1 1 0 0 0 0 1 0 1 0
1 0 1 1 1 0 1 1 1 1 0 1 0 1 0 0
1 1 1 0 1 1 0 0 0 0 0 0 1 1 0 1
1 0 1 1 0 1 1 1 1 0 1 0 1 1 1 1
1 1 1 0 1 1 1 1 1 1 0 0 1 0 0 1
1 0 1 0 1 1 1 0 0 1 0 0 1 1 0 1
1 1 0 0 0 0 1 0 1 0 1 0 1 0 0 0
1 1 0 0 0 0 1 0 1 1 1 0 0 1 1 1
0 1 1 0 1 1 1 1 1 0 0 1 0 0 0 0
0 0 0 1 1 0 0 0 0 0 1 0 0 1 0 1
1 1 0 1 0 0 1 1 1 1 0 0 0 1 0 1
1 0 1 1 1 1 0 1 0 1 0 1 1 0 1 0
1 1 0 0 1 1 1 1 1 0 0 0 0 0 0 0
1 1 0 0 1 0 0 0 1 1 1 1 1 1 1 0
1 1 0 1 1 0 0 0 0 1 0 1 1 0 1 1
1 0 0 0 0 0 0 0 1 1 0 1 1 0 0 0
32 49 13 29 40 16 31 9 6 6 42 28 13 40 15 50
29 28 29 25 9 50 7 25 27 39 10 55 42 21 52 44
19 45 31 16 9 25 12 12 8 40 26 36 45 51 46 49
15 50 41 25 8 45 19 47 43 44 33 36 35 17 25 29
43 23 21 50 39 21 49 7 33 43 30 34 51 10 10 23
17 48 19 16 15 47 23 18 26 37 36 46 29 43 28 35
37 49 46 18 52 46 9 12 35 18 41 12 15 20 38 44
55 31 8 38 40 8 19 28 47 11 51 6 50 37 7 55
24 23 45 12 55 25 41 51 55 16 48 45 32 44 12 50
38 48 20 51 23 38 14 28 28 18 53 14 42 7 16 47
13 41 32 21 36 48 49 39 47 29 46 36 32 21 12 15
7 26 47 47 35 53 16 15 22 21 28 7 13 14 21 26
29 15 52 22 25 25 19 25 37 22 50 42 18 12 16 42
47 41 10 34 7 36 46 30 43 7 43 37 23 45 33 40
39 13 40 53 55 12 54 10 16 19 52 51 7 38 55 27
39 8 36 24 10 24 28 42 19 19 46 47 21 50 32 28
