0 1 0 1 1 0 0 1 0 1 1 1 1 0 0 1
1 0 1 0 0 1 0 1 0 1 1 1 0 0 1 1
0 0 1 0 1 1 0 0 1 0 1 1 0 0 1 1
0 1 1 1 0 1 0 0 1 0 0 1 1 1 1 1
1 1 0 1 1 0 1 1 0 0 1 1 0 1 0 1
0 0 1 1 0 1 0 0 1 1 1 1 1 1 1 1
0 1 0 1 1 1 0 1 1 1 0 1 0 0 1 1
0 0 1 0 0 0 0 1 1 1 0 0 1 1 1 1
0 1 1 1 1 0 0 0 0 1 1 1 0 0 1 1
1 1 1 0 1 1 0 0 1 1 1 0 0 0 1 0
0 0 1 0 1 0 1 1 0 0 1 1 0 0 1 0
0 0 0 0 1 0 1 0 0 1 0 0 0 0 1 1
1 0 0 0 0 1 1 0 0 1 1 0 0 1 0 0
1 1 0 1 0 0 1 0 0 0 1 1 1 0 1 0
1 1 0 0 0 0 1 1 1 1 0 1 0 1 0 1
0 1 0 0 0 0 0 0 0 0 0 1 0 0 1 0
48 31 24 33 13 18 36 55 32 13 19 15 11 16 30 41
45 8 29 22 54 37 6 45 36 27 47 17 10 16 17 55
16 28 17 14 21 37 42 26 21 20 23 45 24 14 13 19
46 37 25 55 22 39 36 20 33 14 22 27 31 9 45 15
37 23 38 17 47 16 23 49 18 24 35 43 16 47 26 25
20 38 53 7 14 19 42 14 9 17 41 45 45 27 39 27
50 29 28 29 39 39 48 49 13 33 42 47 8 40 45 19
52 28 53 6 30 20 22 13 49 19 50 54 29 19 39 13
16 17 21 33 15 54 46 12 14 9 7 21 30 30 29 41
29 7 11 20 11 29 28 40 19 27 23 12 22 16 45 26
52 6 15 10 19 52 43 13 20 38 45 55 46 38 53 46
16 52 12 38 27 8 35 38 6 39 52 8 50 44 31 15
13 6 44 32 10 21 25 34 32 39 7 46 10 39 42 52
51 51 28 45 16 48 47 30 6 40 19 47 19 12 41 32
11 31 30 18 8 20 7 25 25 17 52 23 52 45 6 19
20 45 34 52 52 54 52 36 38 54 38 23 48 40 47 34
