1 0 1 1 1 0 1 1 1 1 1 1 1 0 1 1
0 1 0 0 0 1 1 1 1 1 1 0 1 1 0 0
0 0 0 1 0 0 0 1 0 0 1 1 1 1 0 0
0 1 0 0 0 1 1 1 1 1 1 1 0 1 0 1
1 0 1 1 1 0 0 1 1 1 1 0 0 0 0 0
1 0 1 1 0 1 0 1 1 1 1 0 1 0 1 1
0 1 0 1 1 0 0 0 0 1 0 0 1 0 1 0
0 1 0 0 0 1 0 0 1 0 1 1 1 1 0 1
1 0 1 0 0 1 1 0 0 0 0 1 0 0 0 0
0 1 0 0 0 1 1 1 0 0 0 0 0 0 1 1
0 1 0 1 1 1 1 1 0 0 1 1 0 1 0 1
0 0 1 0 0 1 1 0 1 1 1 1 0 1 0 0
1 1 1 0 0 0 0 1 0 1 1 1 0 0 0 0
1 0 1 1 1 0 1 0 1 1 1 0 0 0 0 1
0 0 1 0 0 0 1 0 1 1 1 0 1 0 1 0
1 0 0 0 1 1 1 0 1 1 1 1 0 1 1 0
23 24 29 35 47 18 31 35 15 15 35 33 43 50 49 39
48 35 18 46 48 25 25 11 45 33 49 16 31 53 54 30
46 42 54 25 10 46 42 29 54 12 39 13 39 7 42 40
30 35 28 8 46 49 9 27 21 21 35 47 42 37 24 47
43 12 23 15 13 38 44 37 41 43 31 38 42 46 6 40
19 52 41 33 36 19 8 37 9 7 13 30 49 34 23 21
16 31 38 43 55 22 24 8 22 55 34 6 21 46 35 30
14 53 18 52 22 41 32 40 19 38 29 49 45 43 18 15
51 46 19 8 32 53 27 36 14 54 14 19 50 32 40 8
46 27 30 6 52 15 7 51 8 34 32 44 54 50 49 19
52 43 52 31 45 21 47 45 18 24 39 27 44 19 30 39
14 10 45 34 54 23 11 18 35 43 37 49 46 19 26 8
7 13 51 42 44 14 28 39 42 7 55 17 28 48 28 28
45 22 43 11 47 46 51 24 25 31 27 28 46 42 54 33
34 10 17 8 18 14 13 18 21 39 15 30 23 40 11 16
43 50 30 44 35 11 9 46 9 13 11 47 22 9 51 46
