0 0 0 0 0 0 0 0 0 0 0 0 0 0 0 0
0 0 0 0 0 0 0 0 0 0 0 0 0 0 0 0
0 0 0 0 0 0 0 0 0 0 0 0 0 0 0 0
0 0 0 0 0 0 0 0 0 0 0 0 0 0 0 0
0 0 0 0 0 0 0 0 0 0 0 0 0 0 0 0
0 0 0 0 0 0 0 0 0 0 0 0 0 0 0 0
0 0 0 0 0 0 0 0 0 0 0 0 0 0 0 0
0 0 0 0 0 0 0 0 0 0 0 0 0 0 0 0
1 1 1 1 1 1 1 1 1 1 1 1 1 1 1 1
1 1 1 1 1 1 1 1 1 1 1 1 1 1 1 1
1 1 1 1 1 1 1 1 1 1 1 1 1 1 1 1
1 1 1 1 1 1 1 1 1 1 1 1 1 1 1 1
1 1 1 1 1 1 1 1 1 1 1 1 1 1 1 1
1 1 1 1 1 1 1 1 1 1 1 1 1 1 1 1
1 1 1 1 1 1 1 1 1 1 1 1 1 1 1 1
1 1 1 1 1 1 1 1 1 1 1 1 1 1 1 1
14 42 6 20 52 22 6 26 12 12 48 34 42 26 30 42
30 12 34 28 38 38 32 16 38 24 18 14 16 24 10 18
10 26 30 16 46 38 18 40 6 54 20 22 26 26 54 22
34 38 14 40 36 8 6 12 22 48 34 46 10 52 42 20
20 16 54 12 24 36 32 12 10 12 12 50 46 46 18 54
18 10 52 48 18 50 28 36 40 24 8 16 36 50 50 6
46 24 12 40 18 38 24 50 16 12 30 44 32 36 50 42
54 10 32 22 8 30 42 46 44 30 20 48 44 48 26 28
13 53 47 49 43 29 21 25 27 35 27 21 35 55 15 37
11 43 21 21 29 31 37 15 45 47 35 55 41 7 53 51
53 7 23 55 23 9 15 45 51 9 15 7 29 37 39 47
9 47 23 7 39 43 47 45 25 15 13 37 17 51 53 45
7 53 43 55 39 45 33 41 23 53 15 15 7 31 23 43
49 43 9 41 11 17 15 39 25 23 15 41 9 9 37 55
31 35 45 21 53 49 27 41 33 19 49 19 51 19 37 21
19 35 15 31 45 39 55 37 29 17 49 55 27 29 21 49
