0 0 0 0 0 0 0 0 0 0 0 0 0 0 0 0
0 0 0 0 0 0 0 0 0 0 0 0 0 0 0 0
0 0 0 0 0 0 0 0 0 0 0 0 0 0 0 0
0 0 0 0 0 0 0 0 0 0 0 0 0 0 0 0
0 0 0 0 0 0 0 0 0 0 0 0 0 0 0 0
0 0 0 0 0 0 0 0 0 0 0 0 0 0 0 0
0 0 0 0 0 0 0 0 0 0 0 0 0 0 0 0
0 0 0 0 0 0 0 0 0 0 0 0 0 0 0 0
1 1 1 1 1 1 1 1 1 1 1 1 1 1 1 1
1 1 1 1 1 1 1 1 1 1 1 1 1 1 1 1
1 1 1 1 1 1 1 1 1 1 1 1 1 1 1 1
1 1 1 1 1 1 1 1 1 1 1 1 1 1 1 1
1 1 1 1 1 1 1 1 1 1 1 1 1 1 1 1
1 1 1 1 1 1 1 1 1 1 1 1 1 1 1 1
1 1 1 1 1 1 1 1 1 1 1 1 1 1 1 1
1 1 1 1 1 1 1 1 1 1 1 1 1 1 1 1
14 32 14 24 8 42 54 42 28 48 54 24 42 30 42 54
46 54 20 38 18 16 46 18 18 24 22 40 28 26 52 18
44 42 34 38 48 32 20 20 36 38 16 30 30 12 16 44
18 16 34 12 24 42 48 24 38 44 14 50 40 30 34 28
28 44 30 6 14 20 54 20 48 30 8 54 52 24 18 8
44 44 18 48 24 24 52 38 38 20 54 32 34 26 30 12
32 28 18 50 44 34 16 48 50 28 6 54 30 54 48 22
44 24 6 18 48 12 20 8 38 42 50 8 22 18 52 38
29 31 21 43 37 49 13 7 29 21 33 43 13 45 19 37
19 15 47 51 35 55 25 9 29 7 45 23 17 43 31 35
15 35 7 7 21 45 39 47 23 47 43 53 33 51 43 25
35 25 37 23 51 21 17 43 47 39 31 49 43 13 51 11
25 55 43 47 45 37 45 49 35 41 45 11 15 9 13 45
41 49 15 53 13 29 31 17 43 49 15 19 9 43 17 37
45 19 7 33 17 37 35 33 15 17 27 43 17 35 29 33
11 19 13 39 25 53 23 29 13 15 49 15 17 29 25 9
