0 0 0 0 0 0 0 0 0 0 0 0 0 0 0 0
0 0 0 0 0 0 0 0 0 0 0 0 0 0 0 0
0 0 0 0 0 0 0 0 0 0 0 0 0 0 0 0
0 0 0 0 0 0 0 0 0 0 0 0 0 0 0 0
0 0 0 0 0 0 0 0 0 0 0 0 0 0 0 0
0 0 0 0 0 0 0 0 0 0 0 0 0 0 0 0
0 0 0 0 0 0 0 0 0 0 0 0 0 0 0 0
0 0 0 0 0 0 0 0 0 0 0 0 0 0 0 0
1 1 1 1 1 1 1 1 1 1 1 1 1 1 1 1
1 1 1 1 1 1 1 1 1 1 1 1 1 1 1 1
1 1 1 1 1 1 1 1 1 1 1 1 1 1 1 1
1 1 1 1 1 1 1 1 1 1 1 1 1 1 1 1
1 1 1 1 1 1 1 1 1 1 1 1 1 1 1 1
1 1 1 1 1 1 1 1 1 1 1 1 1 1 1 1
1 1 1 1 1 1 1 1 1 1 1 1 1 1 1 1
1 1 1 1 1 1 1 1 1 1 1 1 1 1 1 1
16 28 20 28 24 10 24 48 48 22 50 42 52 26 10 44
42 42 18 26 44 6 42 48 24 54 26 32 54 16 8 14
6 46 36 10 34 50 14 22 54 18 6 38 6 10 50 42
12 30 46 12 18 12 24 28 32 38 26 48 38 26 16 6
38 22 30 52 26 16 38 54 46 42 40 22 46 12 18 50
30 20 52 20 52 6 14 6 18 18 36 14 22 32 8 22
54 30 12 10 32 46 48 48 6 26 36 10 46 36 34 24
32 16 38 24 54 20 20 22 14 34 16 54 28 50 26 34
21 33 19 7 11 19 33 21 45 29 37 7 7 39 45 25
55 11 27 37 53 41 39 53 39 29 11 17 41 35 53 37
19 53 51 45 17 13 21 39 45 23 37 19 39 45 55 53
11 13 39 39 53 39 17 43 43 43 51 27 39 39 27 39
35 37 35 21 37 33 51 19 11 7 35 19 11 37 25 25
41 51 53 49 15 41 49 21 19 31 9 21 21 51 19 31
39 15 35 13 19 37 47 37 41 21 41 15 55 51 19 11
19 11 49 11 9 55 37 23 27 7 19 41 27 7 11 47
