0 0 0 0 0 0 0 0 0 0 0 0 0 0 0 0
0 0 0 0 0 0 0 0 0 0 0 0 0 0 0 0
0 0 0 0 0 0 0 0 0 0 0 0 0 0 0 0
0 0 0 0 0 0 0 0 0 0 0 0 0 0 0 0
0 0 0 0 0 0 0 0 0 0 0 0 0 0 0 0
0 0 0 0 0 0 0 0 0 0 0 0 0 0 0 0
0 0 0 0 0 0 0 0 0 0 0 0 0 0 0 0
0 0 0 0 0 0 0 0 0 0 0 0 0 0 0 0
1 1 1 1 1 1 1 1 1 1 1 1 1 1 1 1
1 1 1 1 1 1 1 1 1 1 1 1 1 1 1 1
1 1 1 1 1 1 1 1 1 1 1 1 1 1 1 1
1 1 1 1 1 1 1 1 1 1 1 1 1 1 1 1
1 1 1 1 1 1 1 1 1 1 1 1 1 1 1 1
1 1 1 1 1 1 1 1 1 1 1 1 1 1 1 1
1 1 1 1 1 1 1 1 1 1 1 1 1 1 1 1
1 1 1 1 1 1 1 1 1 1 1 1 1 1 1 1
34 40 40 16 22 8 12 16 26 54 44 54 32 14 50 30
36 46 12 22 54 8 52 32 6 30 52 52 54 40 6 32
40 16 42 36 54 16 14 32 44 42 24 42 44 32 24 32
6 8 12 34 54 48 20 48 6 30 22 6 34 52 30 32
42 8 42 46 20 54 36 18 14 52 42 34 54 44 12 38
14 16 38 54 18 6 46 30 14 6 6 10 30 36 34 24
16 48 52 14 46 30 10 24 54 54 18 28 30 18 14 52
34 52 42 40 8 38 28 42 26 36 14 26 40 28 40 18
45 39 39 39 53 7 17 19 7 35 23 7 39 15 15 21
55 33 27 29 37 31 27 35 43 39 37 53 17 35 21 55
55 9 45 37 9 17 47 25 23 15 15 41 11 27 9 11
11 9 41 45 37 51 21 29 37 45 37 9 37 23 13 27
25 39 7 55 55 43 33 53 15 39 41 11 31 13 41 17
55 45 51 19 19 15 37 9 11 53 31 29 11 53 49 11
9 41 49 23 43 11 7 11 51 9 51 39 47 39 53 23
9 33 53 15 31 31 15 17 21 11 29 51 37 55 27 27
