0 0 0 0 0 0 0 0 0 0 0 0 0 0 0 0
0 0 0 0 0 0 0 0 0 0 0 0 0 0 0 0
0 0 0 0 0 0 0 0 0 0 0 0 0 0 0 0
0 0 0 0 0 0 0 0 0 0 0 0 0 0 0 0
0 0 0 0 0 0 0 0 0 0 0 0 0 0 0 0
0 0 0 0 0 0 0 0 0 0 0 0 0 0 0 0
0 0 0 0 0 0 0 0 0 0 0 0 0 0 0 0
0 0 0 0 0 0 0 0 0 0 0 0 0 0 0 0
1 1 1 1 1 1 1 1 1 1 1 1 1 1 1 1
1 1 1 1 1 1 1 1 1 1 1 1 1 1 1 1
1 1 1 1 1 1 1 1 1 1 1 1 1 1 1 1
1 1 1 1 1 1 1 1 1 1 1 1 1 1 1 1
1 1 1 1 1 1 1 1 1 1 1 1 1 1 1 1
1 1 1 1 1 1 1 1 1 1 1 1 1 1 1 1
1 1 1 1 1 1 1 1 1 1 1 1 1 1 1 1
1 1 1 1 1 1 1 1 1 1 1 1 1 1 1 1
48 24 24 32 54 34 14 46 20 44 12 38 12 52 46 20
28 6 38 30 28 52 30 46 30 46 28 36 10 32 48 8
6 16 14 18 38 36 24 36 6 32 28 42 16 14 32 20
42 22 10 34 38 42 8 6 30 54 54 18 26 36 12 46
16 44 26 48 40 30 44 30 6 24 50 12 14 14 44 8
26 54 16 18 14 10 54 12 28 50 36 44 8 52 46 20
36 12 22 12 6 24 40 30 50 42 26 18 22 34 48 50
46 36 14 6 16 16 32 26 24 38 38 42 12 30 20 24
21 47 15 13 13 9 35 49 53 25 53 31 49 29 21 25
51 51 23 19 41 17 47 25 25 41 19 15 53 29 11 47
29 13 19 39 49 11 33 51 33 11 51 7 11 47 49 23
39 37 11 11 21 47 49 51 25 33 41 11 31 11 21 41
13 13 17 25 41 39 55 51 31 17 43 11 7 17 53 13
37 15 29 23 21 33 41 41 55 37 15 51 13 11 55 41
7 55 49 41 33 23 51 17 45 27 33 45 49 45 43 15
9 55 31 49 53 45 49 53 41 13 21 55 27 45 45 9
