0 0 0 0 0 0 0 0 0 0 0 0 0 0 0 0
0 0 0 0 0 0 0 0 0 0 0 0 0 0 0 0
0 0 0 0 0 0 0 0 0 0 0 0 0 0 0 0
0 0 0 0 0 0 0 0 0 0 0 0 0 0 0 0
0 0 0 0 0 0 0 0 0 0 0 0 0 0 0 0
0 0 0 0 0 0 0 0 0 0 0 0 0 0 0 0
0 0 0 0 0 0 0 0 0 0 0 0 0 0 0 0
0 0 0 0 0 0 0 0 0 0 0 0 0 0 0 0
1 1 1 1 1 1 1 1 1 1 1 1 1 1 1 1
1 1 1 1 1 1 1 1 1 1 1 1 1 1 1 1
1 1 1 1 1 1 1 1 1 1 1 1 1 1 1 1
1 1 1 1 1 1 1 1 1 1 1 1 1 1 1 1
1 1 1 1 1 1 1 1 1 1 1 1 1 1 1 1
1 1 1 1 1 1 1 1 1 1 1 1 1 1 1 1
1 1 1 1 1 1 1 1 1 1 1 1 1 1 1 1
1 1 1 1 1 1 1 1 1 1 1 1 1 1 1 1
18 28 12 36 26 8 42 50 42 6 42 6 50 10 54 22
38 22 12 50 42 52 42 48 36 34 24 44 34 6 10 24
6 50 50 34 26 24 20 28 42 34 54 54 16 44 42 22
10 6 22 10 46 8 48 42 40 24 16 38 12 54 38 10
12 38 32 32 34 48 40 30 10 28 50 16 52 52 38 38
6 52 32 20 44 26 28 6 38 22 10 54 54 48 54 22
20 32 36 14 6 24 52 28 14 6 14 50 30 40 16 42
50 16 50 24 20 8 34 30 54 16 52 32 18 52 42 16
21 21 17 47 55 29 23 15 33 45 55 51 51 15 31 45
45 41 17 21 55 49 7 45 37 41 41 47 11 29 55 27
27 45 13 43 11 49 9 49 9 53 17 43 37 7 31 19
37 37 43 21 17 35 13 43 31 25 9 31 39 33 11 49
19 15 9 45 51 9 37 41 47 23 31 35 51 15 47 51
55 15 19 55 35 47 31 47 31 11 25 23 33 43 17 25
11 17 19 45 17 45 53 49 13 15 53 7 7 9 43 29
51 47 53 43 37 25 51 23 15 39 23 31 41 55 15 41
