0 0 0 0 0 0 0 0 0 0 0 0 0 0 0 0
0 0 0 0 0 0 0 0 0 0 0 0 0 0 0 0
0 0 0 0 0 0 0 0 0 0 0 0 0 0 0 0
0 0 0 0 0 0 0 0 0 0 0 0 0 0 0 0
0 0 0 0 0 0 0 0 0 0 0 0 0 0 0 0
0 0 0 0 0 0 0 0 0 0 0 0 0 0 0 0
0 0 0 0 0 0 0 0 0 0 0 0 0 0 0 0
0 0 0 0 0 0 0 0 0 0 0 0 0 0 0 0
1 1 1 1 1 1 1 1 1 1 1 1 1 1 1 1
1 1 1 1 1 1 1 1 1 1 1 1 1 1 1 1
1 1 1 1 1 1 1 1 1 1 1 1 1 1 1 1
1 1 1 1 1 1 1 1 1 1 1 1 1 1 1 1
1 1 1 1 1 1 1 1 1 1 1 1 1 1 1 1
1 1 1 1 1 1 1 1 1 1 1 1 1 1 1 1
1 1 1 1 1 1 1 1 1 1 1 1 1 1 1 1
1 1 1 1 1 1 1 1 1 1 1 1 1 1 1 1
38 50 26 32 36 24 18 46 50 32 12 46 28 30 40 6
38 46 24 10 40 42 16 40 16 30 18 28 38 14 54 54
22 40 24 40 18 50 8 30 10 12 38 30 22 34 24 10
10 14 20 38 42 36 54 8 8 42 46 32 52 40 16 28
22 22 52 52 34 28 28 10 22 50 38 6 32 16 12 44
20 30 34 44 34 14 46 14 46 10 20 24 54 24 22 8
26 38 10 10 30 46 18 30 20 52 12 24 40 30 36 50
12 52 14 22 26 20 18 38 54 40 20 40 54 36 32 22
27 33 43 37 35 11 23 53 9 31 39 7 35 39 49 9
29 15 43 21 23 23 25 31 43 31 19 41 39 15 19 31
15 49 55 29 23 21 19 19 49 11 13 7 27 55 19 11
49 45 17 17 7 29 49 17 15 45 9 11 23 35 55 21
23 43 55 39 13 13 53 47 17 47 27 13 47 7 43 45
41 45 7 45 27 9 43 39 9 37 25 19 9 11 21 53
7 41 29 33 33 53 39 51 33 15 23 29 27 41 39 29
31 27 43 19 47 55 19 19 39 33 25 43 27 55 19 41
