0 0 0 0 0 0 0 0 0 0 0 0 0 0 0 0
0 0 0 0 0 0 0 0 0 0 0 0 0 0 0 0
0 0 0 0 0 0 0 0 0 0 0 0 0 0 0 0
0 0 0 0 0 0 0 0 0 0 0 0 0 0 0 0
0 0 0 0 0 0 0 0 0 0 0 0 0 0 0 0
0 0 0 0 0 0 0 0 0 0 0 0 0 0 0 0
0 0 0 0 0 0 0 0 0 0 0 0 0 0 0 0
0 0 0 0 0 0 0 0 0 0 0 0 0 0 0 0
1 1 1 1 1 1 1 1 1 1 1 1 1 1 1 1
1 1 1 1 1 1 1 1 1 1 1 1 1 1 1 1
1 1 1 1 1 1 1 1 1 1 1 1 1 1 1 1
1 1 1 1 1 1 1 1 1 1 1 1 1 1 1 1
1 1 1 1 1 1 1 1 1 1 1 1 1 1 1 1
1 1 1 1 1 1 1 1 1 1 1 1 1 1 1 1
1 1 1 1 1 1 1 1 1 1 1 1 1 1 1 1
1 1 1 1 1 1 1 1 1 1 1 1 1 1 1 1
26 24 52 22 24 10 18 20 20 10 36 14 48 18 10 16
24 30 20 38 22 12 32 14 32 34 48 34 10 54 30 50
8 22 36 48 34 38 50 22 52 38 6 52 42 40 36 6
54 32 32 50 6 36 42 42 12 32 8 38 16 50 24 44
24 48 26 26 20 14 30 36 8 10 52 8 12 38 16 24
10 14 48 42 16 24 24 16 26 36 32 28 24 28 18 50
8 8 30 40 32 46 28 16 50 10 6 46 54 36 6 6
34 48 48 28 50 50 10 8 26 26 24 28 54 54 48 8
27 29 41 39 29 43 9 45 37 31 39 7 25 23 23 51
41 55 51 43 13 39 43 51 31 9 51 19 35 21 25 25
51 19 47 47 7 49 23 45 47 35 29 49 23 21 25 9
41 17 37 53 11 27 29 43 17 19 55 27 25 13 35 35
9 25 45 51 9 49 37 27 19 19 41 49 47 13 37 49
31 31 15 51 45 37 7 21 9 29 33 39 41 7 11 39
25 15 25 25 35 43 43 49 31 7 45 49 51 9 13 11
9 7 35 21 27 9 13 19 17 43 47 13 43 17 39 7
