0 0 0 0 0 0 0 0 0 0 0 0 0 0 0 0
0 0 0 0 0 0 0 0 0 0 0 0 0 0 0 0
0 0 0 0 0 0 0 0 0 0 0 0 0 0 0 0
0 0 0 0 0 0 0 0 0 0 0 0 0 0 0 0
0 0 0 0 0 0 0 0 0 0 0 0 0 0 0 0
0 0 0 0 0 0 0 0 0 0 0 0 0 0 0 0
0 0 0 0 0 0 0 0 0 0 0 0 0 0 0 0
0 0 0 0 0 0 0 0 0 0 0 0 0 0 0 0
1 1 1 1 1 1 1 1 1 1 1 1 1 1 1 1
1 1 1 1 1 1 1 1 1 1 1 1 1 1 1 1
1 1 1 1 1 1 1 1 1 1 1 1 1 1 1 1
1 1 1 1 1 1 1 1 1 1 1 1 1 1 1 1
1 1 1 1 1 1 1 1 1 1 1 1 1 1 1 1
1 1 1 1 1 1 1 1 1 1 1 1 1 1 1 1
1 1 1 1 1 1 1 1 1 1 1 1 1 1 1 1
1 1 1 1 1 1 1 1 1 1 1 1 1 1 1 1
6 36 28 36 40 32 28 48 6 6 34 8 16 22 46 28
34 20 32 36 50 20 46 44 10 38 28 46 46 40 40 28
26 6 22 6 22 52 14 24 14 34 40 50 16 22 8 12
46 54 30 14 40 34 18 24 32 52 6 6 12 6 26 32
20 44 42 34 38 40 20 38 36 28 40 46 40 38 32 44
26 50 36 22 16 54 30 22 22 18 54 12 20 40 36 36
40 6 12 38 32 10 14 6 52 30 28 34 28 26 48 14
38 44 10 38 24 12 38 28 20 36 28 52 44 36 28 48
41 47 39 31 35 11 35 21 13 35 39 47 21 39 47 55
25 7 17 45 49 39 51 21 51 9 53 49 13 35 41 49
47 37 35 53 13 49 19 11 7 11 37 53 47 47 9 13
7 41 17 53 31 31 33 27 53 27 43 33 27 45 51 55
15 45 31 49 13 51 39 7 23 35 45 55 7 7 55 47
33 27 51 37 43 31 23 41 37 27 21 11 7 55 11 15
33 47 15 49 49 55 25 53 25 27 41 51 23 25 37 13
37 47 37 19 7 23 41 47 39 49 27 9 43 47 25 29
