0 0 0 0 0 0 0 0 0 0 0 0 0 0 0 0
0 0 0 0 0 0 0 0 0 0 0 0 0 0 0 0
0 0 0 0 0 0 0 0 0 0 0 0 0 0 0 0
0 0 0 0 0 0 0 0 0 0 0 0 0 0 0 0
0 0 0 0 0 0 0 0 0 0 0 0 0 0 0 0
0 0 0 0 0 0 0 0 0 0 0 0 0 0 0 0
0 0 0 0 0 0 0 0 0 0 0 0 0 0 0 0
0 0 0 0 0 0 0 0 0 0 0 0 0 0 0 0
1 1 1 1 1 1 1 1 1 1 1 1 1 1 1 1
1 1 1 1 1 1 1 1 1 1 1 1 1 1 1 1
1 1 1 1 1 1 1 1 1 1 1 1 1 1 1 1
1 1 1 1 1 1 1 1 1 1 1 1 1 1 1 1
1 1 1 1 1 1 1 1 1 1 1 1 1 1 1 1
1 1 1 1 1 1 1 1 1 1 1 1 1 1 1 1
1 1 1 1 1 1 1 1 1 1 1 1 1 1 1 1
1 1 1 1 1 1 1 1 1 1 1 1 1 1 1 1
28 16 28 18 8 22 32 36 22 52 36 36 20 42 16 38
6 26 14 36 6 42 50 10 32 24 48 22 54 10 40 14
42 20 28 20 50 34 50 44 42 32 34 30 8 46 12 52
14 38 36 12 30 32 8 20 50 42 28 40 50 6 8 12
44 20 12 46 48 46 50 54 54 6 52 8 48 24 32 54
34 14 44 54 28 14 10 14 22 34 26 36 26 40 48 26
10 12 16 20 10 44 34 16 48 16 36 10 50 42 32 20
40 50 54 24 20 46 18 12 12 28 38 52 52 22 36 50
55 11 15 41 37 23 23 35 29 21 11 17 35 53 19 7
41 41 11 33 15 37 41 19 51 45 25 35 17 21 11 23
39 29 27 9 11 11 21 41 37 17 29 39 47 27 53 25
13 53 55 41 21 31 47 23 51 53 47 9 23 37 11 41
39 49 27 7 13 43 43 21 25 9 53 29 19 39 23 45
51 15 17 21 9 7 37 51 27 35 25 41 53 33 11 23
11 47 41 7 33 39 47 17 45 27 27 15 15 53 43 43
39 37 17 55 21 31 33 47 11 19 39 23 33 13 19 15
