0 0 0 1 1 1 1 0 1 0 0 1 0 1 1 1
0 1 1 1 0 0 0 0 1 1 0 1 0 1 0 0
0 0 1 0 0 1 0 1 1 1 0 0 1 0 0 1
1 1 0 0 1 1 1 0 1 0 0 1 1 1 0 0
0 0 0 1 0 0 0 1 0 1 0 1 0 0 0 1
1 0 1 1 0 1 0 1 1 0 0 1 0 0 1 1
0 0 1 0 1 0 0 1 1 1 0 0 0 1 0 0
1 0 0 1 1 1 0 1 1 0 0 0 1 0 0 0
1 1 1 1 1 0 0 0 0 0 0 1 0 1 0 0
0 0 1 0 1 0 1 0 0 1 0 1 0 0 0 0
1 1 0 0 1 1 0 1 0 0 1 0 0 0 1 1
1 0 1 1 1 0 0 1 1 1 1 0 0 1 0 0
1 1 0 0 1 1 0 0 0 1 1 1 1 0 0 1
0 0 0 0 1 0 1 0 1 1 0 1 0 0 0 0
1 0 1 0 0 0 1 0 0 1 0 0 0 0 1 1
0 0 0 0 1 1 0 0 1 1 0 1 1 1 0 1
54 26 12 9 53 31 13 34 9 44 46 25 28 7 27 25
26 39 37 9 34 6 30 34 37 51 54 25 40 19 28 54
14 28 9 42 52 25 14 35 11 53 22 8 7 38 42 43
45 9 12 38 9 55 47 48 55 42 54 35 15 39 22 28
28 40 34 9 46 14 6 19 44 45 24 53 32 16 18 35
29 18 17 53 46 13 52 23 43 12 48 7 52 46 55 45
14 10 49 14 33 26 6 15 11 15 28 42 16 7 10 46
41 36 52 49 25 21 22 47 55 18 8 22 43 42 48 6
29 15 43 31 9 34 40 46 48 42 30 25 14 9 8 42
40 32 21 34 53 38 45 6 12 47 16 15 22 52 10 44
7 7 24 28 11 11 20 47 52 42 11 32 10 46 7 51
55 18 25 41 7 52 28 39 31 31 19 36 34 7 54 12
33 19 42 48 33 7 50 14 42 35 43 33 25 24 30 23
42 50 52 38 17 38 37 26 37 51 38 43 50 18 20 54
39 26 37 48 20 24 33 36 16 17 14 44 8 50 31 23
24 30 18 48 19 43 42 38 39 21 54 49 25 15 12 51
