0 0 0 0 0 0 0 0 0 0 0 0 0 0 0 0
1 1 1 1 1 1 1 1 1 1 1 1 1 1 1 1
0 0 0 0 0 0 0 0 0 0 0 0 0 0 0 0
1 1 1 1 1 1 1 1 1 1 1 1 1 1 1 1
0 0 0 0 0 0 0 0 0 0 0 0 0 0 0 0
1 1 1 1 1 1 1 1 1 1 1 1 1 1 1 1
0 0 0 0 0 0 0 0 0 0 0 0 0 0 0 0
1 1 1 1 1 1 1 1 1 1 1 1 1 1 1 1
0 0 0 0 0 0 0 0 0 0 0 0 0 0 0 0
1 1 1 1 1 1 1 1 1 1 1 1 1 1 1 1
0 0 0 0 0 0 0 0 0 0 0 0 0 0 0 0
1 1 1 1 1 1 1 1 1 1 1 1 1 1 1 1
0 0 0 0 0 0 0 0 0 0 0 0 0 0 0 0
1 1 1 1 1 1 1 1 1 1 1 1 1 1 1 1
0 0 0 0 0 0 0 0 0 0 0 0 0 0 0 0
1 1 1 1 1 1 1 1 1 1 1 1 1 1 1 1
22 34 14 10 54 38 18 42 42 26 22 40 50 44 38 22
9 21 17 49 25 49 11 19 49 15 45 49 55 25 53 23
14 20 14 6 24 24 40 36 40 36 30 52 52 18 44 44
53 27 37 17 49 47 27 31 21 41 51 31 13 35 41 19
16 54 14 30 40 50 10 36 8 52 50 20 24 18 26 24
15 55 9 15 23 9 49 29 23 55 53 15 55 15 47 33
16 30 40 54 50 24 50 12 20 30 26 52 14 12 24 40
33 55 43 27 49 51 17 23 19 7 47 9 23 19 23 25
14 12 8 36 52 26 38 6 44 28 32 34 18 36 14 30
33 23 15 9 25 23 43 35 9 15 13 43 21 43 47 31
44 54 8 38 34 34 24 30 46 22 24 52 6 32 6 12
43 39 17 11 37 23 49 21 29 15 53 53 23 9 35 51
20 32 40 46 52 12 36 50 46 14 10 46 46 8 28 30
11 13 25 45 51 37 9 15 37 7 13 15 31 47 33 29
54 16 6 18 16 34 48 46 42 12 28 36 8 20 22 42
31 51 51 29 49 49 23 17 23 7 27 31 47 11 33 27
