0 0 0 0 0 0 0 0 0 0 0 0 0 0 0 0
1 1 1 1 1 1 1 1 1 1 1 1 1 1 1 1
0 0 0 0 0 0 0 0 0 0 0 0 0 0 0 0
1 1 1 1 1 1 1 1 1 1 1 1 1 1 1 1
0 0 0 0 0 0 0 0 0 0 0 0 0 0 0 0
1 1 1 1 1 1 1 1 1 1 1 1 1 1 1 1
0 0 0 0 0 0 0 0 0 0 0 0 0 0 0 0
1 1 1 1 1 1 1 1 1 1 1 1 1 1 1 1
0 0 0 0 0 0 0 0 0 0 0 0 0 0 0 0
1 1 1 1 1 1 1 1 1 1 1 1 1 1 1 1
0 0 0 0 0 0 0 0 0 0 0 0 0 0 0 0
1 1 1 1 1 1 1 1 1 1 1 1 1 1 1 1
0 0 0 0 0 0 0 0 0 0 0 0 0 0 0 0
1 1 1 1 1 1 1 1 1 1 1 1 1 1 1 1
0 0 0 0 0 0 0 0 0 0 0 0 0 0 0 0
1 1 1 1 1 1 1 1 1 1 1 1 1 1 1 1
38 52 54 48 14 10 42 30 40 50 22 44 44 24 42 26
13 47 55 7 9 55 47 43 55 15 39 17 41 33 53 19
54 42 32 28 52 16 34 22 50 54 38 30 26 24 14 36
47 9 17 43 21 33 39 25 39 9 13 21 11 51 15 13
48 32 36 46 30 28 40 28 8 16 48 20 20 44 14 50
7 41 51 21 41 21 37 43 15 11 37 47 33 31 33 47
10 12 18 42 40 10 54 14 40 30 54 22 24 8 50 52
43 43 35 13 19 13 31 21 25 11 31 23 15 33 41 9
24 26 36 46 10 22 32 12 6 20 14 20 38 12 6 40
23 17 55 55 13 39 45 35 45 19 15 13 13 43 43 7
28 16 28 40 26 10 30 28 6 26 22 12 8 18 38 36
19 39 53 29 19 29 39 7 37 21 43 31 55 55 53 15
16 8 22 12 18 8 50 36 24 20 18 14 26 10 50 28
13 37 25 31 35 19 53 19 7 37 37 55 7 25 35 55
32 38 36 26 18 18 38 48 42 10 38 52 38 18 46 14
35 45 55 51 17 11 45 55 35 35 9 49 9 19 55 47
