0 0 0 0 0 0 0 0 0 0 0 0 0 0 0 0
1 1 1 1 1 1 1 1 1 1 1 1 1 1 1 1
0 0 0 0 0 0 0 0 0 0 0 0 0 0 0 0
1 1 1 1 1 1 1 1 1 1 1 1 1 1 1 1
0 0 0 0 0 0 0 0 0 0 0 0 0 0 0 0
1 1 1 1 1 1 1 1 1 1 1 1 1 1 1 1
0 0 0 0 0 0 0 0 0 0 0 0 0 0 0 0
1 1 1 1 1 1 1 1 1 1 1 1 1 1 1 1
0 0 0 0 0 0 0 0 0 0 0 0 0 0 0 0
1 1 1 1 1 1 1 1 1 1 1 1 1 1 1 1
0 0 0 0 0 0 0 0 0 0 0 0 0 0 0 0
1 1 1 1 1 1 1 1 1 1 1 1 1 1 1 1
0 0 0 0 0 0 0 0 0 0 0 0 0 0 0 0
1 1 1 1 1 1 1 1 1 1 1 1 1 1 1 1
0 0 0 0 0 0 0 0 0 0 0 0 0 0 0 0
1 1 1 1 1 1 1 1 1 1 1 1 1 1 1 1
48 46 46 52 38 54 20 42 24 10 28 10 14 30 38 50
11 19 29 15 53 23 11 23 37 25 29 25 11 43 55 9
10 30 34 34 46 10 40 34 38 10 20 42 40 46 54 24
55 41 11 37 35 41 55 31 23 19 43 37 11 53 21 25
50 26 44 24 12 44 46 28 52 12 8 18 42 46 54 42
53 33 21 17 21 7 47 25 17 35 7 45 19 45 29 21
42 52 38 50 32 48 38 44 22 6 38 30 28 40 22 14
47 21 23 31 47 29 41 27 45 41 15 29 25 47 11 11
18 30 24 16 8 42 20 24 36 32 16 46 38 48 6 48
17 19 19 29 31 13 21 27 17 23 51 27 51 9 39 41
16 8 54 10 14 18 30 50 22 12 36 48 14 40 46 28
43 19 53 13 29 17 7 19 21 37 9 17 23 17 21 53
24 50 16 14 36 6 22 16 18 44 20 12 52 32 28 48
47 47 41 49 17 33 55 35 47 21 7 11 15 43 43 33
50 28 22 18 8 46 32 8 14 30 34 20 22 18 50 40
21 43 29 29 21 49 37 41 51 49 49 45 47 21 35 15
