0 0 0 0 0 0 0 0 0 0 0 0 0 0 0 0
1 1 1 1 1 1 1 1 1 1 1 1 1 1 1 1
0 0 0 0 0 0 0 0 0 0 0 0 0 0 0 0
1 1 1 1 1 1 1 1 1 1 1 1 1 1 1 1
0 0 0 0 0 0 0 0 0 0 0 0 0 0 0 0
1 1 1 1 1 1 1 1 1 1 1 1 1 1 1 1
0 0 0 0 0 0 0 0 0 0 0 0 0 0 0 0
1 1 1 1 1 1 1 1 1 1 1 1 1 1 1 1
0 0 0 0 0 0 0 0 0 0 0 0 0 0 0 0
1 1 1 1 1 1 1 1 1 1 1 1 1 1 1 1
0 0 0 0 0 0 0 0 0 0 0 0 0 0 0 0
1 1 1 1 1 1 1 1 1 1 1 1 1 1 1 1
0 0 0 0 0 0 0 0 0 0 0 0 0 0 0 0
1 1 1 1 1 1 1 1 1 1 1 1 1 1 1 1
0 0 0 0 0 0 0 0 0 0 0 0 0 0 0 0
1 1 1 1 1 1 1 1 1 1 1 1 1 1 1 1
32 26 38 12 12 38 36 36 28 22 34 54 10 12 12 12
41 55 13 47 17 17 27 29 41 21 37 51 25 29 15 51
30 12 28 8 48 26 12 24 52 32 26 28 54 26 42 36
19 37 43 39 39 29 17 27 31 23 31 25 15 17 25 11
32 32 22 36 6 10 40 14 34 22 12 22 24 40 20 28
9 7 53 51 43 19 45 37 43 7 17 37 7 39 7 13
26 42 54 28 16 26 24 48 24 16 54 24 52 54 20 8
53 25 43 15 17 25 29 25 45 13 27 31 43 45 45 23
38 24 16 36 12 42 28 36 30 8 30 50 48 44 52 14
35 11 21 19 25 11 45 15 13 7 45 43 7 23 17 39
42 32 24 48 24 54 48 38 24 42 26 28 50 20 20 42
47 51 39 55 51 41 7 9 55 37 21 11 9 29 7 13
38 14 40 14 6 52 46 6 32 12 52 18 16 32 14 44
49 23 45 33 17 49 45 11 29 37 55 39 41 29 27 31
42 8 36 26 38 34 44 34 38 50 32 16 20 36 6 24
15 35 45 35 15 47 19 51 39 29 41 33 35 49 53 37
