0 0 0 0 0 0 0 0 0 0 0 0 0 0 0 0
1 1 1 1 1 1 1 1 1 1 1 1 1 1 1 1
0 0 0 0 0 0 0 0 0 0 0 0 0 0 0 0
1 1 1 1 1 1 1 1 1 1 1 1 1 1 1 1
0 0 0 0 0 0 0 0 0 0 0 0 0 0 0 0
1 1 1 1 1 1 1 1 1 1 1 1 1 1 1 1
0 0 0 0 0 0 0 0 0 0 0 0 0 0 0 0
1 1 1 1 1 1 1 1 1 1 1 1 1 1 1 1
0 0 0 0 0 0 0 0 0 0 0 0 0 0 0 0
1 1 1 1 1 1 1 1 1 1 1 1 1 1 1 1
0 0 0 0 0 0 0 0 0 0 0 0 0 0 0 0
1 1 1 1 1 1 1 1 1 1 1 1 1 1 1 1
0 0 0 0 0 0 0 0 0 0 0 0 0 0 0 0
1 1 1 1 1 1 1 1 1 1 1 1 1 1 1 1
0 0 0 0 0 0 0 0 0 0 0 0 0 0 0 0
1 1 1 1 1 1 1 1 1 1 1 1 1 1 1 1
22 42 10 14 10 20 26 30 6 48 38 16 44 46 50 16
45 49 31 45 7 25 21 29 15 35 41 43 47 35 27 19
36 24 48 40 40 32 42 22 32 16 52 10 32 34 6 44
47 39 23 15 11 27 21 47 11 7 35 53 51 21 27 31
6 38 18 22 32 12 24 48 8 44 14 24 10 44 18 22
31 47 7 17 25 51 37 51 15 47 37 35 39 11 51 49
38 46 10 50 44 18 42 26 18 22 12 30 30 50 10 36
9 43 27 21 29 51 35 21 19 23 49 41 53 49 11 55
50 18 32 44 44 40 24 50 8 44 6 16 22 32 26 24
19 7 31 47 39 55 31 49 17 39 49 43 27 27 27 19
54 28 54 28 54 32 6 38 24 40 52 32 24 6 26 12
55 29 45 39 27 17 41 7 9 25 41 7 11 9 9 55
40 52 26 24 24 38 50 14 32 38 12 50 52 28 48 18
7 11 55 23 13 23 53 17 19 41 7 29 29 25 31 53
40 54 50 14 8 22 48 30 26 20 34 50 44 52 40 32
47 7 21 33 19 31 33 19 21 29 25 41 51 39 9 9
