0 0 0 0 0 0 0 0 0 0 0 0 0 0 0 0
1 1 1 1 1 1 1 1 1 1 1 1 1 1 1 1
0 0 0 0 0 0 0 0 0 0 0 0 0 0 0 0
1 1 1 1 1 1 1 1 1 1 1 1 1 1 1 1
0 0 0 0 0 0 0 0 0 0 0 0 0 0 0 0
1 1 1 1 1 1 1 1 1 1 1 1 1 1 1 1
0 0 0 0 0 0 0 0 0 0 0 0 0 0 0 0
1 1 1 1 1 1 1 1 1 1 1 1 1 1 1 1
0 0 0 0 0 0 0 0 0 0 0 0 0 0 0 0
1 1 1 1 1 1 1 1 1 1 1 1 1 1 1 1
0 0 0 0 0 0 0 0 0 0 0 0 0 0 0 0
1 1 1 1 1 1 1 1 1 1 1 1 1 1 1 1
0 0 0 0 0 0 0 0 0 0 0 0 0 0 0 0
1 1 1 1 1 1 1 1 1 1 1 1 1 1 1 1
0 0 0 0 0 0 0 0 0 0 0 0 0 0 0 0
1 1 1 1 1 1 1 1 1 1 1 1 1 1 1 1
36 12 34 30 28 28 52 6 34 16 26 34 32 46 10 26
47 53 15 53 15 9 13 17 27 39 37 43 15 25 45 9
38 10 52 14 44 54 36 18 34 12 50 34 28 6 14 40
37 23 27 7 43 29 13 11 23 35 33 37 25 41 47 33
46 28 34 8 38 12 42 10 12 28 30 12 46 38 12 8
43 21 9 11 35 49 55 33 11 53 19 43 27 15 7 55
10 36 18 28 20 20 52 10 32 48 50 36 26 14 42 38
39 21 27 39 25 51 37 17 19 9 43 11 39 51 31 37
18 26 12 14 46 24 22 48 28 22 6 44 10 52 26 38
27 55 25 7 31 47 47 41 25 51 29 43 47 23 53 21
50 36 22 18 54 8 24 28 52 16 22 32 26 50 42 40
47 51 55 9 43 19 33 17 19 11 25 21 47 33 11 19
24 12 20 28 36 14 22 44 16 32 42 28 6 20 34 10
13 35 9 19 9 7 21 9 45 15 15 15 37 37 53 45
8 32 54 46 46 40 22 54 10 42 8 30 38 34 42 10
39 45 47 55 53 19 17 13 41 41 7 19 13 15 23 7
