0 0 0 0 0 0 0 0 0 0 0 0 0 0 0 0
1 1 1 1 1 1 1 1 1 1 1 1 1 1 1 1
0 0 0 0 0 0 0 0 0 0 0 0 0 0 0 0
1 1 1 1 1 1 1 1 1 1 1 1 1 1 1 1
0 0 0 0 0 0 0 0 0 0 0 0 0 0 0 0
1 1 1 1 1 1 1 1 1 1 1 1 1 1 1 1
0 0 0 0 0 0 0 0 0 0 0 0 0 0 0 0
1 1 1 1 1 1 1 1 1 1 1 1 1 1 1 1
0 0 0 0 0 0 0 0 0 0 0 0 0 0 0 0
1 1 1 1 1 1 1 1 1 1 1 1 1 1 1 1
0 0 0 0 0 0 0 0 0 0 0 0 0 0 0 0
1 1 1 1 1 1 1 1 1 1 1 1 1 1 1 1
0 0 0 0 0 0 0 0 0 0 0 0 0 0 0 0
1 1 1 1 1 1 1 1 1 1 1 1 1 1 1 1
0 0 0 0 0 0 0 0 0 0 0 0 0 0 0 0
1 1 1 1 1 1 1 1 1 1 1 1 1 1 1 1
40 6 26 16 42 42 54 32 46 14 24 54 20 48 28 30
43 43 39 17 33 25 7 29 17 51 49 35 7 21 35 37
26 24 6 50 32 50 12 50 40 42 42 14 6 46 44 50
41 29 41 7 11 11 21 39 49 13 39 9 49 35 47 9
6 20 20 48 22 30 40 24 10 50 24 26 22 36 52 50
29 51 27 37 9 17 41 49 35 29 13 7 47 27 31 23
18 44 52 48 20 20 48 6 26 44 40 6 14 28 38 14
9 27 19 11 7 45 15 41 17 43 13 9 43 45 35 11
32 8 12 32 52 40 24 42 18 44 44 10 32 16 14 34
11 21 37 55 11 11 43 21 53 41 39 11 35 45 35 15
12 18 50 8 26 52 42 32 26 52 52 34 24 16 24 32
31 17 41 37 43 47 15 53 55 27 27 31 17 9 9 27
20 44 50 14 52 12 34 12 40 22 14 42 54 28 24 10
41 7 15 9 11 53 13 21 7 51 17 25 49 47 11 43
28 6 32 30 8 10 8 18 32 6 46 20 22 32 18 34
33 51 27 25 27 47 43 7 13 13 53 13 55 51 29 13
