0 0 0 0 0 0 0 0 0 0 0 0 0 0 0 0
1 1 1 1 1 1 1 1 1 1 1 1 1 1 1 1
0 0 0 0 0 0 0 0 0 0 0 0 0 0 0 0
1 1 1 1 1 1 1 1 1 1 1 1 1 1 1 1
0 0 0 0 0 0 0 0 0 0 0 0 0 0 0 0
1 1 1 1 1 1 1 1 1 1 1 1 1 1 1 1
0 0 0 0 0 0 0 0 0 0 0 0 0 0 0 0
1 1 1 1 1 1 1 1 1 1 1 1 1 1 1 1
0 0 0 0 0 0 0 0 0 0 0 0 0 0 0 0
1 1 1 1 1 1 1 1 1 1 1 1 1 1 1 1
0 0 0 0 0 0 0 0 0 0 0 0 0 0 0 0
1 1 1 1 1 1 1 1 1 1 1 1 1 1 1 1
0 0 0 0 0 0 0 0 0 0 0 0 0 0 0 0
1 1 1 1 1 1 1 1 1 1 1 1 1 1 1 1
0 0 0 0 0 0 0 0 0 0 0 0 0 0 0 0
1 1 1 1 1 1 1 1 1 1 1 1 1 1 1 1
22 40 20 18 54 22 26 24 50 22 50 24 54 44 16 42
9 13 47 45 49 45 21 43 29 45 15 31 53 21 25 41
10 30 12 10 8 46 40 48 52 54 30 18 30 6 24 22
39 29 29 17 7 15 41 45 49 19 13 33 53 55 29 7
12 52 16 28 26 24 42 50 28 6 24 16 14 34 18 16
23 19 37 35 51 15 9 27 29 29 37 7 49 41 49 13
34 46 54 10 24 38 18 38 48 20 48 26 8 32 30 28
13 43 11 19 25 15 51 41 37 29 9 7 7 31 33 49
50 16 20 46 6 52 24 24 32 54 28 16 8 38 6 24
25 21 43 47 43 15 35 27 17 21 27 47 25 17 33 55
44 18 24 22 50 46 36 50 32 36 30 40 24 20 6 46
19 47 23 27 49 7 9 53 39 25 21 25 31 23 9 35
22 38 30 8 32 10 36 6 42 48 6 28 28 30 36 16
39 25 31 31 13 43 21 55 33 25 53 29 35 13 15 37
52 24 6 34 42 6 34 48 48 30 36 46 38 8 16 12
39 39 29 51 33 35 45 49 49 47 53 27 51 39 39 35
