0 0 0 0 0 0 0 0 0 0 0 0 0 0 0 0
1 1 1 1 1 1 1 1 1 1 1 1 1 1 1 1
0 0 0 0 0 0 0 0 0 0 0 0 0 0 0 0
1 1 1 1 1 1 1 1 1 1 1 1 1 1 1 1
0 0 0 0 0 0 0 0 0 0 0 0 0 0 0 0
1 1 1 1 1 1 1 1 1 1 1 1 1 1 1 1
0 0 0 0 0 0 0 0 0 0 0 0 0 0 0 0
1 1 1 1 1 1 1 1 1 1 1 1 1 1 1 1
0 0 0 0 0 0 0 0 0 0 0 0 0 0 0 0
1 1 1 1 1 1 1 1 1 1 1 1 1 1 1 1
0 0 0 0 0 0 0 0 0 0 0 0 0 0 0 0
1 1 1 1 1 1 1 1 1 1 1 1 1 1 1 1
0 0 0 0 0 0 0 0 0 0 0 0 0 0 0 0
1 1 1 1 1 1 1 1 1 1 1 1 1 1 1 1
0 0 0 0 0 0 0 0 0 0 0 0 0 0 0 0
1 1 1 1 1 1 1 1 1 1 1 1 1 1 1 1
28 40 54 32 12 26 36 42 28 54 54 36 20 26 8 34
21 47 51 9 39 43 37 37 51 53 15 19 9 49 13 53
32 48 54 10 8 12 10 40 24 12 24 26 34 18 36 10
47 37 49 19 41 15 21 39 7 9 43 17 47 13 23 51
42 46 24 8 46 28 22 50 8 42 10 26 38 48 46 20
11 33 27 19 27 9 43 35 7 21 15 9 9 15 41 45
26 34 44 26 28 28 30 8 54 34 24 20 42 38 30 18
17 21 47 51 43 51 27 39 45 51 23 7 13 17 49 7
22 42 48 42 40 34 40 26 18 22 40 48 34 18 12 54
17 11 17 41 29 15 13 9 29 41 17 55 15 47 27 23
18 42 12 50 8 38 34 14 30 6 42 8 48 8 52 6
41 21 41 9 7 19 11 9 19 29 35 11 19 37 29 33
34 12 42 28 12 46 28 10 22 36 10 36 32 8 32 36
39 45 15 23 9 19 35 9 29 7 43 47 27 47 31 21
8 38 54 38 24 14 34 24 32 20 48 50 42 48 42 26
41 43 17 37 37 37 35 21 55 13 13 51 41 51 7 45
