0 0 0 0 0 0 0 0 0 0 0 0 0 0 0 0
1 1 1 1 1 1 1 1 1 1 1 1 1 1 1 1
0 0 0 0 0 0 0 0 0 0 0 0 0 0 0 0
1 1 1 1 1 1 1 1 1 1 1 1 1 1 1 1
0 0 0 0 0 0 0 0 0 0 0 0 0 0 0 0
1 1 1 1 1 1 1 1 1 1 1 1 1 1 1 1
0 0 0 0 0 0 0 0 0 0 0 0 0 0 0 0
1 1 1 1 1 1 1 1 1 1 1 1 1 1 1 1
0 0 0 0 0 0 0 0 0 0 0 0 0 0 0 0
1 1 1 1 1 1 1 1 1 1 1 1 1 1 1 1
0 0 0 0 0 0 0 0 0 0 0 0 0 0 0 0
1 1 1 1 1 1 1 1 1 1 1 1 1 1 1 1
0 0 0 0 0 0 0 0 0 0 0 0 0 0 0 0
1 1 1 1 1 1 1 1 1 1 1 1 1 1 1 1
0 0 0 0 0 0 0 0 0 0 0 0 0 0 0 0
1 1 1 1 1 1 1 1 1 1 1 1 1 1 1 1
12 6 22 36 22 16 20 46 44 12 48 18 40 50 10 20
21 37 25 55 27 49 13 45 15 9 23 51 37 41 35 11
22 42 34 54 8 44 16 28 22 54 44 12 50 50 32 22
9 37 39 53 31 27 39 21 43 37 29 39 7 27 21 11
24 8 14 54 12 50 16 8 28 44 12 38 6 12 26 14
17 27 49 27 23 55 19 45 43 29 35 47 37 25 43 15
12 16 30 30 6 26 24 52 6 44 36 54 34 36 52 28
15 9 37 11 31 47 41 39 43 49 25 27 49 39 45 15
28 30 40 28 16 52 26 30 36 36 42 42 52 10 54 48
33 51 35 41 9 13 27 21 51 37 49 43 49 23 15 9
40 36 18 46 30 28 34 50 46 12 18 14 40 18 30 48
41 9 33 7 55 31 15 33 27 39 15 55 15 29 41 19
22 30 52 12 6 38 44 16 30 14 18 22 14 32 52 40
37 29 11 19 7 9 17 29 51 39 35 49 23 9 21 27
8 10 28 10 54 22 44 54 50 50 20 20 16 16 40 16
33 53 11 15 27 51 31 55 25 33 19 11 51 51 7 15
