1 1 0 1 1 0 0 0 1 1 0 0 0 0 1 0
0 1 1 1 0 1 0 0 1 1 1 0 1 0 0 0
0 1 1 1 1 0 0 1 1 1 0 0 0 1 0 1
0 1 1 1 1 1 1 1 0 0 0 1 0 1 1 0
0 0 0 0 1 0 0 1 0 0 1 0 0 1 1 1
1 0 1 0 1 0 1 1 1 0 0 1 0 1 0 1
0 0 1 1 0 0 1 0 1 1 1 0 1 0 1 0
0 0 1 0 0 1 0 0 1 0 0 0 0 1 1 0
1 1 1 1 1 1 0 1 1 1 1 0 0 0 0 1
1 1 1 0 1 0 0 0 1 0 1 0 0 0 0 0
1 1 0 0 0 1 0 1 1 0 0 0 1 0 1 1
0 1 1 0 0 0 1 1 1 1 1 0 0 0 1 0
0 1 0 0 1 1 1 0 0 0 0 0 0 0 1 0
1 1 1 0 0 1 1 0 0 1 0 0 0 1 0 1
0 1 1 0 1 0 1 0 1 0 0 1 0 1 1 0
0 0 1 0 1 0 1 1 0 1 1 1 0 0 1 1
41 45 10 43 27 50 14 54 51 31 54 8 6 16 29 46
14 25 9 51 18 33 18 10 23 23 55 32 31 32 32 24
50 53 13 9 55 48 8 43 33 45 30 14 32 15 40 11
50 25 31 7 53 37 49 49 40 46 12 41 28 55 11 10
6 6 42 46 55 46 12 9 34 46 15 24 54 23 19 33
9 18 51 16 55 36 9 37 17 10 52 35 26 37 26 49
28 44 33 29 42 52 49 44 49 11 23 46 53 10 31 40
48 12 37 46 40 55 50 46 27 44 14 50 32 51 55 22
35 35 17 11 45 7 38 31 17 33 51 54 34 54 18 43
19 31 9 6 51 18 8 6 7 6 51 48 46 32 44 40
15 21 34 28 26 25 32 11 7 54 12 40 45 6 7 35
48 31 49 16 32 46 7 55 13 29 9 22 42 38 37 14
24 31 40 14 23 39 41 28 46 10 22 12 24 10 19 38
47 19 55 52 54 53 15 42 44 31 36 36 50 13 8 49
52 49 47 22 53 14 29 34 25 22 30 19 14 27 47 18
26 40 35 16 51 46 41 9 38 45 49 47 30 22 33 19
