0 1 0 1 0 1 0 1 0 1 0 1 0 1 0 1
0 1 0 1 0 1 0 1 0 1 0 1 0 1 0 1
0 1 0 1 0 1 0 1 0 1 0 1 0 1 0 1
0 1 0 1 0 1 0 1 0 1 0 1 0 1 0 1
0 1 0 1 0 1 0 1 0 1 0 1 0 1 0 1
0 1 0 1 0 1 0 1 0 1 0 1 0 1 0 1
0 1 0 1 0 1 0 1 0 1 0 1 0 1 0 1
0 1 0 1 0 1 0 1 0 1 0 1 0 1 0 1
0 1 0 1 0 1 0 1 0 1 0 1 0 1 0 1
0 1 0 1 0 1 0 1 0 1 0 1 0 1 0 1
0 1 0 1 0 1 0 1 0 1 0 1 0 1 0 1
0 1 0 1 0 1 0 1 0 1 0 1 0 1 0 1
0 1 0 1 0 1 0 1 0 1 0 1 0 1 0 1
0 1 0 1 0 1 0 1 0 1 0 1 0 1 0 1
0 1 0 1 0 1 0 1 0 1 0 1 0 1 0 1
0 1 0 1 0 1 0 1 0 1 0 1 0 1 0 1
54 37 20 45 26 39 12 9 26 43 16 19 20 31 32 23
48 53 6 23 42 55 20 39 44 9 42 39 30 51 52 41
8 17 42 31 22 29 12 11 34 49 54 15 20 35 28 55
50 29 36 37 36 9 40 11 20 41 42 53 38 53 12 7
32 23 20 35 6 27 42 23 36 25 18 11 30 39 16 29
48 15 6 37 54 21 28 27 36 37 20 17 24 13 40 11
32 21 50 55 22 21 6 35 12 47 14 11 12 15 30 17
8 15 42 11 36 47 30 17 48 17 14 55 28 23 34 37
32 25 50 41 44 35 32 47 22 27 36 9 16 37 22 33
50 7 24 17 54 13 48 11 46 7 38 19 52 37 24 7
22 55 28 11 48 35 36 7 18 25 12 9 12 9 46 15
48 53 50 43 42 27 32 41 46 29 28 47 46 17 6 49
26 7 32 47 40 9 42 35 44 11 46 53 18 19 24 7
18 41 10 37 36 53 44 35 22 25 36 53 14 13 18 23
6 39 10 7 18 17 30 21 22 15 12 27 16 7 54 37
26 29 24 49 42 45 22 45 14 55 8 9 34 7 50 13
