0 1 0 1 0 1 0 1 0 1 0 1 0 1 0 1
0 1 0 1 0 1 0 1 0 1 0 1 0 1 0 1
0 1 0 1 0 1 0 1 0 1 0 1 0 1 0 1
0 1 0 1 0 1 0 1 0 1 0 1 0 1 0 1
0 1 0 1 0 1 0 1 0 1 0 1 0 1 0 1
0 1 0 1 0 1 0 1 0 1 0 1 0 1 0 1
0 1 0 1 0 1 0 1 0 1 0 1 0 1 0 1
0 1 0 1 0 1 0 1 0 1 0 1 0 1 0 1
0 1 0 1 0 1 0 1 0 1 0 1 0 1 0 1
0 1 0 1 0 1 0 1 0 1 0 1 0 1 0 1
0 1 0 1 0 1 0 1 0 1 0 1 0 1 0 1
0 1 0 1 0 1 0 1 0 1 0 1 0 1 0 1
0 1 0 1 0 1 0 1 0 1 0 1 0 1 0 1
0 1 0 1 0 1 0 1 0 1 0 1 0 1 0 1
0 1 0 1 0 1 0 1 0 1 0 1 0 1 0 1
0 1 0 1 0 1 0 1 0 1 0 1 0 1 0 1
46 21 48 45 20 9 28 25 44 41 48 25 48 41 30 15
12 9 20 17 48 39 48 49 34 43 34 31 32 51 16 19
52 33 22 31 42 29 50 53 6 47 10 27 18 23 22 35
16 33 18 27 44 7 6 23 50 41 30 37 26 19 46 21
10 9 44 45 10 29 48 7 8 53 12 55 52 41 36 9
22 35 38 13 6 9 20 15 42 23 28 17 24 39 22 25
38 27 28 55 26 11 48 31 40 47 10 15 16 15 48 13
18 43 12 23 22 41 10 51 40 33 22 35 14 47 22 25
22 25 54 19 16 23 18 41 46 25 46 43 14 23 30 27
12 39 48 45 24 7 38 35 50 53 30 47 10 55 52 49
48 29 32 31 14 7 34 9 26 53 42 47 30 47 48 39
34 35 38 45 26 23 14 51 36 55 22 39 6 15 42 51
14 53 12 21 26 9 28 45 54 13 48 25 52 11 38 33
24 9 40 49 52 45 18 9 10 11 52 19 48 15 8 25
38 55 28 51 40 23 22 19 20 45 24 11 8 45 52 9
20 33 32 45 16 49 8 49 34 53 48 33 24 31 30 33
