0 1 0 1 0 1 0 1 0 1 0 1 0 1 0 1
0 1 0 1 0 1 0 1 0 1 0 1 0 1 0 1
0 1 0 1 0 1 0 1 0 1 0 1 0 1 0 1
0 1 0 1 0 1 0 1 0 1 0 1 0 1 0 1
0 1 0 1 0 1 0 1 0 1 0 1 0 1 0 1
0 1 0 1 0 1 0 1 0 1 0 1 0 1 0 1
0 1 0 1 0 1 0 1 0 1 0 1 0 1 0 1
0 1 0 1 0 1 0 1 0 1 0 1 0 1 0 1
0 1 0 1 0 1 0 1 0 1 0 1 0 1 0 1
0 1 0 1 0 1 0 1 0 1 0 1 0 1 0 1
0 1 0 1 0 1 0 1 0 1 0 1 0 1 0 1
0 1 0 1 0 1 0 1 0 1 0 1 0 1 0 1
0 1 0 1 0 1 0 1 0 1 0 1 0 1 0 1
0 1 0 1 0 1 0 1 0 1 0 1 0 1 0 1
0 1 0 1 0 1 0 1 0 1 0 1 0 1 0 1
0 1 0 1 0 1 0 1 0 1 0 1 0 1 0 1
26 33 18 25 38 29 42 27 46 27 42 39 16 45 26 47
18 9 52 29 26 11 8 45 30 41 28 41 10 25 8 53
22 15 44 7 38 47 10 9 32 29 46 23 22 55 10 37
12 55 6 47 24 37 6 11 30 15 38 55 44 21 30 23
12 53 34 55 38 15 34 43 16 7 46 15 6 55 22 31
26 43 10 35 18 21 54 29 44 41 48 15 22 15 18 49
14 45 6 7 20 25 38 45 20 11 18 21 12 29 24 33
48 49 48 23 44 21 36 35 10 51 48 51 54 7 38 37
50 45 22 9 30 25 32 17 46 21 36 47 22 13 18 47
46 27 42 21 22 47 52 51 18 9 26 51 10 47 6 29
46 33 52 25 6 13 18 41 14 7 50 45 38 37 54 23
28 51 8 33 8 19 10 25 8 55 28 29 12 15 36 35
10 43 10 23 44 31 42 33 36 39 46 13 52 47 32 45
18 7 8 13 6 35 38 45 26 53 24 55 22 23 52 19
18 29 20 19 42 31 18 41 32 25 34 23 12 49 44 7
52 43 8 9 12 49 50 45 12 33 54 23 8 15 28 53
