0 1 0 1 0 1 0 1 0 1 0 1 0 1 0 1
0 1 0 1 0 1 0 1 0 1 0 1 0 1 0 1
0 1 0 1 0 1 0 1 0 1 0 1 0 1 0 1
0 1 0 1 0 1 0 1 0 1 0 1 0 1 0 1
0 1 0 1 0 1 0 1 0 1 0 1 0 1 0 1
0 1 0 1 0 1 0 1 0 1 0 1 0 1 0 1
0 1 0 1 0 1 0 1 0 1 0 1 0 1 0 1
0 1 0 1 0 1 0 1 0 1 0 1 0 1 0 1
0 1 0 1 0 1 0 1 0 1 0 1 0 1 0 1
0 1 0 1 0 1 0 1 0 1 0 1 0 1 0 1
0 1 0 1 0 1 0 1 0 1 0 1 0 1 0 1
0 1 0 1 0 1 0 1 0 1 0 1 0 1 0 1
0 1 0 1 0 1 0 1 0 1 0 1 0 1 0 1
0 1 0 1 0 1 0 1 0 1 0 1 0 1 0 1
0 1 0 1 0 1 0 1 0 1 0 1 0 1 0 1
0 1 0 1 0 1 0 1 0 1 0 1 0 1 0 1
12 9 54 13 50 47 14 27 34 27 26 21 34 25 28 49
54 45 28 31 6 41 32 23 18 51 42 31 16 21 28 33
32 29 18 7 52 25 10 25 36 43 24 25 52 25 14 11
38 29 24 15 50 53 16 23 28 33 32 17 14 49 36 19
18 47 10 47 42 35 46 39 52 51 32 29 30 7 26 47
6 29 50 21 40 13 14 7 16 13 54 55 40 29 6 47
38 17 20 33 44 45 8 19 6 7 12 19 32 37 42 35
14 9 20 23 46 51 44 45 48 49 6 25 52 51 22 41
48 43 48 35 30 21 18 25 46 35 44 9 52 15 38 37
52 53 30 43 36 21 32 51 34 31 22 27 46 9 32 13
44 39 44 31 20 25 8 9 20 35 44 45 52 15 12 43
18 47 6 7 44 51 14 33 42 17 48 31 6 23 54 43
48 41 48 53 16 25 16 15 30 9 24 45 52 9 28 43
40 23 14 55 22 19 22 17 18 35 6 7 54 13 40 47
30 39 46 41 34 19 34 17 24 23 54 19 48 19 24 35
50 31 12 9 28 23 28 29 20 25 48 39 22 23 28 9
