0 1 0 1 0 1 0 1 0 1 0 1 0 1 0 1
0 1 0 1 0 1 0 1 0 1 0 1 0 1 0 1
0 1 0 1 0 1 0 1 0 1 0 1 0 1 0 1
0 1 0 1 0 1 0 1 0 1 0 1 0 1 0 1
0 1 0 1 0 1 0 1 0 1 0 1 0 1 0 1
0 1 0 1 0 1 0 1 0 1 0 1 0 1 0 1
0 1 0 1 0 1 0 1 0 1 0 1 0 1 0 1
0 1 0 1 0 1 0 1 0 1 0 1 0 1 0 1
0 1 0 1 0 1 0 1 0 1 0 1 0 1 0 1
0 1 0 1 0 1 0 1 0 1 0 1 0 1 0 1
0 1 0 1 0 1 0 1 0 1 0 1 0 1 0 1
0 1 0 1 0 1 0 1 0 1 0 1 0 1 0 1
0 1 0 1 0 1 0 1 0 1 0 1 0 1 0 1
0 1 0 1 0 1 0 1 0 1 0 1 0 1 0 1
0 1 0 1 0 1 0 1 0 1 0 1 0 1 0 1
0 1 0 1 0 1 0 1 0 1 0 1 0 1 0 1
26 29 40 21 50 15 8 47 38 25 32 17 32 45 38 53
16 9 28 51 40 29 16 27 26 23 42 9 46 51 52 43
24 49 14 29 32 9 16 43 32 39 50 29 28 55 26 21
44 25 10 53 14 21 32 27 42 53 22 35 44 51 44 27
48 15 32 7 26 7 36 7 26 33 32 15 36 31 20 29
8 21 18 37 30 41 28 23 36 35 26 43 14 13 50 33
14 51 18 23 36 47 8 15 48 39 44 23 32 17 44 43
10 13 52 17 16 13 40 21 38 7 30 49 18 19 54 27
24 35 14 41 28 21 44 41 26 7 34 15 14 27 54 13
44 41 18 17 34 35 28 33 30 55 38 9 22 11 36 47
42 43 42 33 28 31 24 13 50 27 30 29 46 35 14 17
38 21 48 53 12 25 16 29 48 17 12 7 22 17 36 15
12 53 6 43 26 15 46 27 12 31 24 37 20 53 54 35
24 47 8 35 8 23 16 51 10 51 46 13 8 37 46 25
50 41 12 15 52 35 40 33 48 27 14 31 22 17 46 7
12 13 26 43 38 47 28 33 50 49 52 51 50 11 28 11
