0 1 0 1 0 1 0 1 0 1 0 1 0 1 0 1
0 1 0 1 0 1 0 1 0 1 0 1 0 1 0 1
0 1 0 1 0 1 0 1 0 1 0 1 0 1 0 1
0 1 0 1 0 1 0 1 0 1 0 1 0 1 0 1
0 1 0 1 0 1 0 1 0 1 0 1 0 1 0 1
0 1 0 1 0 1 0 1 0 1 0 1 0 1 0 1
0 1 0 1 0 1 0 1 0 1 0 1 0 1 0 1
0 1 0 1 0 1 0 1 0 1 0 1 0 1 0 1
0 1 0 1 0 1 0 1 0 1 0 1 0 1 0 1
0 1 0 1 0 1 0 1 0 1 0 1 0 1 0 1
0 1 0 1 0 1 0 1 0 1 0 1 0 1 0 1
0 1 0 1 0 1 0 1 0 1 0 1 0 1 0 1
0 1 0 1 0 1 0 1 0 1 0 1 0 1 0 1
0 1 0 1 0 1 0 1 0 1 0 1 0 1 0 1
0 1 0 1 0 1 0 1 0 1 0 1 0 1 0 1
0 1 0 1 0 1 0 1 0 1 0 1 0 1 0 1
52 27 54 17 10 19 24 47 18 49 36 7 34 29 40 21
8 45 12 43 16 53 12 9 26 29 10 13 32 11 16 21
52 37 28 47 30 49 38 27 38 29 50 7 40 25 34 17
32 53 22 37 48 33 46 9 40 29 18 23 10 55 26 55
8 33 14 51 10 19 8 53 46 45 46 21 44 41 44 41
28 43 34 13 46 9 50 39 8 27 40 49 28 15 14 15
42 11 36 27 46 9 18 45 38 19 12 9 14 51 26 33
48 55 16 21 46 11 6 11 48 33 10 7 30 45 12 19
46 51 44 21 30 55 6 19 24 35 48 15 34 53 16 43
40 41 54 49 32 11 12 7 32 37 26 31 36 17 22 15
32 43 12 21 28 25 42 11 20 45 12 37 30 23 20 29
12 47 18 17 54 47 28 31 34 33 54 25 28 33 28 27
6 25 12 31 14 9 48 51 10 37 22 47 36 41 26 43
50 7 14 13 10 43 28 21 22 21 38 47 16 23 36 37
50 37 20 41 38 51 28 33 54 39 26 45 42 21 24 51
34 47 24 9 18 9 12 19 50 37 40 35 30 19 52 49
