0 1 0 1 0 1 0 1 0 1 0 1 0 1 0 1
0 1 0 1 0 1 0 1 0 1 0 1 0 1 0 1
0 1 0 1 0 1 0 1 0 1 0 1 0 1 0 1
0 1 0 1 0 1 0 1 0 1 0 1 0 1 0 1
0 1 0 1 0 1 0 1 0 1 0 1 0 1 0 1
0 1 0 1 0 1 0 1 0 1 0 1 0 1 0 1
0 1 0 1 0 1 0 1 0 1 0 1 0 1 0 1
0 1 0 1 0 1 0 1 0 1 0 1 0 1 0 1
0 1 0 1 0 1 0 1 0 1 0 1 0 1 0 1
0 1 0 1 0 1 0 1 0 1 0 1 0 1 0 1
0 1 0 1 0 1 0 1 0 1 0 1 0 1 0 1
0 1 0 1 0 1 0 1 0 1 0 1 0 1 0 1
0 1 0 1 0 1 0 1 0 1 0 1 0 1 0 1
0 1 0 1 0 1 0 1 0 1 0 1 0 1 0 1
0 1 0 1 0 1 0 1 0 1 0 1 0 1 0 1
0 1 0 1 0 1 0 1 0 1 0 1 0 1 0 1
52 45 42 41 38 53 52 19 48 29 46 27 28 7 18 43
10 7 36 19 44 23 24 13 40 17 36 37 26 17 34 21
32 35 46 15 6 45 46 39 46 33 20 33 38 33 48 7
54 19 36 37 6 35 44 15 42 47 18 17 44 23 38 51
38 11 38 31 18 21 36 15 22 31 36 27 38 41 48 55
30 7 50 37 26 7 10 31 32 47 36 25 50 49 26 35
48 51 10 19 54 13 18 21 42 55 48 19 42 33 46 45
22 49 24 11 54 35 38 11 24 31 48 25 48 53 30 43
46 33 50 15 38 31 16 39 36 45 14 41 44 17 38 49
40 47 46 23 14 21 40 31 30 9 48 29 14 21 20 55
42 33 6 11 52 35 22 41 28 7 34 43 8 35 14 11
10 17 50 25 40 49 16 15 38 23 50 49 16 11 42 13
36 51 30 21 12 31 40 53 34 49 36 55 38 25 52 45
16 33 22 35 48 31 20 47 52 55 8 49 50 49 38 53
8 39 42 43 14 9 48 33 32 37 8 49 30 23 8 11
14 43 54 7 40 21 46 27 42 11 16 37 20 7 30 45
