0 1 0 1 0 1 0 1 0 1 0 1 0 1 0 1
0 1 0 1 0 1 0 1 0 1 0 1 0 1 0 1
0 1 0 1 0 1 0 1 0 1 0 1 0 1 0 1
0 1 0 1 0 1 0 1 0 1 0 1 0 1 0 1
0 1 0 1 0 1 0 1 0 1 0 1 0 1 0 1
0 1 0 1 0 1 0 1 0 1 0 1 0 1 0 1
0 1 0 1 0 1 0 1 0 1 0 1 0 1 0 1
0 1 0 1 0 1 0 1 0 1 0 1 0 1 0 1
0 1 0 1 0 1 0 1 0 1 0 1 0 1 0 1
0 1 0 1 0 1 0 1 0 1 0 1 0 1 0 1
0 1 0 1 0 1 0 1 0 1 0 1 0 1 0 1
0 1 0 1 0 1 0 1 0 1 0 1 0 1 0 1
0 1 0 1 0 1 0 1 0 1 0 1 0 1 0 1
0 1 0 1 0 1 0 1 0 1 0 1 0 1 0 1
0 1 0 1 0 1 0 1 0 1 0 1 0 1 0 1
0 1 0 1 0 1 0 1 0 1 0 1 0 1 0 1
42 41 8 13 42 27 20 11 6 41 48 37 50 55 28 27
20 11 34 7 10 9 36 37 54 51 44 35 18 23 22 29
16 33 8 55 16 41 10 37 22 7 28 17 8 19 32 53
54 37 52 55 22 15 40 11 18 33 12 23 30 55 44 17
26 43 30 35 30 15 24 29 32 31 26 47 26 41 26 15
6 11 30 35 48 35 48 43 52 37 30 35 50 17 32 11
32 43 10 41 48 55 54 13 24 43 30 13 38 23 22 31
20 55 24 25 54 43 24 55 54 55 40 31 34 25 36 19
24 45 44 43 12 29 10 49 28 13 30 21 6 37 8 53
46 39 36 33 48 55 40 25 34 23 8 33 40 31 50 55
16 29 52 39 18 19 34 35 14 43 16 19 36 55 8 9
34 27 46 51 38 15 10 39 42 11 36 45 10 23 28 35
42 13 12 55 30 23 12 19 10 51 20 29 36 37 52 15
20 15 46 37 16 37 26 15 6 39 12 11 50 53 18 49
14 41 16 37 26 25 22 19 12 39 50 37 42 9 26 41
34 13 6 15 18 55 40 15 6 47 48 49 22 49 22 25
