0 1 0 1 0 1 0 1 0 1 0 1 0 1 0 1
0 1 0 1 0 1 0 1 0 1 0 1 0 1 0 1
0 1 0 1 0 1 0 1 0 1 0 1 0 1 0 1
0 1 0 1 0 1 0 1 0 1 0 1 0 1 0 1
0 1 0 1 0 1 0 1 0 1 0 1 0 1 0 1
0 1 0 1 0 1 0 1 0 1 0 1 0 1 0 1
0 1 0 1 0 1 0 1 0 1 0 1 0 1 0 1
0 1 0 1 0 1 0 1 0 1 0 1 0 1 0 1
0 1 0 1 0 1 0 1 0 1 0 1 0 1 0 1
0 1 0 1 0 1 0 1 0 1 0 1 0 1 0 1
0 1 0 1 0 1 0 1 0 1 0 1 0 1 0 1
0 1 0 1 0 1 0 1 0 1 0 1 0 1 0 1
0 1 0 1 0 1 0 1 0 1 0 1 0 1 0 1
0 1 0 1 0 1 0 1 0 1 0 1 0 1 0 1
0 1 0 1 0 1 0 1 0 1 0 1 0 1 0 1
0 1 0 1 0 1 0 1 0 1 0 1 0 1 0 1
46 31 32 53 8 35 44 33 34 53 12 27 20 53 6 29
28 55 46 35 26 27 48 49 18 25 28 27 26 31 10 41
30 11 26 17 52 15 52 53 28 49 16 43 42 41 46 37
46 21 18 17 20 9 30 31 54 27 36 17 44 53 8 11
12 15 28 11 8 17 28 53 28 15 36 27 30 51 32 17
24 19 22 45 40 49 48 17 38 39 36 21 40 13 44 35
10 25 32 53 52 17 38 37 14 31 38 9 42 47 22 23
50 39 44 39 28 41 28 45 14 21 32 45 48 35 50 11
36 39 36 53 8 45 28 51 24 31 50 41 12 25 30 49
30 7 44 53 38 39 30 37 38 27 26 25 42 21 46 27
38 27 32 49 34 45 32 19 50 23 24 43 26 49 36 19
34 41 24 39 26 25 14 47 6 23 26 45 52 15 32 23
50 31 36 15 30 47 44 51 18 23 48 47 42 37 8 33
30 47 52 43 28 47 46 9 22 13 42 27 6 41 24 31
30 13 50 35 36 29 28 11 52 13 6 13 10 45 40 43
40 49 36 35 44 9 26 11 12 41 14 41 48 45 54 23
