0 1 0 1 0 1 0 1 0 1 0 1 0 1 0 1
0 1 0 1 0 1 0 1 0 1 0 1 0 1 0 1
0 1 0 1 0 1 0 1 0 1 0 1 0 1 0 1
0 1 0 1 0 1 0 1 0 1 0 1 0 1 0 1
0 1 0 1 0 1 0 1 0 1 0 1 0 1 0 1
0 1 0 1 0 1 0 1 0 1 0 1 0 1 0 1
0 1 0 1 0 1 0 1 0 1 0 1 0 1 0 1
0 1 0 1 0 1 0 1 0 1 0 1 0 1 0 1
0 1 0 1 0 1 0 1 0 1 0 1 0 1 0 1
0 1 0 1 0 1 0 1 0 1 0 1 0 1 0 1
0 1 0 1 0 1 0 1 0 1 0 1 0 1 0 1
0 1 0 1 0 1 0 1 0 1 0 1 0 1 0 1
0 1 0 1 0 1 0 1 0 1 0 1 0 1 0 1
0 1 0 1 0 1 0 1 0 1 0 1 0 1 0 1
0 1 0 1 0 1 0 1 0 1 0 1 0 1 0 1
0 1 0 1 0 1 0 1 0 1 0 1 0 1 0 1
48 55 14 33 10 55 40 47 30 37 18 41 32 9 26 55
16 39 34 31 20 27 48 31 20 19 48 53 36 55 34 33
18 9 36 33 6 55 30 27 16 25 40 13 12 13 18 21
48 47 8 43 34 43 32 41 24 17 50 21 50 15 48 41
34 55 44 51 14 51 50 9 38 15 24 9 52 35 30 9
22 37 50 33 20 7 22 55 50 49 10 39 24 33 24 13
40 27 42 27 52 43 38 49 12 29 48 49 42 53 34 17
46 11 36 25 40 41 40 15 10 49 26 29 48 41 28 51
10 39 38 41 20 13 12 11 42 45 52 25 20 17 42 47
32 13 42 11 50 27 14 17 42 17 38 29 16 19 38 27
34 51 8 7 14 23 14 13 42 55 52 33 28 21 40 43
10 47 8 21 22 7 46 55 22 45 28 11 54 15 6 45
6 39 12 11 26 7 24 17 40 11 44 45 54 45 18 51
24 53 40 29 8 53 40 13 34 17 10 37 30 55 16 37
28 49 10 7 16 13 42 31 30 39 46 55 8 7 30 29
40 9 6 15 8 7 48 29 22 47 44 37 34 11 18 51
