0 1 1 1 1 0 1 0 1 1 1 1 1 0 1 1
1 0 0 0 1 1 0 1 0 0 1 0 0 0 1 0
1 0 0 1 1 0 0 1 1 1 1 1 0 1 0 0
0 1 0 1 0 1 0 0 0 1 0 1 1 0 1 1
1 0 0 1 1 1 1 0 1 0 1 0 0 1 1 0
0 1 1 0 1 0 1 0 1 0 0 0 1 0 0 1
1 1 1 1 1 1 1 0 1 0 0 0 1 0 0 0
0 0 0 0 0 1 1 0 0 1 1 0 1 0 0 0
0 0 0 0 1 0 1 1 0 0 0 1 1 1 0 0
1 1 0 0 0 0 1 1 0 1 1 1 1 1 1 1
1 1 0 0 1 0 0 0 0 0 1 1 0 1 1 1
0 1 1 0 1 1 0 1 1 0 1 1 1 0 0 0
1 0 0 1 0 0 1 1 1 1 0 0 1 1 1 1
1 1 0 1 0 1 0 1 1 0 1 0 0 1 0 1
0 1 1 0 1 1 1 1 0 0 0 1 1 1 1 0
1 1 0 0 1 0 1 1 1 1 1 1 0 1 1 0
36 49 53 25 23 12 7 34 17 49 39 19 9 22 31 29
29 26 40 50 37 23 32 53 16 44 13 18 14 32 25 20
21 18 40 43 55 32 6 45 25 9 17 9 34 53 16 34
46 27 40 39 44 49 42 28 18 13 46 45 7 8 27 27
37 52 32 47 35 13 51 10 41 10 19 16 36 43 11 38
6 31 31 18 43 30 15 46 41 24 16 38 33 40 12 35
37 27 53 33 35 47 21 26 33 14 48 48 31 30 26 48
8 24 52 12 32 31 51 42 34 11 19 12 25 18 22 34
10 46 50 52 21 22 35 35 44 42 18 17 27 35 30 52
39 55 34 32 30 46 41 23 52 21 37 7 35 55 15 35
53 17 22 14 37 10 40 50 52 28 55 47 38 13 51 39
52 33 11 10 39 35 30 33 33 28 9 47 51 40 48 28
35 34 28 31 52 42 15 31 27 47 50 36 39 19 13 55
47 15 8 7 14 15 54 35 25 24 9 14 38 23 32 53
38 47 51 8 31 41 47 7 12 20 54 49 25 13 33 24
29 19 30 10 51 22 25 27 7 41 45 23 46 23 9 54
