1 0 0 0 1 0 1 1 1 1 0 0 0 1 0 0
1 0 0 0 1 1 0 1 1 0 1 0 1 0 0 0
1 1 1 0 0 0 1 0 0 0 1 0 1 0 1 1
1 0 0 1 0 1 1 1 0 0 1 1 1 1 0 1
0 1 0 0 1 0 1 0 0 1 1 0 1 0 0 0
1 0 1 0 0 1 0 1 1 1 1 1 1 0 1 0
1 1 0 0 1 0 0 1 1 0 1 1 1 1 0 0
0 1 1 1 1 0 0 1 1 0 0 1 1 1 1 1
0 1 0 1 1 1 1 1 0 0 0 0 0 0 0 1
0 1 1 0 1 0 0 0 1 0 1 0 1 1 0 0
1 1 0 0 0 0 0 0 0 1 1 1 1 1 0 1
0 0 0 0 1 1 1 0 1 0 0 1 0 0 0 0
0 1 0 0 0 1 0 1 0 0 0 0 1 1 1 1
1 1 0 0 0 1 0 1 0 0 1 1 1 1 0 0
1 0 0 0 1 1 1 0 0 1 1 0 0 1 0 0
1 0 1 1 1 1 0 0 1 0 0 0 1 1 0 1
17 40 6 8 23 30 41 27 45 13 12 12 46 51 52 36
53 34 12 12 7 51 46 9 49 30 45 40 31 8 44 38
49 43 55 20 50 42 9 52 38 14 17 48 55 48 33 19
31 8 50 37 10 21 49 39 42 40 21 29 19 47 38 55
34 37 30 54 17 52 51 44 36 35 43 36 33 54 18 32
41 30 7 50 14 27 12 27 29 7 51 17 13 8 11 30
41 49 50 14 39 52 42 43 23 54 53 45 7 55 22 40
18 49 9 49 43 18 48 45 51 18 38 21 13 37 21 23
48 31 14 25 49 31 41 33 14 42 40 34 48 42 12 41
40 9 21 14 13 40 38 48 49 20 35 52 55 27 16 16
53 15 30 10 52 48 42 26 36 19 33 17 21 47 10 21
22 18 8 10 21 55 51 20 27 54 52 7 8 40 10 46
40 7 24 32 24 21 50 31 44 52 28 6 53 43 27 33
35 51 26 12 14 55 38 29 24 10 15 23 23 7 42 6
13 28 26 10 39 7 9 16 42 33 45 24 40 41 20 10
49 42 17 39 29 53 38 16 55 14 40 42 21 55 24 41
