0 1 1 1 0 1 0 0 0 0 1 1 0 0 1 1
1 1 1 1 1 0 1 1 1 0 1 0 1 1 0 1
1 1 1 1 0 0 1 0 0 1 1 1 0 1 1 1
0 0 1 0 1 0 1 1 1 1 0 1 0 0 0 0
1 0 1 0 0 1 1 0 0 0 0 1 1 0 1 1
1 1 1 1 1 1 0 1 0 0 1 1 0 1 0 0
1 0 1 0 0 0 1 0 1 1 0 0 1 0 1 1
0 0 0 0 0 0 0 0 0 0 1 1 0 0 0 0
0 0 0 0 0 1 0 0 0 1 1 1 1 1 0 1
1 0 1 1 1 0 1 0 1 1 1 1 1 1 1 0
1 0 1 0 1 0 1 0 0 0 0 0 1 1 0 1
0 1 0 0 0 0 1 0 0 0 0 0 1 0 1 1
1 1 1 0 1 1 1 0 1 1 0 0 0 0 1 1
1 0 1 0 1 1 0 1 1 1 1 1 1 0 0 0
0 0 0 1 1 0 1 1 1 1 0 0 0 1 0 0
0 0 0 0 0 0 1 0 0 1 0 1 1 1 1 1
44 15 19 29 36 47 20 46 20 54 43 33 40 22 35 9
13 17 31 19 41 40 15 49 27 6 31 38 51 25 48 41
15 15 7 37 32 34 27 50 54 13 33 13 6 55 17 39
54 26 19 48 49 20 51 19 25 15 12 25 50 40 26 54
33 30 47 40 54 37 49 14 50 32 50 55 39 30 11 23
23 45 9 47 21 11 14 49 12 36 21 39 8 9 20 44
55 14 41 6 26 36 23 22 9 23 50 12 13 42 25 29
38 50 6 36 36 46 44 40 34 42 29 13 46 40 48 52
10 12 10 20 54 17 12 22 52 19 35 21 49 49 40 49
23 28 51 47 9 50 53 20 17 33 19 41 55 37 29 30
37 20 31 26 37 24 13 34 30 46 14 16 55 41 54 13
8 21 52 14 14 8 55 42 32 28 14 8 27 48 11 49
49 51 33 8 7 23 9 36 7 39 6 16 38 12 15 19
39 46 25 14 13 17 12 11 53 39 15 17 33 36 38 18
8 24 20 31 43 30 53 35 53 25 6 38 32 23 36 52
44 16 26 28 44 40 17 18 12 7 50 41 37 31 43 55
