0 1 1 0 0 0 1 1 0 1 0 0 0 1 1 1
0 0 1 0 1 1 0 1 1 1 0 1 1 1 1 0
0 0 0 0 0 1 1 0 0 1 0 0 0 0 1 0
1 0 0 1 0 1 1 0 0 0 1 1 0 1 0 0
0 0 0 1 1 0 1 1 1 1 1 1 0 0 1 1
0 0 1 0 1 0 1 1 0 0 0 1 1 1 1 0
1 1 1 1 1 0 0 1 1 0 0 1 1 1 1 1
1 1 1 1 1 1 0 0 0 0 0 0 0 1 1 0
1 1 0 1 1 0 0 1 0 0 0 1 1 1 0 0
0 1 1 1 1 1 1 1 1 0 1 0 0 0 0 1
1 1 1 1 1 0 0 1 1 0 1 0 0 1 0 1
0 1 0 1 1 0 1 1 1 0 1 0 0 1 1 1
1 1 1 0 0 1 0 0 1 1 0 0 1 1 0 1
1 1 0 0 1 1 1 0 0 0 0 1 0 1 1 0
0 0 1 1 0 1 0 0 0 0 0 1 0 0 1 1
0 1 1 0 0 0 1 1 0 1 0 1 1 1 1 0
20 55 33 40 52 10 49 49 30 21 18 52 50 39 41 47
16 28 53 34 49 13 44 53 43 41 12 31 39 23 37 24
40 26 38 36 54 25 11 26 26 49 6 40 20 44 19 50
53 32 12 31 26 53 45 54 54 52 35 23 50 43 48 30
6 24 46 43 41 40 7 27 55 13 43 45 40 36 9 21
28 12 53 30 49 20 53 11 10 46 54 31 35 55 31 6
47 17 31 47 33 12 28 13 25 34 36 43 15 35 23 47
53 15 23 53 53 41 52 12 40 30 16 16 22 29 37 18
47 39 54 51 31 18 32 31 30 6 18 39 55 49 36 22
38 21 33 11 21 23 33 15 31 22 47 40 26 12 32 35
25 41 21 51 7 16 40 29 27 28 21 42 50 15 22 37
46 31 10 31 37 20 15 17 51 6 33 10 30 15 19 33
43 55 31 54 54 55 46 48 43 41 48 26 41 7 40 45
17 43 34 50 13 25 37 8 8 34 12 13 6 41 41 30
36 44 45 41 14 11 24 40 48 32 20 33 6 48 23 19
10 55 39 54 20 54 39 43 50 49 32 43 47 49 21 28
