1 1 1 0 1 0 1 0 1 0 0 1 0 0 0 0
1 0 0 0 0 0 1 0 1 1 0 0 1 1 1 0
1 1 0 0 0 0 0 1 1 0 0 1 0 0 0 1
1 1 0 0 0 1 0 0 1 0 1 1 1 1 0 0
0 1 1 0 0 0 1 0 0 1 0 1 1 0 0 0
0 1 1 0 1 0 0 1 1 0 1 0 0 1 1 1
0 1 0 1 1 0 0 0 1 1 1 0 1 1 0 1
0 1 0 0 1 1 1 0 1 1 0 1 0 0 1 1
1 1 1 0 0 0 1 0 1 1 1 0 0 1 0 0
1 1 0 0 0 1 0 1 1 0 1 1 1 0 0 0
1 1 1 0 1 1 0 0 0 0 1 1 1 0 1 0
0 1 1 0 0 0 1 0 1 0 1 1 1 0 0 0
0 0 1 1 0 0 0 1 0 0 0 1 0 1 0 0
0 0 1 0 1 0 1 1 0 1 1 1 0 0 0 0
1 0 0 1 0 1 0 1 0 0 0 0 1 1 1 0
0 0 1 0 0 0 1 0 1 0 0 0 0 1 1 1
29 17 45 8 43 14 15 12 45 48 40 13 8 26 34 30
29 14 18 28 8 10 15 22 39 21 28 54 37 35 13 14
35 49 48 46 12 40 48 35 13 26 20 19 46 42 48 43
45 19 22 34 12 17 24 14 37 44 23 9 15 47 34 28
22 21 39 26 22 54 23 34 36 49 34 47 27 44 8 12
24 47 49 16 27 38 24 17 45 54 9 18 20 37 31 9
36 35 12 7 23 6 26 26 49 33 49 48 53 25 6 51
26 25 32 46 51 41 49 30 37 23 10 53 46 28 39 27
11 11 13 44 10 18 29 42 23 51 41 28 52 45 16 52
11 27 20 18 14 23 32 35 13 46 39 55 55 22 14 18
43 23 47 44 13 17 38 14 16 34 33 33 35 20 23 54
32 7 35 20 46 6 53 6 15 8 53 45 49 34 52 44
6 34 41 55 6 24 46 19 10 10 6 55 42 27 16 28
20 50 29 6 21 46 55 41 52 43 25 31 46 8 18 36
23 10 14 15 16 33 50 21 46 22 50 32 35 21 37 38
8 24 13 26 20 48 31 44 41 34 30 46 12 53 31 25
