7 2 6 6 5 0 1 2 5 6 4 4 4 6 2 1
4 2 7 2 5 7 6 6 7 2 5 5 7 2 7 2
2 0 6 5 2 1 5 3 5 2 4 4 6 4 7 2
3 0 7 0 7 7 4 6 0 3 3 5 5 7 5 7
5 7 4 5 0 7 5 4 0 3 0 7 0 5 2 2
6 7 5 1 6 6 5 6 6 4 7 2 7 3 3 2
1 3 0 7 4 1 0 0 5 6 5 1 3 7 5 0
5 2 0 4 4 4 1 4 4 6 6 7 0 1 1 1
1 4 4 4 1 5 2 1 5 2 6 0 5 6 0 0
6 1 2 3 3 6 1 1 5 3 6 4 4 7 0 2
6 4 7 1 6 1 4 0 1 3 7 7 3 4 5 5
5 3 3 2 4 6 0 0 3 2 0 2 2 0 5 1
7 1 2 3 6 3 3 2 3 3 3 3 0 1 3 3
1 1 6 4 4 2 4 4 3 6 7 5 0 1 0 0
2 2 4 4 7 4 2 3 2 1 3 0 2 1 5 3
3 3 3 1 5 3 1 3 3 3 3 1 1 5 7 0
10 16 9 88 77 42 81 72 77 9 76 76 76 68 72 15
76 16 79 16 47 21 30 88 31 34 95 95 31 44 69 54
24 52 30 19 34 91 29 6 95 44 56 7 68 7 51 16
83 22 69 52 69 69 46 48 22 65 65 39 57 59 39 59
77 59 84 57 11 59 47 84 11 55 3 10 3 29 24 24
68 21 8 43 30 40 29 40 40 66 51 64 31 55 83 64
63 83 60 51 56 33 90 52 87 9 77 71 55 10 47 22
39 64 22 56 84 36 71 36 36 58 20 21 52 53 53 53
53 18 84 18 63 67 64 23 19 34 30 90 39 88 90 90
88 33 24 83 17 58 91 91 8 35 48 18 94 89 60 5
48 7 89 15 68 43 18 80 81 65 89 89 75 7 57 57
8 35 93 34 28 58 32 32 65 72 80 72 54 80 87 43
10 43 82 93 40 27 75 82 17 45 93 75 42 91 75 55
71 63 58 28 94 54 28 28 35 48 79 19 80 71 60 60
5 82 94 36 21 94 92 35 54 15 27 32 82 23 19 6
45 45 27 15 29 93 23 27 45 6 6 33 23 8 79 32
