1 2 1 3 1 6 7 6 7 1 6 6 1 1 0 2
2 2 0 7 4 1 1 3 3 3 1 6 3 3 3 3
7 1 3 1 1 1 7 7 4 6 6 6 0 7 2 0
0 4 0 0 4 0 1 5 5 5 5 0 7 4 6 0
2 5 2 5 5 6 2 2 3 1 3 3 6 4 5 6
6 6 6 5 5 3 5 5 7 4 1 2 1 3 3 2
1 1 1 0 3 3 1 4 2 4 6 4 6 1 6 3
3 4 5 3 4 2 0 3 3 3 3 7 1 1 4 1
7 4 7 0 0 0 5 5 2 0 0 0 6 4 4 6
3 3 3 2 2 2 4 7 4 6 2 7 7 4 7 3
6 2 0 5 2 3 2 2 0 4 6 4 7 2 3 6
2 5 5 3 5 5 3 3 4 6 6 2 4 6 3 6
4 2 0 4 3 0 4 2 5 5 0 3 5 4 7 7
5 4 0 0 1 7 7 1 4 7 6 2 6 7 5 7
4 6 5 4 0 0 0 5 4 4 4 5 5 2 7 1
0 5 1 1 7 1 5 6 1 0 7 5 1 2 7 1
71 5 53 6 4 9 69 9 69 4 9 9 4 4 3 5
5 5 3 31 46 71 71 83 93 83 71 48 83 83 93 93
51 15 93 15 15 15 51 51 36 48 48 48 80 51 16 80
80 36 80 32 36 32 81 77 77 19 77 32 69 36 30 32
34 19 16 77 87 30 16 16 55 81 75 27 40 18 19 88
40 40 40 95 95 55 95 19 69 66 81 34 43 55 55 34
81 43 23 70 35 35 43 28 34 66 30 66 20 43 30 27
17 28 95 17 66 44 90 17 35 17 35 89 23 23 28 23
79 28 89 42 42 70 39 39 44 42 42 70 20 84 76 88
75 75 75 72 24 44 84 21 46 68 24 41 79 84 21 27
58 72 90 29 24 45 44 72 70 76 20 84 89 24 45 20
72 39 67 6 39 67 45 45 76 78 68 92 18 88 27 88
18 92 90 76 6 90 18 92 67 57 11 6 67 56 79 21
57 7 11 3 33 89 79 33 7 21 78 92 68 31 87 10
7 68 29 7 22 22 3 57 56 56 56 29 29 82 31 33
11 57 33 63 10 91 8 78 63 22 31 87 91 82 10 53
