6 3 2 1 1 1 1 2 4 4 4 4 1 0 0 0
6 3 7 6 6 4 6 3 3 3 2 3 4 1 4 7
7 7 3 4 4 3 0 3 4 3 2 3 5 0 4 4
2 4 4 6 2 6 6 6 0 0 1 2 2 2 2 7
6 6 7 0 7 5 4 4 3 0 3 0 4 3 5 5
5 5 5 6 0 6 7 6 4 6 5 4 4 3 0 6
4 6 0 6 3 5 5 3 1 6 6 0 1 6 6 6
5 0 0 3 3 1 1 3 3 7 3 5 3 4 1 5
5 4 3 0 4 1 7 4 7 0 1 3 7 1 5 0
5 7 5 4 5 2 6 3 3 2 1 5 6 6 7 4
1 4 5 5 6 5 0 4 0 1 1 5 0 6 0 4
2 7 7 1 5 0 3 1 0 0 1 2 2 3 1 1
5 6 3 0 3 1 0 4 2 6 5 6 5 2 4 5
5 0 2 0 3 5 2 1 5 3 0 4 1 0 0 2
1 5 2 1 1 1 5 4 2 0 6 1 2 6 2 2
1 4 5 0 2 1 7 7 1 2 0 5 0 1 0 5
58 6 5 71 71 4 71 5 28 28 28 28 4 22 22 22
58 6 41 58 58 46 30 27 27 27 44 27 36 23 36 41
41 41 45 36 18 45 22 45 36 45 44 6 8 32 18 46
44 46 46 30 44 9 30 30 3 32 23 34 16 16 16 51
9 9 51 32 51 47 66 18 6 32 93 80 18 93 57 47
57 57 57 9 80 40 51 88 76 40 19 66 66 93 80 88
66 20 80 40 35 47 47 17 53 40 88 70 71 20 20 20
8 52 52 55 55 53 53 55 55 21 35 95 17 7 23 8
39 76 35 90 76 81 10 76 10 52 23 35 21 81 19 11
19 21 19 84 39 92 68 93 75 5 91 67 68 68 21 7
53 7 95 29 48 39 90 84 70 91 91 8 11 88 90 7
92 10 10 33 39 90 17 33 60 11 4 92 92 17 81 81
95 78 75 42 75 91 11 84 82 48 29 68 77 34 84 67
95 60 16 70 75 77 82 63 67 83 42 94 15 42 42 24
63 77 5 63 33 63 77 94 64 70 48 15 64 48 64 64
15 94 67 60 82 33 59 89 15 82 60 87 3 4 52 29
