7 7 7 7 6 6 6 6 3 5 3 3 5 3 7 5
1 5 5 4 7 4 1 5 4 7 7 5 1 7 4 4
5 4 1 0 5 5 4 1 7 4 7 3 7 5 5 1
4 3 2 5 1 5 1 1 3 5 4 3 1 7 0 1
0 1 0 1 5 1 0 1 5 5 1 1 0 4 1 1
0 4 4 3 1 3 6 1 0 1 5 0 5 1 0 1
6 6 1 5 1 1 3 7 3 5 6 1 0 7 1 5
5 7 1 5 3 3 7 0 5 0 7 7 5 5 0 6
3 2 0 1 2 3 1 2 6 3 7 3 0 6 2 7
5 3 0 2 2 3 6 6 0 2 1 4 6 0 6 6
3 0 2 0 2 1 4 2 4 1 1 4 4 5 2 4
7 6 5 7 2 5 4 0 2 0 4 5 5 4 3 7
0 3 7 5 1 4 2 0 1 0 4 3 5 6 3 2
7 2 1 1 2 3 2 3 4 7 4 0 4 7 3 4
4 0 3 5 7 0 4 5 0 0 7 2 7 4 4 2
0 7 2 0 7 4 5 4 6 2 5 4 0 2 4 7
31 31 31 31 40 40 40 40 75 29 75 75 29 75 69 29
15 8 29 66 69 56 71 87 56 69 69 87 33 59 56 66
87 56 15 42 57 87 66 33 59 66 59 35 59 8 8 15
7 35 24 8 53 95 15 33 35 67 7 35 33 51 42 53
22 23 11 91 67 43 42 43 67 67 53 91 52 76 91 53
42 7 7 45 91 45 48 71 22 4 95 52 57 23 22 71
48 48 23 77 43 43 55 89 55 57 78 4 22 89 23 57
95 51 4 95 45 55 89 90 19 90 10 89 19 19 52 48
45 64 52 4 24 17 71 64 9 27 51 17 3 78 72 51
19 55 90 64 64 17 78 78 90 24 63 76 9 60 68 9
17 60 72 80 24 63 46 72 46 63 63 46 46 47 72 28
10 9 77 10 54 47 28 60 44 60 76 47 77 76 27 10
80 27 21 47 81 28 44 80 81 70 28 93 39 20 27 54
21 5 81 81 54 65 54 93 36 21 36 80 84 21 93 84
84 70 93 77 79 3 84 39 3 70 79 44 79 18 36 5
3 41 92 11 79 18 39 36 58 92 39 18 70 5 18 41
