3 0 2 0 2 3 5 2 2 5 2 0 0 0 0 0
0 0 0 0 3 1 0 3 1 1 1 0 0 3 6 0
0 0 1 0 0 1 5 5 2 1 1 7 0 2 5 6
1 1 5 5 1 1 1 7 7 5 7 3 7 7 7 6
2 2 3 6 3 3 2 3 6 1 3 5 7 7 1 5
2 5 0 2 2 2 1 1 1 1 7 1 4 0 1 5
6 0 0 4 6 1 1 6 6 5 6 4 5 5 4 4
0 2 2 1 3 0 2 2 2 5 6 7 3 0 6 4
3 4 4 5 5 7 7 4 3 5 1 3 5 2 2 3
1 1 3 1 7 4 7 4 4 4 5 5 5 5 7 3
3 3 3 3 7 2 2 2 3 2 6 7 4 4 7 7
4 6 4 4 7 6 6 1 0 1 1 6 6 6 0 3
6 5 5 1 5 3 0 0 0 0 6 0 3 3 0 4
4 4 6 4 4 6 4 0 6 7 7 7 7 2 2 7
2 7 2 5 7 4 6 6 6 6 4 2 4 2 2 7
6 4 4 4 4 4 6 5 5 5 6 2 7 6 4 2
65 80 34 52 16 35 57 16 16 47 16 60 60 60 70 80
52 52 52 80 65 33 80 65 33 33 33 32 32 65 48 32
32 70 71 70 70 71 67 67 34 63 71 69 60 64 47 30
71 53 47 47 53 53 53 59 59 29 21 17 21 21 21 30
44 44 17 30 35 35 44 35 30 63 17 67 59 59 23 29
5 29 42 44 5 5 63 23 63 23 51 23 56 42 15 29
58 42 42 56 48 15 15 58 58 57 48 28 57 57 56 56
3 5 24 15 17 3 24 24 24 39 48 51 27 3 58 28
27 28 28 39 39 31 31 18 55 39 43 27 8 34 34 27
43 43 45 43 51 46 51 46 46 46 19 19 19 19 31 55
55 55 45 45 31 54 54 54 45 54 20 41 18 36 41 41
36 40 18 18 41 40 40 4 22 4 4 9 9 40 3 6
9 8 8 4 8 6 11 11 11 22 9 22 6 6 22 7
7 36 20 7 36 20 7 11 20 10 10 10 10 64 64 69
64 69 82 67 69 66 68 68 68 68 66 82 66 82 82 89
88 94 66 94 94 94 88 77 77 77 88 72 89 88 84 72
