0 0 0 0 4 4 4 4 1 1 1 1 2 2 2 2
3 3 5 5 5 3 3 5 4 2 2 2 2 7 7 6
6 4 7 7 7 7 2 5 3 3 2 6 6 7 7 2
2 2 3 3 3 3 3 0 0 1 5 0 2 0 0 6
6 6 6 0 0 0 0 0 0 7 7 0 0 6 0 0
0 0 6 0 5 5 1 3 3 6 4 2 2 2 7 1
1 3 6 3 4 5 4 4 4 2 1 1 1 1 2 3
1 4 4 4 5 3 3 7 7 7 7 6 6 6 6 4
4 4 4 4 5 5 4 4 5 4 4 4 4 3 3 3
3 4 4 3 4 2 0 5 0 0 0 5 5 5 2 2
1 2 2 7 7 7 7 4 1 2 6 6 1 1 1 1
1 1 1 0 1 2 2 2 2 0 1 0 5 5 5 5
4 1 4 4 1 4 6 6 6 6 6 3 0 1 7 3
3 6 3 1 1 7 1 5 1 1 1 1 1 7 7 7
3 3 5 5 5 5 6 5 5 5 5 3 1 1 1 3
3 3 0 0 0 2 5 5 2 2 7 6 7 6 6 4
3 3 3 3 7 7 7 7 4 4 4 4 5 5 5 5
6 6 8 8 8 6 6 8 56 54 54 54 54 31 59 40
40 56 51 51 51 51 64 19 17 17 16 20 20 10 10 24
24 24 55 55 65 55 55 60 60 33 95 70 64 60 60 20
20 40 40 42 42 32 42 42 52 10 10 70 70 9 11 11
11 11 68 70 39 39 33 17 17 58 28 16 16 16 21 53
53 27 48 27 36 39 36 36 18 64 53 53 33 33 64 65
43 28 28 28 67 65 65 69 69 69 69 68 68 68 9 66
66 66 94 66 67 67 18 18 67 84 84 84 84 93 93 93
93 94 94 83 94 24 90 87 90 90 90 87 87 87 92 92
71 92 92 89 89 89 89 36 71 72 9 9 23 23 23 23
81 81 81 32 81 82 82 82 82 32 71 32 19 19 19 29
76 71 76 76 91 76 88 30 30 30 30 75 80 63 21 75
75 88 75 91 63 79 63 95 63 15 15 15 15 59 59 59
27 27 39 29 29 29 78 47 47 47 47 35 43 43 43 35
35 35 80 80 80 72 95 77 72 72 79 78 21 78 78 46
