0 0 0 0 1 0 4 4 4 4 1 1 1 0 0 0
5 5 7 7 7 2 5 2 5 3 7 6 3 6 3 6
6 3 0 0 0 0 6 6 6 6 2 2 0 0 0 6
1 7 7 3 3 3 3 0 0 0 0 2 3 7 3 6
3 3 6 7 7 1 1 1 1 1 1 4 4 6 4 2
3 3 2 3 2 0 3 0 1 0 5 5 5 1 1 6
6 0 2 2 2 2 6 6 5 1 2 1 1 1 4 3
7 4 0 1 1 1 1 2 1 3 3 3 3 3 1 3
3 7 6 7 7 7 7 4 6 6 6 6 6 6 4 4
4 4 0 0 0 6 5 5 5 5 5 1 1 1 1 5
5 5 7 4 7 7 7 7 7 5 2 1 5 1 3 3
3 3 5 5 5 5 5 1 4 4 5 7 6 5 5 1
0 4 4 1 4 5 6 6 6 6 3 3 3 7 7 7
7 7 1 4 4 4 2 2 2 5 2 5 5 7 2 2
2 7 4 6 4 7 4 4 5 5 5 0 3 4 4 4
4 4 4 4 4 2 2 2 3 3 5 7 6 3 7 0
3 3 3 3 4 11 7 7 7 7 4 4 4 11 11 11
8 8 10 10 10 5 8 5 8 6 10 9 6 9 6 9
9 6 60 60 60 60 48 48 48 48 5 5 52 52 52 20
15 21 21 27 27 27 27 32 32 32 32 34 35 31 35 30
35 35 30 21 21 33 33 15 15 15 23 28 28 20 28 16
17 17 16 17 16 22 17 22 23 22 19 19 19 23 23 20
20 22 54 54 54 16 30 30 19 63 24 53 53 53 18 83
59 18 42 53 71 71 71 54 71 55 55 55 83 83 63 83
55 31 58 51 51 51 51 28 58 58 58 88 68 68 46 46
46 46 42 42 42 68 47 47 47 39 39 43 43 43 43 47
39 39 31 36 41 41 41 41 79 67 64 91 67 63 45 45
45 45 87 87 87 87 67 63 18 18 57 69 68 77 77 91
52 36 66 91 66 67 40 40 40 40 65 65 65 59 59 69
69 69 33 94 94 94 44 44 44 29 44 29 29 59 24 24
24 79 66 78 66 31 36 36 57 57 57 90 65 76 76 76
76 56 56 56 56 34 34 34 93 93 77 79 88 93 89 90
