0 1 1 1 1 4 3 4 4 7 4 3 3 3 0 7
0 0 7 7 7 7 7 7 1 1 1 2 2 1 6 1
2 2 4 4 4 5 1 5 5 5 1 1 0 4 6 1
3 6 0 0 0 6 2 2 5 2 2 5 5 5 3 3
2 2 2 2 7 1 1 1 3 3 0 0 0 0 6 4
0 4 4 4 4 3 0 3 4 3 7 4 4 7 7 7
6 0 5 5 0 1 6 6 6 6 6 1 7 6 7 7
6 6 0 6 0 0 0 6 0 0 2 0 2 0 5 2
6 5 7 7 7 2 5 7 5 5 4 4 4 4 5 3
3 3 5 2 2 3 2 2 2 5 1 5 3 0 3 1
6 6 6 6 6 6 6 4 5 5 4 5 5 5 5 5
5 1 4 4 1 1 1 3 3 5 1 1 0 1 0 1
0 6 2 2 2 0 0 0 0 2 0 0 3 0 2 0
2 2 3 3 6 3 3 3 3 6 6 3 1 1 1 5
1 7 7 7 7 5 5 3 5 6 6 4 4 4 4 3
4 4 6 4 0 4 6 7 7 6 4 6 4 6 6 5
22 23 23 23 23 28 17 28 28 31 28 17 17 17 22 31
22 22 31 21 21 21 21 31 15 4 4 5 5 4 58 4
5 5 56 56 56 57 63 57 57 57 63 63 52 56 58 63
6 58 52 52 52 58 24 24 8 24 24 8 8 8 6 6
16 16 16 16 59 15 15 15 6 35 11 3 11 3 20 7
3 18 18 18 18 35 3 35 7 35 51 7 7 51 51 51
30 11 19 19 11 53 20 40 40 20 40 53 59 20 59 59
48 48 42 48 60 60 60 48 60 42 54 42 54 42 29 54
40 19 41 41 41 54 19 41 29 29 36 36 36 36 29 55
55 55 39 44 44 55 44 44 34 39 43 39 27 32 27 53
9 30 9 9 30 9 30 46 47 47 46 39 95 95 47 47
87 43 46 46 43 43 53 27 45 87 33 33 32 33 32 33
32 68 64 64 64 80 80 80 80 64 70 70 27 70 34 70
34 34 65 45 68 75 65 65 65 68 68 45 71 71 71 67
71 69 69 69 69 67 67 45 67 78 78 94 66 66 66 75
66 76 78 94 90 76 78 10 10 88 94 88 94 88 88 87
