4 4 3 3 1 2 2 4 2 5 4 5 6 6 7 0
7 1 0 0 1 7 2 1 1 0 1 6 0 0 0 2
2 1 2 2 4 2 3 3 3 5 0 2 5 6 2 2
2 6 6 1 2 0 2 1 2 2 0 0 2 3 4 2
2 5 5 0 2 7 4 0 0 4 0 1 3 0 0 1
5 5 7 1 5 0 7 5 7 3 3 2 2 7 5 2
5 6 5 3 6 1 6 1 0 0 0 6 5 5 7 4
5 1 7 3 1 7 3 3 1 4 4 5 1 7 2 1
1 1 1 6 6 6 4 0 4 7 4 4 5 6 2 7
3 7 5 4 3 0 3 4 7 5 4 1 5 1 0 4
3 6 3 6 3 4 7 7 3 3 3 4 2 4 7 6
5 6 6 3 1 1 3 4 0 4 3 4 2 0 1 3
6 0 6 6 7 4 3 0 2 2 4 2 1 6 5 2
1 6 7 7 5 6 1 7 2 4 7 7 6 0 6 4
0 0 4 5 6 4 7 4 4 0 5 5 2 5 5 4
0 1 0 5 7 3 1 5 3 1 5 1 4 2 7 3
7 7 6 6 4 5 5 7 5 8 7 8 9 9 10 11
10 4 11 42 4 10 44 4 15 70 15 40 11 70 70 54
44 15 24 54 56 5 6 6 17 8 70 24 8 9 24 16
24 30 9 15 16 52 34 43 16 34 3 3 44 35 28 34
44 29 29 3 16 31 28 32 32 28 3 43 35 32 32 23
39 19 41 23 39 42 41 19 41 27 27 54 54 41 39 64
19 40 19 27 40 23 40 23 42 42 52 58 29 57 59 56
29 71 10 75 63 59 93 17 63 56 46 39 63 51 34 71
71 43 71 30 30 30 36 11 46 69 36 36 57 88 72 69
17 69 57 46 17 90 27 36 69 57 46 81 47 43 60 28
35 68 65 88 35 56 59 59 65 65 65 18 72 76 89 88
87 68 78 75 81 63 93 84 60 66 93 94 82 80 81 93
78 60 78 78 51 94 75 60 64 64 94 64 81 88 77 82
53 68 51 89 95 58 91 89 72 66 79 51 58 90 58 76
22 22 84 47 68 84 31 66 66 90 77 47 82 95 87 94
90 91 52 87 79 83 53 77 83 33 87 33 84 92 89 83
