1 0 4 3 5 1 1 6 2 4 7 3 0 4 6 6
2 1 6 3 0 2 5 3 2 2 0 3 4 7 1 4
1 1 3 7 0 0 5 4 4 5 3 2 2 0 5 0
1 5 1 2 6 2 2 4 3 6 7 0 1 2 4 1
3 2 6 4 3 0 6 4 0 6 7 1 0 1 6 6
7 2 4 1 0 1 7 0 7 2 3 2 2 6 1 2
1 1 6 5 0 2 7 7 7 1 0 6 6 3 3 6
3 2 7 4 4 4 3 4 4 2 3 2 1 7 0 0
2 0 2 2 1 1 2 6 0 0 0 0 6 6 2 3
3 3 1 5 6 0 6 6 5 7 4 3 0 3 0 5
3 3 6 5 5 0 4 4 0 4 1 4 0 4 1 3
1 7 1 1 7 4 1 5 5 5 4 6 5 0 1 4
7 0 7 4 5 3 2 5 5 6 5 3 1 1 3 0
4 3 4 5 2 6 2 2 6 4 3 2 5 5 5 1
6 6 1 5 5 3 6 2 3 0 3 3 3 1 0 4
0 5 7 3 6 3 1 0 2 7 5 7 0 5 7 4
4 11 7 17 19 15 33 30 34 28 31 45 42 7 9 9
16 15 20 35 32 24 39 35 16 44 32 45 46 41 43 18
23 15 17 10 11 3 39 28 36 8 17 5 5 32 67 32
4 19 33 34 30 34 34 36 45 40 41 11 4 72 7 4
83 72 58 66 17 3 9 18 11 20 69 23 22 15 20 20
21 16 18 23 22 23 21 60 41 72 35 5 5 68 63 64
63 71 68 67 60 54 31 31 31 63 60 30 68 55 6 30
45 44 41 46 56 36 55 36 46 54 55 54 33 69 3 3
16 70 64 64 63 71 64 78 80 80 80 80 78 88 72 83
83 83 43 77 88 90 88 88 77 21 94 75 90 75 60 19
75 75 78 19 67 22 76 84 90 84 91 84 90 76 91 93
71 89 71 91 89 84 91 87 87 87 28 68 77 70 33 28
69 22 21 18 29 27 24 29 29 48 29 35 43 43 27 52
46 27 76 77 44 58 82 44 78 76 27 24 39 57 67 81
48 48 81 47 47 65 58 82 65 52 6 65 93 53 70 94
52 8 69 65 48 93 53 52 54 51 57 51 70 57 89 7
