7 6 3 4 0 5 5 4 6 1 4 2 2 4 3 1
2 6 4 2 5 7 6 0 3 0 6 6 2 7 7 2
3 2 6 3 4 5 1 5 3 1 3 1 3 4 5 1
6 0 0 4 4 4 4 6 7 7 0 6 2 4 7 0
3 0 7 4 0 2 6 2 2 0 1 7 2 5 7 0
6 7 3 3 0 0 2 3 0 7 2 0 7 3 5 4
1 5 6 6 6 2 6 2 5 3 5 6 2 1 2 2
6 2 5 1 1 4 3 1 0 4 3 0 4 0 3 1
0 0 6 5 4 4 4 4 1 5 3 5 6 6 6 0
7 6 4 5 0 5 7 0 0 7 5 1 7 1 1 4
4 0 7 1 7 7 5 7 5 5 4 5 5 7 3 6
3 6 7 1 7 1 1 0 1 0 5 1 4 6 1 4
6 0 6 5 7 3 7 6 1 2 1 6 1 1 1 5
3 0 0 7 1 7 1 7 5 0 7 5 1 1 4 1
7 5 4 5 4 4 5 4 7 7 5 3 0 3 6 4
4 7 2 2 2 3 2 5 2 3 2 2 2 5 4 1
51 20 27 56 60 39 95 7 30 53 46 82 24 7 83 15
16 30 28 5 47 10 20 22 17 42 40 40 5 31 59 54
83 16 58 83 56 29 33 87 17 33 17 33 17 28 39 4
30 90 11 18 18 28 18 48 51 51 11 78 44 7 21 60
83 60 51 46 11 44 48 16 16 42 15 59 54 29 59 3
48 59 55 55 60 42 54 55 42 69 72 70 69 55 39 18
63 29 20 48 58 54 30 34 57 35 57 58 64 43 5 24
20 5 39 71 53 46 27 43 22 56 65 90 46 52 65 23
52 52 58 95 94 84 84 84 63 19 6 95 88 88 68 70
31 68 36 95 70 47 10 22 52 21 47 15 31 43 15 28
36 22 41 23 41 21 57 41 19 29 36 19 57 21 35 88
35 68 41 23 31 23 63 32 63 70 19 4 36 40 33 7
78 11 78 67 89 27 89 88 91 64 4 78 53 4 43 87
35 32 32 89 53 69 91 89 87 32 69 87 91 91 66 81
79 67 66 67 66 94 8 66 79 79 77 65 3 45 40 94
84 79 92 92 44 93 64 77 92 45 64 44 92 8 94 81
