7 6 3 4 0 5 5 4 6 1 4 2 2 4 3 1
2 6 4 2 5 7 6 0 3 0 6 6 2 7 7 2
3 2 6 3 4 5 1 5 3 1 3 1 3 4 5 3
4 1 0 4 4 4 1 6 7 1 6 6 2 4 7 0
0 0 7 0 0 2 6 6 7 0 1 5 6 6 4 4
6 0 6 6 3 6 2 1 0 0 0 2 2 0 3 0
2 6 2 6 0 2 0 0 4 6 5 6 4 5 7 0
6 2 3 7 6 6 1 6 0 5 6 2 1 7 6 6
2 1 5 2 6 1 3 0 6 3 6 0 2 6 0 3
4 4 5 4 2 0 3 7 6 7 6 0 3 1 0 4
6 0 6 6 0 6 6 6 7 2 5 6 1 7 7 6
7 1 6 0 7 1 4 6 1 6 5 4 1 1 1 0
1 0 6 6 1 3 0 4 1 6 0 3 1 1 3 7
3 2 7 7 6 3 1 7 0 6 7 5 4 5 1 1
2 6 3 5 5 1 5 0 5 1 7 5 1 1 5 1
5 1 0 1 5 5 5 0 5 1 5 1 4 1 7 0
51 20 27 56 60 39 95 7 30 53 46 82 24 7 83 15
16 30 28 5 47 10 20 22 17 42 40 40 5 31 59 54
83 16 58 83 56 29 33 87 17 33 17 33 17 28 39 17
28 4 11 18 18 28 4 48 51 4 20 78 44 7 51 70
60 60 51 11 11 16 88 88 31 42 15 47 30 30 7 7
48 42 30 30 83 48 54 43 42 90 90 54 16 42 83 3
16 48 44 48 42 54 60 42 46 48 47 48 46 77 59 3
48 5 83 69 48 48 15 20 22 95 20 54 15 51 20 48
16 43 57 5 30 71 83 60 68 83 30 11 44 88 42 83
84 84 47 46 64 90 27 59 48 21 48 90 83 43 60 28
48 52 48 88 52 20 20 30 59 54 29 30 15 21 51 30
59 33 40 42 41 15 36 20 63 20 29 28 23 23 71 52
15 22 78 48 23 27 22 84 81 48 22 27 23 23 27 89
35 34 51 89 30 35 23 89 11 40 69 57 7 57 15 81
5 48 17 47 47 15 87 60 87 15 69 47 15 63 19 15
19 91 52 15 57 57 57 52 29 33 87 33 36 15 89 22
