1 1 1 1 0 0 1 0 1 1 0 1 0 1 1 0
1 1 0 0 1 0 1 1 0 1 1 1 1 0 1 1
1 1 0 0 0 0 0 0 1 1 1 0 0 0 0 0
0 1 0 1 0 0 1 1 0 1 1 1 0 1 0 0
0 1 0 0 0 1 0 0 0 0 1 1 1 1 1 1
1 0 0 0 0 1 0 1 0 1 1 1 1 0 1 0
1 1 1 1 0 1 0 1 0 0 0 0 0 0 0 0
1 0 0 0 1 1 0 0 1 1 0 0 1 0 0 0
1 0 0 0 1 1 0 1 1 0 0 0 1 1 1 1
0 1 1 1 1 1 0 0 0 0 1 1 0 1 1 1
0 1 1 0 1 1 1 0 0 0 0 1 1 0 0 0
1 0 0 1 0 0 0 0 0 1 0 0 1 0 1 0
0 1 1 1 0 0 0 1 1 0 0 1 0 0 0 1
1 0 1 1 1 0 1 1 1 0 0 0 1 1 1 1
0 1 0 0 1 1 1 0 1 0 0 0 1 1 0 0
0 1 0 0 0 0 0 1 1 1 1 1 0 0 0 1
22 35 35 20 3 44 28 11 59 57 38 24 36 24 47 25
12 6 7 56 20 29 14 57 60 10 51 6 45 62 63 55
55 35 17 19 31 23 27 44 55 8 47 17 5 31 29 23
19 26 3 10 58 52 10 10 52 10 49 10 44 10 21 36
36 22 3 13 17 61 31 31 31 58 41 41 41 41 41 41
41 42 13 3 13 63 54 55 46 49 16 55 61 42 55 3
63 63 55 61 52 61 11 61 50 3 50 52 46 50 50 50
45 46 52 52 53 63 50 48 53 63 46 44 63 48 3 48
16 31 31 27 16 16 31 53 35 23 31 11 35 49 49 47
31 49 24 49 16 47 27 36 17 36 16 41 36 41 41 41
36 20 12 56 18 14 18 36 17 36 36 18 18 36 36 17
16 36 36 20 17 17 36 17 36 61 36 36 61 56 14 50
56 20 26 26 56 27 11 61 6 11 21 12 11 11 56 12
45 9 12 12 43 27 12 12 12 27 9 40 43 10 10 26
42 63 7 52 61 10 26 52 61 52 27 27 26 63 40 40
52 45 7 15 15 15 15 12 12 12 12 12 40 40 40 12
