1 1 1 1 0 0 1 0 1 1 0 1 0 1 1 0
1 1 0 0 1 0 1 1 0 1 1 1 1 0 1 0
0 0 0 1 0 0 1 1 0 0 1 1 0 0 0 1
1 0 1 0 0 0 0 1 0 1 1 1 1 0 0 1
0 0 0 0 1 0 0 0 0 0 0 1 0 0 0 0
0 0 0 0 0 0 0 0 1 0 0 0 1 1 0 0
1 1 1 1 1 0 1 0 1 0 0 1 0 0 0 1
1 0 1 0 1 1 1 0 0 1 1 0 0 1 1 1
1 1 1 1 0 0 0 0 0 1 1 0 1 0 0 1
1 1 1 1 0 0 1 1 0 0 0 1 1 1 0 1
1 1 1 1 0 1 0 1 1 0 1 1 0 1 0 1
0 0 1 0 1 1 1 1 1 0 0 1 0 0 1 1
0 0 0 0 0 0 0 0 1 0 1 0 0 0 0 0
1 1 1 0 0 1 0 0 0 0 1 0 0 0 1 0
0 0 0 1 1 0 0 1 0 1 0 1 0 0 0 1
1 1 0 0 0 0 0 0 0 0 1 1 0 1 0 0
22 35 35 20 3 44 28 11 59 57 38 24 36 24 47 25
12 6 7 56 20 29 14 57 60 10 51 6 45 62 63 54
3 31 27 55 56 44 47 6 36 7 55 35 23 27 44 8
12 48 55 5 48 48 17 8 31 47 8 47 35 31 29 47
3 29 29 46 10 31 58 58 58 58 17 41 13 13 60 3
60 3 60 3 13 3 60 60 53 3 3 54 24 53 3 3
16 24 53 26 10 54 10 3 8 3 11 35 3 3 3 35
16 56 8 52 10 10 49 36 36 10 18 58 7 51 49 35
26 43 49 18 5 5 5 42 5 51 4 11 4 7 42 35
35 35 35 35 42 11 53 35 21 7 42 53 53 43 60 57
57 57 53 53 40 53 40 53 16 54 53 4 7 16 40 53
40 40 53 42 53 16 63 53 63 40 40 53 54 40 63 53
40 40 40 29 40 40 40 29 53 40 63 29 40 29 40 52
53 63 63 50 50 35 40 50 40 40 59 40 7 40 20 5
5 5 5 47 47 15 31 59 15 59 29 30 25 21 50 41
49 16 29 15 21 52 29 52 29 21 37 43 29 8 29 50
