1 1 1 1 0 0 1 0 1 1 0 1 0 1 1 0
1 1 0 0 1 0 1 1 0 1 1 1 1 0 0 0
0 0 0 1 1 0 0 0 0 0 0 0 0 0 1 1
1 0 1 0 1 1 1 0 1 1 1 1 0 0 0 1
1 1 1 1 1 0 0 0 1 1 1 1 0 1 1 1
1 1 1 1 1 1 0 1 0 1 1 1 1 1 1 1
1 0 0 0 1 1 1 0 0 0 0 0 0 1 1 0
0 1 1 0 0 0 0 0 0 0 0 0 0 0 1 0
1 1 1 1 0 1 1 0 0 0 1 0 1 0 0 0
1 1 0 0 0 0 0 0 0 0 0 0 0 0 0 1
0 1 1 0 0 0 1 1 0 0 1 1 1 0 1 1
0 1 1 0 0 1 1 1 0 0 1 0 1 1 1 0
1 1 1 0 1 0 1 1 0 0 1 1 0 0 1 1
1 1 1 1 1 1 1 1 1 1 1 1 1 1 1 1
0 1 0 1 1 1 1 0 1 0 1 1 1 1 0 1
0 1 0 0 1 1 1 0 1 0 1 0 1 1 1 1
22 35 35 20 3 44 28 11 59 57 38 24 36 24 47 25
12 6 7 56 20 29 14 57 60 10 51 6 45 62 62 54
3 3 9 63 55 27 31 29 36 44 29 3 23 13 14 35
12 27 57 19 12 53 53 3 10 24 43 26 23 13 21 55
6 55 4 4 4 31 15 54 55 55 55 6 54 6 6 8
4 59 8 6 6 6 54 8 15 6 6 55 55 55 55 6
6 5 15 5 47 4 10 23 44 36 54 29 46 10 6 3
23 63 8 17 31 31 3 36 3 31 31 54 15 11 61 11
61 6 61 18 42 30 63 62 58 3 6 11 61 3 42 3
61 61 58 3 17 58 27 36 17 58 42 58 17 15 60 6
15 6 51 15 58 58 49 30 17 54 51 51 51 50 51 30
58 39 51 42 50 51 12 51 50 50 51 50 47 12 39 50
51 47 51 50 51 50 39 47 50 48 18 51 42 42 39 18
53 18 51 18 30 53 12 53 53 8 30 41 8 41 8 8
42 8 23 47 47 41 8 60 41 15 16 30 39 63 50 24
21 55 58 15 57 57 57 52 26 44 26 44 26 26 26 26
