1 1 1 1 1 0 0 1 1 0 0 1 0 1 1 1
0 0 1 1 1 1 1 1 1 1 1 0 1 0 0 0
0 0 0 0 0 0 0 1 0 1 1 1 0 0 0 0
1 1 1 0 1 1 1 1 1 0 0 0 1 0 0 0
0 0 1 1 1 0 0 1 1 1 0 1 0 1 1 1
0 1 1 0 1 1 0 0 0 1 0 1 1 1 0 1
0 1 0 0 0 0 0 0 0 0 1 0 0 0 1 1
0 0 1 0 1 1 1 1 1 0 1 1 0 0 0 1
0 0 0 0 0 0 1 0 1 1 0 0 0 1 1 0
0 1 1 0 0 1 1 0 1 0 1 1 1 0 0 0
0 0 1 0 1 0 1 1 0 1 1 1 0 0 1 0
1 1 0 0 0 1 1 0 0 0 1 1 0 0 1 1
1 1 1 1 0 0 0 1 1 1 0 1 1 0 1 1
0 1 1 1 1 0 1 0 1 0 0 0 0 0 0 1
1 0 0 0 1 0 1 1 0 1 1 0 1 1 0 0
1 1 0 0 1 1 1 1 0 1 0 1 0 0 1 0
20 120 120 120 99 105 100 43 43 60 60 43 60 73 83 52
67 51 59 66 68 97 97 97 113 113 68 72 113 40 114 114
114 107 107 107 19 116 116 68 67 75 75 75 67 98 98 98
64 64 59 24 64 36 52 52 59 24 74 24 11 74 44 74
132 44 66 73 88 76 112 73 11 11 112 88 58 32 36 36
112 32 104 17 66 104 76 76 17 34 17 88 104 48 132 32
58 34 132 44 128 116 65 28 105 100 83 33 33 65 90 34
84 58 16 28 4 83 20 90 20 35 115 16 42 105 40 90
12 33 84 100 40 128 18 128 18 16 42 146 35 136 106 42
137 48 48 139 65 92 124 139 124 10 92 124 115 28 35 12
84 12 92 49 25 139 136 41 146 25 57 106 19 146 106 19
25 18 56 56 56 115 27 137 89 96 4 136 96 96 4 57
57 41 41 99 137 72 121 145 9 9 49 9 129 26 129 50
51 50 27 129 27 130 108 121 50 72 89 130 26 10 130 108
108 89 91 26 145 91 140 147 51 145 147 121 140 147 144 8
140 122 91 144 122 138 99 138 144 122 10 131 123 3 131 49
