1 1 1 0 0 0 0 0 0 0 0 0 0 0 1 0
1 1 0 0 1 0 0 0 0 0 0 0 0 0 1 0
1 0 0 1 1 1 1 1 1 0 1 0 1 1 1 1
1 1 1 1 0 1 1 0 1 1 0 1 0 1 0 1
1 1 0 0 1 0 1 1 1 1 1 0 0 1 1 0
0 0 0 0 1 0 1 1 1 1 0 0 1 0 1 1
1 1 0 0 1 0 1 1 1 1 1 1 1 1 0 0
1 1 1 0 1 0 1 1 0 1 0 1 0 0 0 1
1 0 1 0 0 0 1 1 1 1 0 1 0 1 0 0
0 0 0 1 0 0 0 0 0 1 1 0 0 0 0 0
0 0 1 0 1 1 1 1 0 0 0 1 0 0 1 1
0 1 1 1 0 1 1 0 1 0 1 0 1 1 1 1
1 0 0 1 0 1 0 0 1 0 1 1 0 0 1 1
0 0 1 1 0 1 1 1 1 0 0 0 1 0 1 1
0 0 0 0 1 1 0 0 1 1 1 0 0 1 1 1
0 0 0 0 0 0 0 1 0 0 1 0 1 0 0 1
108 108 92 51 51 51 42 112 42 49 42 105 26 49 66 49
124 66 105 112 66 56 96 56 112 96 89 26 26 96 27 58
97 105 72 124 124 115 68 20 115 60 115 60 68 20 16 113
25 99 41 16 107 20 113 107 99 113 60 16 56 99 58 90
25 25 19 107 88 58 68 120 145 145 90 72 89 145 90 89
24 12 12 74 120 74 43 120 36 9 12 24 97 40 36 18
43 92 40 74 36 72 92 88 75 97 18 9 75 88 40 121
75 41 9 24 18 44 41 43 17 104 28 64 28 33 100 131
104 67 104 116 33 33 83 106 34 83 100 106 8 83 67 17
84 17 28 73 91 116 44 44 116 147 106 128 35 91 114 100
128 10 136 76 64 131 64 147 76 19 91 136 35 76 52 48
114 131 147 59 121 136 48 121 73 128 48 114 129 140 108 73
59 84 35 52 19 52 10 84 140 98 59 129 65 10 32 129
98 67 140 32 98 50 34 34 57 139 139 139 32 130 57 57
123 123 123 144 50 50 144 65 11 11 11 65 144 122 122 122
132 3 3 3 137 132 137 138 137 8 4 8 138 132 146 4
