1 0 1 1 0 1 0 0 0 1 0 0 1 0 0 0
0 0 0 1 1 1 0 1 0 1 1 1 1 1 1 1
1 0 1 0 0 0 1 1 1 0 1 0 0 0 0 1
1 1 1 1 0 1 1 1 0 0 0 1 0 1 1 1
0 0 1 1 0 0 0 0 1 1 0 0 0 0 0 0
0 0 0 1 1 1 1 0 1 1 1 0 0 0 0 1
1 0 1 0 0 1 1 0 1 0 0 0 0 0 0 1
0 0 0 1 0 1 1 1 0 0 0 1 1 0 0 0
0 0 0 1 0 0 1 1 0 0 0 1 1 1 1 0
0 1 0 0 1 1 1 0 0 1 0 1 0 1 1 1
0 1 1 1 1 1 1 0 0 1 1 1 0 0 1 1
1 1 1 1 1 1 1 1 1 0 1 1 0 0 0 0
0 0 0 0 0 1 1 0 1 1 1 1 0 1 1 1
0 0 1 0 1 1 1 0 0 1 1 0 0 0 1 0
1 1 1 1 1 0 0 1 0 0 1 0 1 1 0 0
1 0 0 1 0 1 0 0 0 1 1 0 1 1 0 0
106 8 136 9 60 16 58 56 40 41 96 60 97 19 60 12
12 12 40 41 20 41 91 68 96 64 20 20 50 90 90 27
90 76 16 28 24 58 50 27 27 58 97 28 24 24 40 73
64 73 73 50 74 104 104 68 76 76 28 68 74 104 83 64
96 91 83 83 89 91 74 65 92 106 65 84 98 35 35 35
100 100 100 99 25 25 106 49 43 43 43 10 10 65 72 36
36 10 36 49 49 32 25 42 9 44 44 44 72 72 89 59
67 67 67 48 42 48 48 59 51 51 26 92 52 17 26 26
51 42 89 99 8 8 97 59 33 17 17 11 11 11 16 84
19 66 19 84 66 66 9 98 98 88 33 52 33 88 88 99
105 32 32 57 18 18 57 105 105 52 18 57 56 56 75 92
75 75 4 4 4 34 34 34 115 116 115 115 116 137 107 137
107 107 116 114 114 108 108 114 108 113 113 113 137 120 120 120
146 121 131 146 129 131 131 112 112 129 129 121 112 121 147 130
147 147 138 138 138 130 132 145 132 132 145 130 145 136 128 146
136 128 139 124 128 140 139 139 3 124 124 3 140 140 123 123
