1 1 1 0 0 0 0 0 0 0 0 1 1 1 1 1
1 0 0 0 1 1 1 0 0 0 0 1 1 1 1 1
1 0 0 0 0 1 0 0 0 0 1 0 0 0 0 0
0 1 1 1 0 0 0 0 0 1 1 1 0 1 1 1
1 1 1 1 1 1 0 0 0 1 1 0 0 0 0 1
1 1 1 0 1 1 1 0 0 0 0 0 0 1 1 0
0 0 0 0 0 1 0 1 1 1 1 1 1 1 1 1
1 0 1 1 1 0 0 1 1 1 1 1 0 0 0 0
0 0 1 1 1 0 0 0 0 0 0 1 1 1 1 1
1 1 1 0 1 0 1 1 1 1 0 0 1 1 1 0
0 0 0 0 0 0 0 0 1 0 0 1 0 0 1 1
1 0 0 0 1 1 1 1 1 0 0 1 0 0 0 1
1 1 1 1 0 0 1 1 1 1 1 0 1 1 1 1
0 0 0 1 0 1 0 0 0 0 1 0 0 0 1 0
1 0 0 0 1 1 1 1 1 1 0 0 0 1 1 1
0 0 0 1 0 1 1 1 1 1 0 0 0 0 0 0
18 18 18 19 19 19 17 33 33 33 35 32 32 32 52 52
52 56 51 98 90 90 90 56 98 98 51 88 88 88 34 120
120 24 89 51 84 41 42 72 72 72 20 40 28 56 28 28
35 27 27 27 26 24 24 26 26 20 25 34 35 64 64 64
97 20 25 25 120 106 100 100 112 106 106 100 114 114 114 113
48 48 48 40 83 83 83 40 17 17 112 112 8 113 113 107
107 107 116 116 116 115 96 115 115 108 108 108 99 34 36 99
99 96 36 36 68 84 84 92 92 92 9 97 96 76 76 76
42 42 97 41 41 58 58 58 49 49 49 50 50 50 73 73
73 66 66 60 66 60 104 57 57 57 91 91 43 43 43 44
10 10 44 10 65 65 65 105 59 8 8 75 89 89 16 9
9 67 44 60 104 104 59 16 16 67 67 59 74 105 105 11
11 11 75 75 74 74 4 4 129 68 68 91 4 145 145 145
12 12 12 124 146 124 146 132 132 132 124 121 121 121 131 146
131 139 139 139 147 147 147 140 129 129 128 128 128 136 136 136
137 137 137 131 130 122 122 122 140 140 3 3 3 130 130 123
