0 0 0 1 1 1 0 0 0 0 0 1 1 1 0 1
1 1 0 0 0 1 1 1 0 0 0 1 1 0 0 0
0 1 0 1 1 1 0 0 0 0 0 1 1 1 0 0
0 0 1 0 1 1 0 0 0 0 0 1 0 0 0 1
1 1 1 1 1 1 1 1 0 0 0 0 0 1 1 0
0 0 1 1 1 1 1 1 0 0 0 1 0 1 1 0
0 0 0 0 0 0 0 0 0 0 1 0 1 1 1 1
0 0 1 1 1 1 1 0 0 0 1 1 1 0 1 1
0 1 1 1 0 1 0 1 0 0 0 1 0 1 1 1
0 0 0 1 1 1 0 1 1 1 1 0 0 1 1 1
1 1 1 0 0 1 1 0 1 1 1 1 1 0 0 0
1 1 1 0 0 0 1 1 1 0 0 0 0 0 0 1
0 0 0 0 1 1 1 1 1 0 1 1 1 1 1 0
0 1 1 1 1 1 1 1 1 0 1 0 0 1 0 0
0 0 1 0 0 0 1 1 1 0 0 1 1 1 1 1
1 0 0 0 0 0 0 1 1 1 0 0 0 0 0 0
8 8 8 9 9 9 12 12 12 19 19 16 16 16 19 18
18 18 17 17 17 11 11 11 10 10 10 120 120 114 26 26
26 36 91 75 75 75 72 112 112 72 72 64 64 64 74 74
74 58 88 58 88 88 33 49 49 56 58 52 51 51 51 52
52 68 68 68 25 73 73 73 44 65 65 24 65 50 50 33
44 44 99 66 66 66 36 36 100 100 100 20 35 50 59 35
33 35 89 89 89 91 91 40 84 84 32 114 113 113 113 145
84 112 145 131 131 131 145 139 139 139 147 147 147 114 92 92
98 106 106 106 98 99 98 99 60 60 60 32 40 4 4 4
40 107 49 20 20 25 56 97 97 97 25 76 76 57 57 57
41 59 41 76 116 92 108 132 108 108 90 90 90 67 67 67
115 115 32 42 42 42 120 48 48 105 105 146 146 146 130 59
96 96 116 116 115 83 83 83 41 107 43 43 43 104 104 107
56 129 129 129 34 34 34 27 27 96 27 24 24 48 28 28
28 105 104 121 130 130 138 138 138 121 121 136 136 136 140 140
140 128 128 128 144 144 144 122 122 122 3 3 3 123 123 123
