0 0 0 0 0 0 0 1 1 0 1 1 1 0 1 1
0 0 0 0 0 0 0 0 0 0 0 1 0 1 1 1
1 1 1 1 1 1 1 0 0 0 0 0 0 0 0 0
0 0 0 0 0 0 0 0 0 0 0 0 1 0 1 0
0 0 0 0 0 0 0 1 1 1 1 1 1 1 1 1
1 1 1 1 1 1 1 1 1 1 1 1 1 1 1 0
0 0 1 0 1 1 0 1 0 0 0 0 0 1 0 0
0 1 1 1 0 0 0 0 0 1 1 1 1 1 1 1
0 1 1 1 1 1 0 0 1 0 0 0 0 1 1 1
1 1 0 1 1 1 1 1 1 1 0 1 1 1 1 1
1 1 1 1 0 1 1 1 0 0 0 0 0 0 0 0
1 0 0 1 0 0 0 1 0 0 0 0 1 1 1 1
1 1 0 1 0 1 0 0 0 0 1 0 0 1 0 0
1 1 1 1 0 1 1 0 0 1 1 1 1 1 0 1
1 1 1 1 0 0 1 1 0 1 0 0 0 0 0 0
0 0 0 0 1 1 1 1 1 1 1 1 1 1 1 0
40 40 42 42 40 42 19 9 43 19 9 41 9 19 41 41
51 51 51 89 89 28 10 24 24 28 89 43 28 20 36 36
48 32 11 11 43 11 36 8 60 96 12 10 96 96 10 24
60 60 35 35 35 84 84 84 26 26 8 8 32 12 32 26
12 98 17 98 17 98 17 66 48 88 88 88 25 20 20 25
34 34 66 48 66 34 16 16 16 25 106 106 106 83 83 58
58 58 83 44 97 97 33 97 91 91 91 105 33 18 44 44
67 99 27 18 33 67 67 105 105 27 99 27 59 59 59 18
49 50 50 92 104 50 49 49 99 146 100 100 100 64 64 64
104 104 146 68 68 4 4 4 145 68 146 145 75 145 75 90
147 90 147 147 65 52 90 75 139 139 139 132 132 107 107 132
120 116 116 73 116 107 76 73 76 65 76 65 52 73 52 120
120 108 72 92 56 92 56 56 130 72 115 72 74 115 74 74
57 57 115 108 114 113 108 114 114 113 113 57 136 124 112 124
124 138 138 138 130 130 131 131 121 131 128 137 112 112 128 121
137 128 121 137 136 136 129 129 129 140 140 140 122 122 122 123
