1 0 1 1 1 0 0 1 0 1 1 0 1 1 1 0
0 0 1 1 1 1 1 0 0 1 0 1 0 1 1 1
1 0 1 0 0 0 1 0 1 0 0 1 1 1 1 0
0 1 1 0 1 0 1 0 1 0 1 1 0 0 1 0
0 1 1 1 0 1 1 0 0 1 0 0 0 1 1 1
0 0 1 0 1 1 0 0 1 1 1 1 0 0 0 1
1 1 0 0 0 0 0 0 0 1 1 0 1 0 0 1
0 0 0 1 1 1 0 0 0 0 1 0 0 0 1 0
1 1 1 1 1 1 0 0 1 1 1 1 1 0 1 1
1 0 1 1 0 0 0 0 0 0 0 1 1 0 0 0
0 0 0 1 1 0 1 0 1 1 0 0 1 0 1 0
1 0 0 1 1 1 1 1 1 1 1 1 1 0 1 0
1 0 1 1 1 0 0 0 0 1 0 0 0 1 0 0
1 1 1 1 0 1 1 1 0 1 0 1 0 0 0 0
1 1 1 0 0 1 1 1 1 0 1 0 0 0 0 0
1 0 0 1 1 0 0 0 0 0 1 1 0 1 1 0
9 105 11 88 36 58 51 99 72 129 129 114 129 99 106 128
128 128 92 27 52 43 136 60 96 27 35 20 74 115 27 41
48 8 97 33 96 65 115 132 124 98 58 115 136 124 4 107
132 104 124 72 25 42 41 67 108 49 68 138 130 132 138 91
130 20 88 25 96 41 138 98 89 75 72 76 24 73 92 25
114 26 20 98 50 64 89 26 64 145 120 52 89 42 40 36
92 34 49 40 42 40 105 8 114 52 97 116 83 58 8 64
130 26 105 120 48 48 112 91 56 112 50 44 33 49 108 24
32 68 97 32 36 16 12 100 18 68 50 136 57 146 57 88
104 91 59 75 24 76 44 137 28 3 56 32 59 28 100 33
146 112 146 145 145 17 83 116 18 83 74 76 75 35 90 44
99 65 84 113 18 113 106 122 106 34 140 34 11 123 120 84
113 12 43 16 147 116 3 100 84 66 28 137 123 140 65 60
122 57 131 131 35 131 59 147 60 66 139 66 12 51 137 3
108 73 90 17 144 122 140 73 90 51 147 123 107 144 144 67
4 74 56 104 43 17 107 67 139 10 11 4 139 16 9 19
