7 6 3 4 0 5 4 2 2 5 7 7 4 4 6 5
7 3 2 6 3 5 7 5 5 4 4 6 4 4 4 5
4 7 7 7 6 6 6 7 7 1 0 4 2 0 2 6
2 6 6 6 0 7 6 6 6 4 5 5 5 5 7 6
1 4 4 5 5 4 5 5 5 4 4 5 4 4 4 5
4 2 2 2 2 4 4 4 4 4 2 4 5 4 4 0
2 7 4 4 7 7 4 4 5 4 4 4 4 4 7 4
2 6 6 2 5 7 1 4 4 7 4 7 1 4 6 4
2 7 5 7 4 4 7 4 4 7 4 4 7 6 4 4
6 4 2 4 2 0 7 7 4 7 4 1 7 6 0 4
5 5 6 6 6 7 6 7 7 6 2 5 5 5 7 5
7 5 5 5 4 0 4 4 7 5 5 4 5 6 1 4
2 5 5 5 6 1 3 5 0 2 4 3 5 5 5 4
4 2 5 7 6 6 4 7 6 6 7 5 4 5 4 1
0 3 4 5 0 1 2 0 5 0 5 5 5 4 5 7
0 4 5 1 5 4 5 5 2 5 5 5 5 0 7 4
51 20 27 56 60 39 7 72 24 95 10 21 28 7 78 47
21 17 34 9 55 95 89 95 67 84 84 40 84 84 84 95
84 89 89 89 88 88 40 59 89 15 90 46 92 90 92 40
92 58 40 40 90 89 40 48 40 84 95 95 77 77 21 58
71 84 84 95 77 84 77 77 77 84 84 77 84 84 84 77
46 16 16 16 16 84 84 28 46 28 16 28 95 84 46 3
16 89 84 84 89 59 84 28 57 28 28 84 46 84 59 84
16 40 40 16 77 59 33 36 46 59 46 59 15 84 40 84
16 89 57 89 94 84 89 84 84 59 84 84 89 88 84 28
40 84 16 46 16 90 59 59 84 89 46 81 59 40 60 28
57 57 40 88 40 69 40 59 59 40 92 77 77 77 89 77
59 77 77 67 28 3 36 84 59 57 57 46 77 40 71 46
92 77 57 67 40 15 55 77 60 64 46 55 57 77 77 28
46 34 57 89 40 58 84 89 40 40 69 57 84 57 84 81
90 55 84 57 90 15 92 90 77 90 77 77 77 18 77 59
90 46 77 15 57 46 77 77 92 77 77 77 77 90 89 46
