7 6 3 4 0 5 4 2 2 5 7 7 4 4 6 5
0 2 7 3 7 2 6 0 1 3 3 2 3 3 2 7
4 4 5 6 0 4 1 4 5 6 4 2 5 3 6 5
0 7 0 6 1 6 4 0 5 0 2 2 0 3 3 1
1 7 6 0 1 7 5 2 0 0 0 3 5 4 4 0
6 4 6 0 0 0 0 6 2 0 6 6 6 2 6 6
6 4 6 6 6 4 1 3 2 1 2 6 7 4 2 0
2 3 1 3 6 5 3 5 6 5 3 5 5 2 6 3
2 2 5 2 2 6 3 2 2 0 3 6 2 6 4 0
6 6 2 7 2 6 6 6 6 4 6 6 7 1 0 2
2 2 2 6 5 5 5 6 0 5 7 7 7 5 1 0
7 2 1 0 7 7 5 5 5 0 7 7 0 0 1 0
0 0 0 2 6 2 2 0 0 2 1 2 0 0 0 0
0 1 0 1 1 0 0 0 0 1 7 0 1 1 0 1
1 6 3 0 6 6 6 2 1 4 4 5 4 3 4 4
4 1 7 1 6 6 6 6 4 4 4 4 4 1 7 1
51 20 27 56 60 39 7 72 24 95 10 21 28 7 78 47
32 16 51 55 41 24 48 11 4 83 45 82 83 83 16 21
28 36 95 20 22 28 4 28 39 58 28 44 19 45 58 19
42 59 11 20 4 58 7 70 39 60 54 54 60 83 83 91
43 79 48 80 91 31 8 92 90 90 90 93 8 84 7 90
48 7 40 90 52 90 90 40 64 90 78 48 78 64 78 48
78 36 78 48 78 56 63 55 54 63 54 30 59 36 54 3
92 35 33 17 30 57 55 57 30 57 55 57 19 54 40 55
16 5 57 5 24 30 6 16 44 3 6 40 44 88 84 70
30 30 24 31 16 30 30 30 30 7 30 30 31 43 60 16
16 16 16 88 29 47 29 30 42 29 51 51 51 47 71 42
59 64 71 42 10 51 29 57 57 60 51 51 42 42 71 42
42 42 42 5 40 5 64 70 60 64 43 64 42 70 70 60
70 43 70 43 43 70 60 60 70 43 69 70 43 43 70 81
71 48 83 42 40 40 40 5 23 94 94 47 94 83 56 94
56 43 69 43 20 20 20 20 56 56 56 56 56 15 89 71
