7 6 3 4 0 5 4 2 2 5 7 7 4 4 6 5
0 2 7 3 7 7 6 3 2 4 0 1 1 1 2 2
2 3 3 0 5 3 3 5 3 4 4 6 1 3 0 6
0 1 0 3 3 3 1 6 3 3 2 1 1 4 7 1
1 1 7 7 1 7 7 2 2 0 2 1 3 4 4 6
2 5 3 1 3 1 1 0 1 5 3 2 6 3 5 2
0 0 0 0 0 0 7 2 3 0 0 4 4 2 4 2
2 4 2 4 6 7 3 3 3 6 6 5 6 4 6 6
0 4 5 6 4 2 2 2 0 2 5 4 5 6 5 1
1 6 4 4 4 2 4 4 7 7 0 4 3 1 0 1
4 6 7 1 7 7 6 6 4 4 6 6 4 4 6 4
6 4 4 4 6 4 4 6 1 2 4 2 4 4 1 4
1 0 0 4 1 2 0 4 4 1 2 3 0 0 4 0
0 1 2 1 6 2 2 5 2 5 5 2 6 2 5 2
2 5 3 5 5 1 5 1 5 1 2 5 1 5 5 6
5 6 4 1 6 5 4 4 4 5 4 2 4 6 7 6
51 20 27 56 60 39 7 72 24 95 10 21 28 7 78 47
32 16 51 55 41 41 48 83 44 46 32 33 33 71 64 72
92 83 35 3 57 83 83 29 17 36 94 30 23 45 52 40
42 63 80 75 75 75 4 48 75 55 34 71 4 18 21 23
23 53 89 89 4 89 89 5 5 42 5 4 35 84 84 88
44 19 35 23 75 53 23 60 53 39 27 54 58 55 39 64
60 60 60 70 70 70 10 5 55 32 70 76 46 5 56 16
16 56 44 56 20 59 93 93 93 40 40 57 40 18 40 48
80 18 57 40 94 16 16 16 22 34 29 28 29 88 29 53
53 48 7 46 28 34 28 18 21 21 32 18 83 43 60 33
36 30 51 33 51 51 48 48 7 7 48 48 7 7 48 7
48 7 56 7 48 7 7 48 63 5 7 64 7 7 71 7
15 60 60 7 15 5 52 7 7 15 5 55 52 52 56 52
70 71 5 15 88 16 16 19 16 19 19 5 88 16 19 5
5 19 17 47 47 15 19 23 19 23 16 47 23 95 19 68
19 68 36 15 48 47 36 36 36 95 36 44 36 48 89 40
