7 6 3 4 0 5 4 2 2 5 7 7 4 3 5 3
5 5 2 1 6 6 1 0 2 5 5 3 3 6 4 7
2 4 2 3 3 2 6 3 0 5 1 3 2 1 3 2
3 3 3 3 3 3 3 6 7 3 0 6 3 0 1 2
0 6 6 3 3 1 3 3 6 0 0 1 3 2 3 0
3 3 3 5 3 6 6 1 3 3 3 3 1 2 3 3
1 5 3 6 6 3 1 1 2 3 6 3 6 6 2 3
5 3 3 3 3 1 2 4 3 4 6 3 5 3 6 6
4 3 1 4 5 5 5 3 4 2 4 4 6 6 4 4
7 4 6 6 4 0 3 6 4 7 4 4 7 6 6 5
4 7 4 6 7 7 5 6 7 2 7 7 1 7 7 6
7 5 4 5 4 0 4 4 5 6 7 6 0 1 4 7
3 7 7 7 7 3 3 6 4 0 7 4 4 6 4 0
4 2 3 7 4 3 1 7 0 4 3 5 4 6 4 7
3 7 4 6 4 4 4 4 2 4 2 2 2 2 2 2
2 2 2 1 2 5 0 1 1 2 1 2 0 1 1 5
51 20 27 56 60 39 7 72 24 95 10 21 28 55 47 83
29 19 72 23 58 9 4 22 54 29 29 6 17 20 7 21
24 7 24 45 6 54 40 6 32 8 4 45 92 4 83 82
83 83 83 83 83 83 83 48 59 55 42 78 35 80 63 5
32 40 48 83 83 63 83 83 48 42 3 63 35 5 83 32
35 83 83 39 83 58 20 43 35 83 83 83 53 5 83 83
43 29 83 48 40 83 53 23 64 83 58 83 40 48 5 83
29 75 83 75 83 63 5 36 75 56 20 75 19 83 78 48
76 83 43 18 29 29 19 75 76 34 76 84 88 88 84 76
31 84 88 88 76 90 27 88 84 89 84 84 31 88 88 19
84 89 76 88 89 89 29 88 89 54 89 89 15 89 89 88
59 39 84 29 84 3 36 84 8 88 89 88 11 23 18 89
75 59 89 89 89 27 75 88 84 11 59 84 84 88 56 11
7 34 65 89 18 35 23 89 11 18 75 29 7 88 84 89
65 89 84 88 28 28 28 28 44 28 34 34 34 34 44 44
34 54 54 15 44 47 80 4 4 34 4 44 70 4 4 47
