7 6 3 4 0 5 4 2 2 5 7 7 4 4 6 5
0 2 7 3 7 2 6 0 3 3 0 1 0 2 1 3
5 4 5 5 0 1 5 1 2 3 1 1 5 0 3 1
0 3 1 2 3 1 1 6 6 2 3 1 6 3 7 7
3 7 3 7 1 3 7 5 3 3 7 3 3 7 7 0
1 5 7 1 1 0 0 1 3 2 6 2 2 2 1 6
1 0 7 2 0 2 2 2 2 0 5 5 1 1 2 4
1 3 1 3 1 1 1 1 2 2 1 4 5 7 1 6
4 1 1 4 1 1 0 1 2 1 3 4 0 6 7 0
7 1 2 0 2 0 0 0 6 0 6 0 1 1 0 0
1 6 2 6 6 2 6 2 2 5 4 4 5 2 4 6
0 1 5 5 0 7 5 0 0 0 2 0 4 4 1 0
1 0 7 4 6 6 6 4 4 6 6 4 2 4 4 2
4 2 2 0 4 2 2 3 2 0 3 2 4 3 6 2
2 2 3 2 1 6 0 2 3 6 5 5 4 3 1 6
4 6 4 2 2 3 1 3 5 1 4 1 2 2 3 3
51 20 27 56 60 39 7 72 24 95 10 21 28 7 78 47
32 16 51 55 41 24 48 11 83 83 32 33 70 92 71 83
29 7 95 57 52 71 8 4 64 83 33 33 57 80 83 33
80 83 33 34 35 23 4 48 30 24 75 23 58 75 21 89
6 89 6 89 4 6 89 19 45 6 89 6 6 89 59 32
4 19 59 23 4 52 52 53 35 5 40 5 5 5 53 40
4 70 10 5 70 34 34 34 34 32 57 19 23 23 5 18
23 35 53 75 53 53 23 23 5 5 53 36 19 51 23 48
18 23 71 18 71 23 70 23 5 23 6 84 70 88 31 70
31 53 16 70 16 70 70 70 40 70 40 60 53 43 60 70
33 40 16 88 40 44 40 44 16 29 28 28 67 16 28 30
52 33 29 67 52 51 29 60 60 60 64 60 7 66 71 52
15 52 51 66 40 48 48 7 7 48 48 7 5 7 56 5
7 5 5 80 7 5 5 83 72 32 83 5 7 83 48 5
5 5 83 5 33 48 42 5 55 48 77 47 56 83 71 68
56 68 7 44 44 83 33 17 29 33 56 33 16 16 55 83
