7 6 3 4 0 5 4 2 2 5 7 7 4 4 6 3
7 5 7 2 6 7 4 1 4 2 0 2 3 7 4 0
5 5 5 0 2 1 0 5 2 2 0 2 2 6 3 1
0 3 7 0 3 4 0 6 3 2 7 5 1 4 7 1
4 7 7 0 0 1 5 5 3 2 5 1 2 3 6 0
7 3 6 3 7 7 0 0 6 0 2 4 2 3 6 0
3 6 3 7 3 7 3 1 3 5 2 3 2 4 7 2
2 3 2 0 3 5 3 2 7 3 3 2 5 7 3 3
2 2 5 2 3 3 0 2 4 2 3 4 3 2 0 0
3 4 6 4 2 0 4 5 0 2 0 6 5 2 0 1
0 1 2 6 2 2 2 2 6 2 1 6 1 2 0 2
2 2 2 0 2 2 7 0 0 0 4 2 7 4 1 4
0 4 5 5 7 4 0 0 4 0 5 6 2 1 5 5
5 6 5 5 6 3 5 5 5 4 6 5 5 4 5 4
2 2 5 1 5 2 2 4 4 4 4 5 2 4 1 1
4 1 4 1 1 2 4 2 4 2 2 2 2 2 7 5
51 20 27 56 60 39 7 72 24 95 10 21 28 7 78 55
21 47 51 16 48 10 28 71 46 72 32 82 55 41 36 11
29 57 95 11 72 33 22 57 92 44 52 64 34 40 83 33
42 83 51 52 35 7 52 48 65 24 51 39 63 7 21 4
36 51 51 11 11 63 77 39 45 44 77 71 64 35 30 32
59 45 40 45 59 31 52 52 30 90 54 36 5 6 40 3
6 40 45 59 55 59 45 23 55 95 44 45 16 36 59 54
54 45 44 52 6 19 6 54 51 55 55 54 19 51 65 55
16 5 57 5 55 55 70 16 46 34 55 46 55 16 42 70
55 28 58 46 16 11 28 47 60 16 42 58 47 44 60 53
60 53 16 88 34 34 34 34 20 54 15 20 15 16 60 16
16 16 16 60 16 16 41 60 60 60 7 16 41 7 71 7
3 7 47 67 51 56 11 11 7 11 47 20 16 23 47 47
47 20 47 47 30 35 47 47 47 28 30 29 47 28 47 28
44 34 19 43 47 64 64 56 66 56 56 47 64 56 23 23
56 23 36 15 23 34 66 34 36 34 34 34 34 34 89 47
