7 6 3 4 0 5 4 2 2 5 7 7 4 3 5 3
5 5 2 1 6 6 1 0 2 5 5 3 3 6 4 7
2 4 2 3 3 2 6 3 4 2 2 2 4 3 5 2
0 3 1 2 3 0 6 2 7 3 5 6 0 7 3 6
0 7 6 3 3 4 6 3 3 6 2 3 6 3 3 0
3 3 3 5 3 2 3 4 3 3 1 2 2 2 3 2
3 3 6 3 3 3 6 7 6 3 3 3 6 6 2 3
2 6 3 0 3 3 4 6 3 4 6 2 3 7 6 6
3 3 2 6 6 6 3 4 1 3 4 4 0 4 5 3
3 2 4 3 7 2 3 6 3 7 6 2 3 6 0 2
5 4 3 6 6 6 0 6 7 5 3 7 7 0 7 0
7 3 6 3 4 0 1 0 1 3 3 3 3 0 1 6
6 4 1 4 6 3 4 6 1 6 4 6 4 1 1 4
0 2 4 1 1 6 0 3 0 0 0 0 1 4 5 2
2 6 3 3 0 6 5 0 0 7 5 3 0 1 0 7
3 3 2 2 6 3 3 5 3 1 3 1 2 2 7 5
51 20 27 56 60 39 7 72 24 95 10 21 28 55 47 83
29 19 72 23 58 9 4 22 54 29 29 6 17 20 7 21
24 7 24 6 45 54 40 6 36 44 64 54 66 45 39 82
80 83 33 92 83 32 48 92 79 55 8 78 32 59 83 48
32 79 48 83 83 94 48 35 83 40 5 83 40 35 83 32
83 83 83 39 83 5 35 56 35 83 63 5 5 24 83 64
35 83 20 83 35 45 40 51 40 83 83 83 40 48 5 35
5 40 83 52 83 83 56 20 83 56 40 92 83 51 40 48
83 83 5 40 30 30 83 66 63 83 66 66 52 66 29 83
83 34 66 35 51 5 83 40 83 21 40 5 83 40 60 5
29 66 65 88 40 30 52 30 59 29 65 51 59 52 51 52
59 75 78 75 28 80 63 32 63 75 75 75 75 80 63 58
58 28 43 28 58 27 28 58 43 48 28 58 28 43 43 28
70 34 28 43 43 58 60 83 60 32 80 80 43 28 77 44
44 48 83 83 80 48 8 60 80 59 77 83 3 63 80 59
83 45 92 92 48 83 83 77 83 43 83 43 92 92 89 77
