3 1 0 1 0 0 3 3 3 3 2 3 3 3 0 1
0 2 1 2 0 2 2 2 0 0 1 0 1 1 2 1
0 1 1 1 1 1 1 1 2 1 2 2 1 1 0 2
1 2 2 1 0 1 1 2 2 2 2 2 1 1 2 2
2 0 3 1 2 2 3 2 2 2 0 1 2 2 2 1
0 1 1 2 0 0 2 0 0 3 0 1 1 3 0 0
1 2 0 3 0 2 2 2 3 3 3 2 0 3 3 3
3 2 2 2 1 0 0 3 2 1 2 1 0 3 3 3
1 2 0 1 2 3 2 2 3 2 0 1 2 3 1 0
2 2 0 2 3 0 0 2 2 3 2 2 2 3 3 0
0 3 3 1 0 3 3 2 3 3 0 2 3 2 0 3
3 0 3 2 3 3 3 3 0 2 3 2 1 0 0 3
3 3 0 0 1 0 3 3 3 1 1 0 0 0 0 3
0 3 1 0 0 1 1 1 1 3 3 3 1 0 1 1
3 3 0 1 2 3 3 2 0 1 1 1 1 1 3 0
2 1 1 3 1 1 0 3 1 0 1 0 0 0 2 1
46 31 18 45 18 60 46 46 37 37 58 37 37 37 41 38
41 49 38 58 50 58 58 58 41 18 45 41 13 38 36 45
41 13 45 32 13 13 38 13 36 45 26 2 38 32 18 26
32 36 36 32 18 22 32 26 36 51 51 26 22 61 26 51
51 27 40 22 51 2 55 49 49 2 57 61 2 2 17 22
57 22 61 19 44 57 49 44 25 40 57 61 47 40 44 57
61 20 12 40 44 35 33 17 62 40 46 20 44 46 55 55
55 35 35 49 47 25 12 53 35 47 35 63 25 62 23 55
47 17 50 47 19 62 20 19 62 20 25 63 20 62 63 25
19 33 28 17 39 28 27 19 33 39 33 42 42 23 21 27
27 53 53 29 27 39 21 42 23 14 34 17 23 33 28 21
53 28 14 42 39 14 23 14 60 42 53 52 63 28 12 56
21 14 60 60 63 34 21 24 24 48 29 60 34 34 12 39
12 30 16 3 34 31 16 31 31 24 30 30 15 50 48 31
24 24 50 15 52 30 56 52 3 48 15 15 48 16 30 50
52 48 15 56 16 29 59 56 29 3 16 43 3 59 52 29
