1 1 1 1 1 0 0 3 0 1 0 0 1 1 3 1
1 3 3 3 3 3 0 3 3 3 3 3 2 3 3 3
3 3 3 0 2 0 2 0 0 3 3 3 2 0 3 0
3 3 3 3 2 3 1 2 0 2 1 3 0 1 2 3
2 0 0 2 1 2 2 3 0 2 3 2 2 2 1 3
0 2 1 1 2 1 2 2 2 2 1 2 2 2 2 0
2 1 3 1 3 0 2 3 3 1 2 1 2 2 1 0
1 2 3 2 1 2 3 2 2 1 0 1 2 1 2 3
3 0 2 0 2 2 2 3 0 0 2 2 3 2 3 2
2 1 0 3 3 3 0 3 3 1 1 3 0 1 2 1
0 0 1 0 1 1 1 1 3 1 1 0 1 0 1 0
1 0 1 0 1 1 0 0 0 0 0 1 2 0 0 0
2 0 3 1 0 0 1 1 0 1 1 0 3 2 0 2
3 0 1 3 1 0 1 1 1 3 1 1 2 3 0 0
1 2 0 2 2 0 2 2 2 0 2 0 2 0 2 0
0 0 0 0 3 0 3 0 1 0 3 3 2 2 3 1
31 31 31 31 31 25 25 40 25 29 25 25 29 29 40 29
29 40 37 40 40 56 57 62 62 62 56 62 33 56 56 62
53 56 14 12 33 12 42 12 59 37 53 37 33 12 37 12
14 37 24 14 33 14 15 33 59 35 15 14 59 15 35 53
2 59 59 51 15 35 42 24 57 42 53 35 52 35 45 53
57 42 15 45 42 13 26 52 19 49 45 52 52 52 19 43
19 13 23 13 24 43 19 24 24 13 20 13 49 2 22 57
45 51 23 2 45 51 46 2 2 61 57 38 17 48 26 46
55 41 26 41 17 17 51 55 43 41 51 17 23 17 23 26
19 22 43 55 55 46 43 55 46 48 22 23 3 22 26 61
27 60 61 60 38 61 38 22 46 48 63 3 61 18 48 28
48 3 38 18 38 47 28 60 44 60 28 47 49 3 27 60
36 27 21 32 28 28 54 47 44 47 63 18 39 20 27 49
21 3 47 21 54 50 54 63 54 21 63 63 36 21 18 27
54 36 34 36 58 34 58 49 58 34 36 44 58 18 58 41
41 50 34 34 39 50 39 50 32 50 39 39 20 20 30 32
