0 0 0 0 0 0 1 2 0 3 1 3 0 3 1 1
1 1 1 1 1 3 1 3 1 2 1 1 2 1 1 1
2 3 3 0 2 3 3 2 3 3 1 1 2 2 3 1
1 2 2 1 1 1 0 2 2 1 1 0 0 0 0 0
0 3 0 3 3 3 0 2 3 3 3 3 2 3 0 2
3 3 0 1 3 1 0 3 1 3 3 3 1 1 3 3
1 3 1 1 1 1 1 1 1 0 1 1 1 0 1 1
1 1 3 2 3 1 1 0 0 0 1 3 0 0 0 0
1 0 0 0 1 2 3 0 0 0 0 0 3 3 2 1
2 2 3 2 2 2 2 2 0 0 0 0 2 0 2 2
2 2 0 0 0 0 0 2 2 2 2 2 0 2 0 0
0 0 0 2 3 1 0 1 1 1 1 3 3 3 3 0
2 3 2 2 2 3 1 3 0 0 3 2 3 3 2 3
1 3 3 2 2 1 2 2 2 1 1 1 1 1 1 3
1 0 1 2 3 0 2 0 3 0 1 0 0 0 0 0
3 2 1 2 2 0 3 2 3 2 2 1 2 2 3 2
12 12 12 12 12 50 16 35 28 30 48 46 3 56 32 16
13 16 13 16 16 23 13 53 13 33 48 48 17 13 63 61
35 37 53 44 17 37 53 17 53 53 32 32 33 33 56 32
32 33 33 29 29 29 60 17 17 48 48 3 57 57 57 57
44 23 59 21 30 30 44 35 37 30 37 30 35 21 57 35
21 21 3 15 56 38 3 56 61 23 23 56 38 38 37 23
63 21 63 47 61 63 38 63 38 50 61 61 15 44 47 47
47 47 24 26 24 15 15 3 44 28 15 55 50 50 28 25
29 25 28 50 29 26 24 25 25 25 60 28 24 14 42 45
42 26 24 42 42 42 26 26 27 27 27 27 2 27 2 2
2 2 60 60 41 41 41 52 52 49 49 49 43 49 34 43
34 43 41 49 39 22 60 22 22 22 22 39 39 39 39 41
19 14 19 19 19 14 31 14 43 43 40 19 40 14 52 40
54 40 62 58 58 54 58 58 58 31 31 45 31 31 54 40
54 18 54 20 62 18 52 18 46 34 45 34 34 59 59 59
46 52 45 51 51 59 62 36 62 51 51 45 51 20 62 20
