0 0 2 1 2 2 1 1 2 2 1 1 0 0 0 0
0 2 2 3 2 0 0 3 1 0 0 2 3 3 3 1
0 3 3 1 1 1 1 1 2 3 3 2 3 3 3 2
2 2 2 2 0 0 0 0 2 2 2 2 0 1 2 2
2 1 2 2 2 2 2 3 0 1 1 2 2 1 0 2
3 3 1 0 1 1 1 1 0 0 0 0 0 0 0 1
2 2 3 0 0 0 1 1 3 0 0 0 0 1 0 0
0 3 0 0 0 1 0 1 0 0 1 1 1 3 0 2
3 1 3 3 3 2 1 2 3 3 3 3 2 2 2 1
1 1 1 3 3 3 1 1 1 1 1 0 0 0 2 2
2 2 2 0 0 0 3 3 3 3 3 3 3 3 1 1
0 0 0 0 0 0 0 0 3 1 3 1 2 2 2 1
1 2 2 3 2 2 0 3 1 3 3 1 1 0 1 0
0 1 1 1 2 2 3 3 3 2 0 2 2 3 3 3
3 3 3 1 1 1 2 3 0 2 0 0 0 0 3 1
3 2 3 2 3 2 2 3 2 3 1 3 2 2 1 1
28 60 20 16 20 20 16 16 20 20 16 16 44 44 44 44
44 52 52 56 52 28 28 56 32 28 28 36 56 56 56 31
12 37 37 31 31 31 31 29 36 55 55 2 55 55 55 2
2 36 2 2 60 60 60 60 33 33 33 33 25 29 51 51
51 61 42 42 42 42 52 23 43 22 22 51 51 61 57 33
14 14 48 59 32 32 32 32 3 57 18 18 18 18 18 22
17 17 24 3 3 3 22 22 21 34 34 34 3 47 59 12
59 24 59 12 59 47 12 47 25 12 47 47 48 24 43 52
46 15 24 24 40 19 29 19 23 23 23 23 19 19 19 15
15 15 15 14 14 14 13 13 48 48 48 43 43 43 35 35
35 35 35 25 25 25 37 37 37 40 40 21 40 40 29 29
27 57 57 57 27 27 27 27 39 63 21 63 17 17 17 38
38 49 49 21 42 49 50 21 63 39 39 38 38 50 13 50
50 13 13 63 58 58 30 30 30 58 50 58 58 53 30 53
53 53 53 61 61 61 36 30 41 36 41 41 41 41 39 63
39 26 46 49 46 49 26 62 26 46 38 46 26 26 45 45
