3 3 3 3 3 0 2 2 2 2 0 2 0 0 0 0
2 0 2 0 2 2 1 1 2 2 0 3 3 0 0 0
0 3 3 3 3 2 3 3 3 3 1 1 1 1 1 1
1 2 2 2 2 2 1 1 2 1 1 2 2 3 3 0
2 2 2 2 2 3 0 0 0 0 1 1 1 1 0 3
2 2 2 2 2 1 3 3 3 3 1 0 0 0 0 1
1 1 1 1 3 1 3 3 3 3 2 0 0 2 3 3
3 3 1 1 2 3 2 1 3 1 1 3 1 3 2 2
3 3 3 3 0 1 0 0 1 1 3 1 1 1 0 0
0 0 0 0 0 0 0 1 2 2 2 2 0 0 0 2
1 1 0 3 3 3 3 3 2 0 2 2 2 2 3 3
3 1 1 3 0 2 3 2 0 0 0 0 0 2 2 2
2 2 3 3 0 1 1 1 1 1 0 1 1 1 1 1
0 0 0 0 0 3 0 0 0 0 0 0 2 2 1 1
1 1 3 3 1 1 3 3 1 1 3 3 3 1 3 3
2 2 2 0 0 3 3 2 2 0 2 2 2 2 2 0
24 24 24 24 24 60 52 52 52 52 50 35 50 50 50 50
35 60 35 25 35 35 38 22 19 19 18 39 39 18 18 18
18 53 53 53 53 42 30 40 40 40 31 31 15 15 15 15
15 19 19 19 42 42 22 22 26 22 22 26 26 39 62 12
51 51 51 51 51 14 28 25 25 41 13 31 31 31 28 40
2 2 2 2 2 13 14 14 14 14 16 25 28 28 25 13
13 29 61 61 40 61 46 46 46 46 58 3 3 52 37 46
39 39 16 16 26 37 26 61 37 16 16 37 61 37 33 33
62 62 62 62 60 13 60 12 32 32 56 54 54 54 3 3
3 44 44 44 44 60 34 63 58 49 49 49 12 12 12 49
54 54 34 21 21 21 21 21 20 34 20 20 20 20 23 23
23 29 29 23 43 33 23 33 57 57 57 57 57 17 17 17
17 17 56 56 43 32 32 47 32 47 43 29 29 47 47 47
43 41 27 43 27 56 27 27 27 41 41 41 42 42 38 38
38 38 56 53 48 48 55 55 48 48 55 55 55 48 30 30
58 58 58 44 34 30 30 36 33 59 36 36 36 49 36 28
