2 1 2 1 1 2 2 3 2 0 0 0 3 1 1 1
3 2 1 1 2 3 1 3 3 0 1 0 1 2 2 2
2 0 3 3 3 3 3 1 2 3 0 2 0 0 3 3
1 1 1 1 1 0 0 2 0 2 3 2 2 3 2 3
3 3 3 3 0 3 0 1 0 0 0 1 0 2 2 3
1 2 2 0 1 0 1 1 0 0 3 3 3 1 3 3
3 3 1 1 1 1 0 1 0 0 0 0 0 2 1 0
0 1 2 2 0 0 2 3 0 2 2 2 2 0 0 2
2 2 0 0 2 2 2 2 0 2 0 1 3 2 0 1
0 2 2 2 0 2 1 2 2 2 2 0 1 1 2 1
3 1 1 3 3 3 2 3 2 2 2 1 2 0 2 0
2 3 2 2 2 2 0 0 0 0 0 0 1 1 1 1
3 1 0 1 1 1 3 3 1 1 0 0 0 1 1 1
1 1 2 2 1 3 3 1 1 3 3 0 0 0 0 0
2 1 2 2 1 3 2 0 3 3 3 0 3 1 3 0
0 0 1 1 3 3 3 3 0 0 1 1 0 0 0 3
33 32 17 32 32 17 17 24 17 25 25 25 24 13 13 13
21 17 48 13 26 37 13 24 24 50 32 50 32 33 33 33
33 25 40 40 40 40 40 15 58 24 34 19 34 34 23 23
15 15 48 48 63 34 34 52 25 26 21 26 26 37 26 37
37 21 37 21 28 21 28 16 28 41 50 31 28 58 58 53
63 58 58 50 22 50 15 15 41 57 56 56 23 22 23 56
23 56 22 22 22 48 3 48 12 28 12 18 18 51 16 12
18 16 36 20 18 57 49 56 12 49 49 49 49 57 12 52
52 2 3 41 52 2 2 2 18 52 3 63 53 35 57 31
3 20 51 51 57 51 16 51 20 20 2 3 31 31 35 16
14 31 63 14 14 14 19 14 20 35 35 63 35 41 19 41
42 62 42 42 42 42 60 60 60 60 60 59 61 61 61 61
53 61 59 29 29 29 53 53 29 29 59 59 59 38 38 38
38 38 19 19 54 62 62 54 54 62 62 27 27 27 27 27
36 54 36 36 54 30 36 44 55 30 30 44 55 45 55 44
44 44 45 45 30 55 55 30 43 43 45 45 43 43 43 39
