2 2 0 3 3 3 3 1 2 1 1 1 3 2 0 3
0 3 0 3 2 1 0 3 1 1 0 0 2 1 2 0
3 0 3 3 1 1 2 3 2 1 1 1 2 1 3 3
2 2 1 2 3 1 1 3 1 0 1 0 0 2 3 3
3 1 2 1 3 3 0 3 3 1 0 1 2 1 0 0
0 1 1 3 1 3 3 3 1 0 0 2 1 2 0 0
1 0 1 0 0 0 0 0 0 0 0 2 3 2 1 1
3 2 2 2 2 1 1 2 2 3 2 2 3 2 2 1
2 1 0 0 2 1 2 3 2 3 2 2 2 1 1 3
2 3 0 2 0 2 0 0 2 1 0 0 3 3 2 1
1 1 1 2 0 0 2 3 1 1 0 0 1 3 0 0
1 1 0 1 1 0 2 3 3 1 0 1 1 0 2 3
1 0 0 1 3 3 3 3 1 3 3 3 0 2 3 3
2 2 2 3 0 2 1 3 0 1 1 0 2 0 2 1
0 2 2 1 0 1 1 3 1 3 3 1 3 3 0 0
2 0 3 0 0 2 0 0 2 1 2 2 2 3 3 3
51 20 27 56 39 37 53 29 51 31 13 38 24 33 12 30
3 23 28 37 42 22 28 39 45 15 59 57 58 31 51 44
24 50 24 46 15 31 19 23 17 29 32 13 26 45 37 40
35 17 22 36 14 22 22 14 38 25 54 27 12 19 21 24
23 29 20 29 40 62 25 46 24 31 18 31 58 29 12 18
60 16 16 53 13 53 53 53 13 34 12 42 63 42 12 3
63 25 15 27 25 25 3 34 57 3 28 26 40 19 47 45
23 26 36 52 58 15 48 36 51 37 20 58 37 51 42 48
26 22 34 18 17 32 19 55 52 23 42 26 52 16 13 55
17 21 18 52 50 52 27 50 33 16 41 34 56 30 58 63
48 15 16 17 50 3 49 30 38 54 44 50 63 21 44 27
63 45 44 47 38 44 36 46 21 47 34 45 47 60 19 14
38 57 60 48 40 14 55 46 48 55 21 62 57 49 56 46
2 20 49 62 41 35 61 55 18 32 54 57 49 41 33 47
41 33 33 32 41 61 61 56 61 39 39 32 56 62 28 59
2 28 30 59 43 49 59 60 36 61 2 2 2 30 14 39
