0 2 1 3 0 0 1 1 0 2 1 2 0 1 3 1
0 0 0 1 0 1 1 1 2 3 2 2 2 3 0 1
0 0 0 3 1 1 2 3 2 3 1 1 1 2 1 2
1 1 2 0 3 1 0 0 2 3 2 3 1 1 0 1
2 1 1 0 0 1 2 3 2 2 3 0 0 1 0 1
0 2 1 3 3 2 0 3 1 2 1 2 2 1 3 2
3 1 1 2 3 3 2 0 2 3 0 3 2 1 0 0
1 3 1 1 2 2 3 3 3 2 3 2 0 0 0 1
0 0 0 0 0 2 1 3 0 1 0 3 1 1 2 2
3 3 2 2 3 3 2 3 2 1 0 0 2 3 0 2
1 1 0 1 3 0 0 3 1 1 0 3 2 2 3 0
3 2 1 3 0 3 1 0 3 3 0 0 3 1 1 3
1 0 0 0 3 0 3 2 1 3 2 3 3 0 3 0
2 0 2 2 0 1 0 2 1 3 0 3 0 1 2 2
0 1 2 1 0 0 1 2 0 2 0 1 3 0 3 1
3 1 2 0 2 2 2 3 3 2 3 3 2 2 2 3
28 36 22 21 12 50 63 31 50 26 45 2 60 61 53 15
44 60 3 29 60 45 45 22 52 53 2 42 33 53 60 54
44 3 34 53 16 29 17 24 17 37 32 45 32 49 32 33
22 13 33 28 14 31 18 43 33 24 58 23 38 16 28 22
2 29 29 18 12 16 36 40 33 58 21 50 50 29 50 32
25 52 16 24 56 58 12 55 15 20 31 17 17 22 39 35
24 48 38 26 56 56 2 34 26 24 57 23 49 48 59 3
48 55 32 16 58 26 56 23 56 26 55 58 27 25 43 48
59 43 25 18 28 19 48 37 28 38 27 37 13 63 19 52
21 30 2 49 37 53 52 30 52 63 12 12 36 40 60 19
15 15 18 15 37 34 25 30 38 54 57 30 49 36 30 27
14 36 61 14 59 39 63 57 21 23 3 3 21 13 63 46
38 57 43 34 40 27 55 19 45 40 49 55 40 25 14 44
35 34 51 42 18 54 41 20 47 39 57 14 43 31 35 51
44 54 19 54 41 41 61 51 41 20 41 47 23 44 46 13
46 13 51 59 20 42 35 46 62 35 62 46 42 42 51 39
