1 1 0 1 1 0 0 0 0 1 0 1 1 1 1 1
1 1 1 1 0 1 0 0 0 0 1 0 1 1 0 1
0 0 0 0 0 1 1 1 1 0 0 1 1 0 0 1
0 1 0 1 0 1 0 1 0 0 1 0 1 1 1 1
0 0 1 1 1 1 1 1 1 1 1 1 1 1 1 1
1 1 1 0 0 1 1 1 0 0 1 1 0 0 0 1
1 1 1 0 1 0 0 0 0 1 1 1 1 0 1 1
0 1 1 1 1 0 0 1 0 0 1 1 1 0 0 0
1 1 0 1 0 0 1 1 1 0 0 1 1 0 1 0
0 1 1 0 1 1 1 0 0 0 0 0 0 0 0 0
1 0 1 1 0 1 0 0 0 1 0 0 0 0 1 0
0 1 1 0 0 1 0 1 1 1 0 0 1 1 1 1
1 0 0 0 0 0 0 0 1 0 0 0 0 0 1 0
0 0 0 1 0 0 0 0 0 0 0 1 1 0 1 1
1 0 0 1 1 1 0 0 1 1 0 0 1 1 1 0
0 1 0 1 1 1 1 1 1 0 0 0 0 1 0 0
30 28 31 30 26 44 31 31 31 47 27 57 59 57 57 26
49 49 49 49 31 37 27 27 25 25 37 58 37 37 44 37
44 58 46 58 58 24 12 26 26 38 58 22 41 38 13 41
38 41 36 41 38 41 38 26 13 13 45 13 22 61 45 45
13 36 45 45 51 47 8 18 6 6 28 61 6 6 57 22
6 18 57 9 44 61 51 18 36 36 47 47 36 9 44 18
61 61 22 40 51 9 9 9 62 18 47 8 20 46 20 20
23 35 8 22 39 25 46 53 40 21 35 39 49 27 40 27
39 51 46 51 46 62 35 8 10 52 40 35 20 62 35 50
19 20 28 25 39 55 8 48 23 25 15 21 21 21 21 62
39 15 30 53 48 53 62 40 19 63 48 17 11 19 28 7
19 10 10 42 19 55 23 55 10 10 7 48 63 28 12 55
55 17 60 23 42 42 7 11 63 48 23 7 7 42 12 17
42 60 11 63 52 11 3 17 15 11 50 53 63 17 24 24
24 60 50 14 24 14 60 60 14 4 15 15 53 16 30 50
50 12 5 14 12 14 59 30 4 56 5 5 3 16 52 5
