0 0 0 1 0 0 0 0 0 0 0 0 0 0 0 0
1 0 0 0 0 0 0 0 1 0 1 1 0 1 1 0
1 0 0 0 0 1 0 0 0 0 1 1 0 0 0 0
0 0 0 0 0 0 1 0 0 0 0 1 0 0 0 0
1 1 1 1 0 1 0 0 1 0 0 1 0 1 0 0
1 0 0 0 1 0 1 1 1 0 1 1 1 1 1 0
0 1 0 0 1 1 1 1 1 1 1 1 0 1 0 1
1 1 1 1 1 1 1 0 1 1 0 0 0 1 0 0
0 1 1 1 1 1 1 1 0 0 0 0 0 1 0 0
1 1 0 1 1 0 1 1 0 1 1 1 0 1 1 0
0 1 1 1 1 1 0 1 1 0 1 0 0 0 0 1
1 1 1 1 1 1 1 1 1 0 1 1 0 1 1 0
0 1 1 1 1 1 0 0 0 1 1 1 1 0 1 0
0 0 1 1 1 0 0 0 1 1 1 1 0 0 1 0
1 1 1 0 0 1 1 1 1 1 0 1 1 0 1 1
0 1 1 1 0 0 0 0 0 0 0 0 1 0 0 0
17 17 31 8 17 31 17 17 31 31 31 23 23 40 48 58
8 29 48 40 52 48 48 48 8 13 10 8 40 8 10 23
10 58 36 40 13 10 23 23 29 36 4 10 13 58 58 36
13 40 62 52 7 13 4 36 62 29 62 26 36 62 58 62
26 4 26 26 7 4 52 52 4 52 29 12 29 12 3 3
26 56 7 7 16 27 47 16 47 7 63 16 47 63 16 3
56 63 56 3 35 47 12 53 16 63 12 12 27 41 3 41
53 63 41 47 41 37 35 56 41 35 27 19 21 35 27 56
27 53 35 53 53 24 24 14 50 21 19 21 21 28 21 50
37 28 19 37 14 9 28 24 46 28 24 37 19 37 28 50
19 14 14 24 14 49 46 20 22 46 59 50 50 46 46 20
22 59 61 61 59 59 22 59 22 38 20 61 60 61 22 9
38 20 61 20 57 49 38 9 42 55 6 49 6 38 57 38
42 9 57 57 6 9 42 60 6 55 57 49 60 5 43 60
55 49 6 60 42 39 43 55 55 43 42 39 39 25 43 39
5 39 43 51 5 5 11 25 25 5 25 11 51 11 25 11
