1 0 0 0 0 0 0 0 0 0 0 0 0 0 0 0
0 0 0 0 0 0 0 0 0 0 0 0 0 1 0 0
1 1 1 1 1 1 0 1 1 1 1 1 0 1 1 1
1 1 0 1 1 1 0 0 1 1 0 1 1 1 1 1
1 1 0 0 0 1 0 1 1 0 1 1 0 0 1 1
1 0 1 1 0 0 1 1 1 1 1 0 1 0 1 1
0 0 0 1 0 1 1 1 1 1 1 1 0 0 1 0
0 1 1 0 1 0 1 1 0 0 1 0 0 1 0 0
1 1 0 1 1 1 1 0 0 0 1 0 0 0 1 1
0 1 1 1 0 0 0 1 0 0 1 1 0 0 1 1
0 0 0 0 0 1 1 0 1 0 0 0 0 0 1 1
1 0 0 0 0 1 0 0 0 0 0 0 1 1 1 1
0 1 1 1 1 0 0 1 1 1 1 1 1 1 1 1
0 0 0 0 0 1 0 0 1 1 1 1 0 0 0 0
0 1 0 0 1 0 0 1 0 0 0 0 0 1 0 0
0 0 0 0 0 0 1 1 0 1 1 0 1 0 0 1
12 31 31 31 31 31 25 40 25 29 25 25 29 25 40 29
40 40 29 40 62 56 62 62 29 62 56 62 56 57 56 56
53 37 59 12 59 59 42 12 59 37 59 37 42 12 8 12
14 37 7 8 53 37 15 7 35 10 7 8 43 8 35 8
14 14 11 7 15 35 42 24 57 42 10 35 7 42 35 53
57 15 14 45 15 15 53 53 22 4 14 13 57 23 22 10
38 48 23 45 23 43 55 24 55 57 10 4 46 13 22 48
13 51 4 13 10 23 24 4 9 52 4 38 17 43 52 46
43 43 52 45 24 26 51 38 38 13 51 17 3 52 22 51
19 22 45 45 19 17 23 51 46 52 24 55 3 46 26 55
17 5 19 17 38 55 61 46 26 11 3 3 5 27 26 28
26 9 9 3 27 47 48 48 44 9 19 19 49 49 63 20
9 49 20 63 49 48 5 61 61 49 61 63 61 63 20 63
58 50 44 44 58 20 58 58 47 47 47 28 60 60 11 27
27 47 27 21 28 11 58 39 54 21 60 44 60 18 54 5
36 36 11 54 54 54 39 28 60 28 39 36 39 5 50 41
