1 1 1 1 1 0 1 0 1 1 1 0 1 0 1 0
1 0 0 0 0 1 1 0 0 1 1 0 1 1 1 1
1 1 0 0 0 0 0 1 0 0 0 0 1 0 0 0
0 0 1 1 1 1 1 0 0 1 1 0 0 0 1 0
0 1 1 0 1 0 0 0 0 0 0 0 1 1 0 0
0 1 0 1 0 0 0 0 0 0 0 0 0 0 1 1
1 0 0 1 1 1 0 1 1 0 0 1 0 0 0 0
0 0 0 0 0 0 0 1 1 1 1 1 0 0 1 1
0 0 0 1 1 0 1 1 1 1 1 1 1 0 1 1
1 1 1 1 1 1 1 1 0 0 0 0 1 1 1 0
0 1 1 1 1 1 0 0 0 1 0 1 1 1 0 1
1 1 1 1 1 1 1 1 0 0 1 1 1 1 1 1
1 0 0 0 0 0 1 1 0 0 0 1 1 1 1 1
0 0 0 0 0 1 1 1 1 0 0 0 0 0 0 0
0 1 1 1 1 1 0 0 0 0 0 0 0 0 1 1
0 0 0 0 0 0 0 0 0 0 0 0 1 1 1 1
59 59 59 59 59 23 28 60 28 28 28 31 28 15 43 31
20 31 52 52 52 24 20 31 31 20 20 38 20 37 37 37
37 37 56 60 60 29 29 35 56 56 56 25 35 27 60 13
29 29 53 53 24 24 24 44 40 35 53 19 40 15 55 50
58 61 61 25 26 29 3 3 3 3 3 15 35 35 15 27
15 8 23 26 19 19 19 19 17 23 23 27 27 27 30 30
24 54 50 30 30 30 42 47 47 7 21 16 60 56 11 5
5 46 46 46 46 46 54 57 10 10 10 10 5 5 57 57
7 7 7 57 57 7 8 39 39 39 8 8 8 5 6 6
6 6 4 4 4 4 4 6 9 9 9 9 16 16 49 9
11 61 49 49 49 49 11 11 11 10 25 12 12 12 23 47
47 47 53 12 12 53 22 14 25 25 18 43 43 18 55 55
43 62 62 17 62 62 16 16 40 40 40 43 41 18 18 18
36 36 36 36 36 22 22 22 22 13 13 13 13 58 58 58
58 63 63 63 63 63 38 38 38 38 21 21 21 21 39 39
48 48 48 48 48 42 42 42 42 50 50 50 61 61 41 41
