0 0 0 1 0 1 1 1 1 1 1 1 0 1 1 1
1 1 0 0 1 1 1 0 0 0 1 1 1 1 1 1
1 1 1 1 1 0 0 0 0 0 0 1 1 1 1 0
0 0 0 0 0 1 0 1 0 1 1 1 0 0 0 0
0 0 0 0 0 0 0 1 1 0 0 0 0 0 1 1
1 1 1 0 0 1 0 0 0 0 0 0 0 1 1 1
1 1 0 0 0 0 0 0 0 0 0 0 0 1 1 1
1 1 0 0 0 0 0 0 1 0 0 0 1 0 0 0
0 0 0 0 0 0 0 1 1 1 1 1 1 1 1 1
1 0 1 1 1 1 1 1 0 0 0 0 1 0 0 0
0 0 1 0 0 0 0 0 1 1 1 1 1 1 0 0
0 1 0 0 0 1 0 1 1 1 0 1 1 1 1 1
1 1 1 1 1 1 0 1 1 1 1 1 1 0 0 0
1 1 0 0 1 1 0 0 0 1 1 1 1 1 0 0
0 0 0 0 0 1 1 1 1 1 1 1 1 1 1 1
0 1 1 1 1 1 0 1 1 1 1 0 1 0 1 0
27 27 27 6 27 53 53 53 16 16 16 24 62 45 45 45
45 45 62 62 16 16 28 7 27 7 24 18 18 53 53 26
28 24 28 28 28 29 7 29 29 29 31 35 35 24 24 60
52 52 52 52 52 22 29 12 31 20 47 6 17 54 3 3
3 3 3 25 17 7 7 6 20 17 17 5 21 21 12 12
39 37 39 15 15 20 56 56 56 50 50 31 15 55 55 63
20 20 25 25 58 40 40 40 21 17 21 11 21 8 8 8
22 22 13 15 13 13 13 13 14 5 5 5 8 11 5 11
11 11 23 23 23 23 23 18 18 18 10 10 10 10 10 8
4 15 6 6 4 4 4 4 9 9 9 42 51 62 9 9
40 40 59 25 25 56 38 56 49 49 49 49 12 49 38 19
19 12 19 19 19 14 46 14 14 14 62 39 39 37 39 51
51 51 51 37 30 26 46 26 26 26 37 37 22 46 46 46
41 41 58 58 22 41 42 42 42 55 55 55 41 41 50 50
50 48 48 31 42 47 59 59 59 59 63 35 35 47 47 47
36 61 61 61 35 61 31 30 61 30 30 38 30 38 57 60
