0 0 1 1 1 1 1 1 1 1 0 0 1 1 0 0
0 0 0 0 1 0 0 1 1 1 0 0 0 1 1 1
1 1 1 0 1 1 1 0 0 1 0 0 1 1 1 1
1 1 1 1 1 1 1 1 1 0 1 0 0 0 0 0
0 0 1 0 1 0 0 0 0 1 1 1 0 0 1 1
1 1 1 1 1 1 0 1 0 1 0 1 1 0 1 1
0 0 0 0 0 0 0 0 0 0 0 0 0 0 0 0
0 0 0 1 0 1 1 1 1 1 0 1 1 1 1 1
1 0 0 1 1 1 1 1 1 1 1 0 1 1 1 1
1 1 0 0 1 0 0 0 1 0 0 0 0 0 1 0
1 1 0 1 1 1 1 0 0 0 0 0 0 0 0 0
1 0 1 0 0 1 0 0 0 0 0 1 0 1 1 0
0 0 0 0 1 0 0 0 1 0 1 0 0 0 0 0
1 1 1 1 1 1 1 1 1 1 0 0 0 0 0 0
0 0 0 0 0 0 0 0 1 1 0 0 0 1 0 1
0 0 1 1 0 1 1 0 1 0 0 1 0 0 0 0
58 17 20 20 28 63 49 20 20 24 13 21 8 10 21 25
13 25 25 21 8 13 13 8 8 8 13 21 21 4 28 49
28 28 49 17 28 49 49 25 25 24 17 5 57 20 57 24
37 24 37 4 57 57 63 63 63 11 63 11 11 23 11 5
17 5 24 11 57 23 23 23 23 4 4 4 5 5 26 26
26 26 6 59 37 37 31 37 17 26 56 6 6 56 6 6
56 56 56 52 58 50 50 50 50 50 58 58 48 58 52 52
7 52 52 10 42 53 10 53 12 12 48 53 12 16 16 12
12 38 38 59 22 22 22 22 61 16 22 48 53 18 18 18
18 18 15 31 41 29 29 48 53 48 40 60 60 40 16 40
61 61 40 16 61 61 10 9 9 9 15 15 15 15 40 31
41 31 41 31 9 35 60 42 29 29 29 59 60 59 59 60
42 42 42 9 41 7 7 7 14 7 14 3 3 3 3 3
14 35 51 51 51 51 51 35 35 35 62 27 36 36 36 19
19 19 62 62 62 19 19 54 14 14 27 27 27 30 27 10
62 54 41 30 38 30 30 54 30 54 54 39 38 38 36 36
