0 0 0 0 0 0 0 0 0 0 0 0 0 0 0 0
0 0 0 0 1 0 0 1 0 1 1 0 1 1 1 0
1 0 1 0 0 0 1 1 0 1 0 0 0 1 0 0
1 1 0 0 1 1 1 0 0 1 0 1 0 0 0 1
0 0 1 0 0 0 1 0 0 0 1 1 1 1 0 0
1 1 0 0 1 0 1 1 1 1 1 0 1 0 1 1
0 0 0 0 1 0 0 0 0 1 1 0 0 0 1 1
0 0 0 0 0 1 0 0 0 1 1 1 0 1 0 0
1 1 1 1 0 1 1 0 0 1 1 0 1 1 0 0
0 0 0 0 1 1 1 0 0 0 0 0 1 0 0 0
1 0 1 0 1 1 1 1 1 0 0 1 0 0 1 0
1 1 1 0 1 1 0 1 1 0 0 1 1 1 0 1
1 0 1 0 0 1 1 0 0 0 1 1 1 0 1 1
1 0 1 0 1 1 1 1 0 1 1 0 1 0 0 1
1 0 0 1 1 1 0 0 0 1 1 1 0 0 1 1
1 0 0 1 1 0 0 1 0 1 1 0 1 1 0 1
3 36 5 38 7 40 9 42 42 11 44 13 46 15 48 17
50 19 52 21 53 58 27 45 54 10 14 23 35 20 22 56
24 3 57 29 15 31 59 61 38 26 38 46 17 26 38 17
12 63 44 3 12 4 6 62 62 55 56 28 50 27 21 47
52 52 35 50 9 50 12 36 36 58 53 63 30 43 7 60
16 51 40 46 43 44 12 16 16 37 12 62 45 42 43 22
38 27 27 27 47 23 13 36 36 41 22 48 15 19 18 49
42 15 40 25 21 55 15 21 56 57 55 57 19 22 40 48
26 63 57 18 62 30 41 3 44 45 6 11 61 24 25 62
3 54 58 46 55 28 63 31 9 58 44 23 57 17 60 56
35 48 41 56 24 28 49 35 16 54 5 30 23 50 22 19
14 45 28 42 10 16 13 55 63 60 19 14 6 18 5 47
30 11 26 21 40 45 24 60 31 48 14 10 6 54 39 30
35 9 28 23 37 61 24 20 11 39 14 29 43 31 13 26
18 60 17 49 47 20 54 52 52 6 18 10 25 13 51 39
61 46 58 61 10 5 5 20 29 43 37 31 47 59 9 39
