0 0 0 0 0 0 0 0 0 0 0 0 0 0 0 0
0 0 0 0 0 0 0 0 0 0 0 0 0 0 0 0
0 0 0 0 0 0 0 0 0 0 0 0 0 0 0 0
0 0 0 0 0 0 0 0 0 0 0 0 0 0 0 0
0 0 0 0 0 0 0 0 0 0 0 0 0 0 0 0
0 0 0 0 0 0 0 0 0 0 0 0 0 0 0 0
0 0 0 0 0 0 0 0 0 0 0 0 0 0 0 0
0 0 0 0 0 0 0 0 0 0 0 0 0 0 0 0
0 0 0 0 0 0 0 0 0 0 0 0 0 0 0 0
0 0 0 0 0 0 0 0 0 0 0 0 0 0 0 0
0 0 0 0 0 0 0 0 0 0 0 0 0 0 0 0
0 0 0 0 0 0 0 0 0 0 0 0 0 0 0 0
0 0 0 0 0 0 0 0 0 0 0 0 0 0 0 0
0 0 0 0 0 0 0 0 0 0 0 0 0 0 0 0
0 0 0 0 0 0 0 0 0 0 0 0 0 0 0 0
0 0 0 0 0 0 0 0 0 0 0 0 0 0 0 0
37 71 42 71 42 56 46 31 26 37 26 37 26 26 37 58
41 29 12 62 41 41 28 28 44 51 51 51 51 58 27 62
46 27 46 46 27 36 41 9 9 9 58 45 45 45 45 38
38 38 36 44 36 44 44 38 58 36 67 32 6 61 13 13
32 9 13 32 47 15 70 18 13 67 32 6 6 6 57 22
57 18 57 22 57 61 66 18 22 40 67 66 66 22 66 18
61 61 12 40 67 70 33 17 62 40 40 70 71 71 64 20
50 35 8 49 39 49 70 68 68 21 69 68 49 62 23 17
47 68 50 47 19 47 10 8 10 20 25 35 20 64 35 49
19 20 28 25 39 55 27 48 35 25 19 25 19 21 21 42
50 42 8 29 48 39 21 8 60 14 34 17 11 33 28 64
53 10 10 33 39 69 23 55 60 7 53 48 63 17 12 55
55 14 60 23 14 69 7 60 14 33 23 7 34 34 12 64
48 69 11 63 34 63 16 63 7 24 52 53 11 50 53 24
24 4 11 56 52 30 56 52 24 4 15 65 4 16 65 15
4 65 65 30 16 29 59 30 15 56 5 5 16 5 52 5
