0 0 0 0 0 0 0 0 0 0 0 0 0 0 0 0
0 0 0 0 0 0 0 0 0 0 0 0 0 0 0 0
0 0 0 0 0 0 0 0 0 0 0 0 0 0 0 0
0 0 0 0 0 0 0 0 0 0 0 0 0 0 0 0
0 0 0 0 0 0 0 0 0 0 0 0 0 0 0 0
0 0 0 0 0 0 0 0 0 0 0 0 0 0 0 0
0 0 0 0 0 0 0 0 0 0 0 0 0 0 0 0
0 0 0 0 0 0 0 0 0 0 0 0 0 0 0 0
0 0 0 0 0 0 0 0 0 0 0 0 0 0 0 0
0 0 0 0 0 0 0 0 0 0 0 0 0 0 0 0
0 0 0 0 0 0 0 0 0 0 0 0 0 0 0 0
0 0 0 0 0 0 0 0 0 0 0 0 0 0 0 0
0 0 0 0 0 0 0 0 0 0 0 0 0 0 0 0
0 0 0 0 0 0 0 0 0 0 0 0 0 0 0 0
0 0 0 0 0 0 0 0 0 0 0 0 0 0 0 0
0 0 0 0 0 0 0 0 0 0 0 0 0 0 0 0
40 40 40 40 12 31 31 31 31 29 25 25 29 25 69 29
25 66 29 33 59 56 66 66 66 62 69 62 69 69 56 62
62 56 67 64 67 67 42 71 64 37 53 37 42 12 8 67
56 59 24 8 64 12 15 64 59 10 37 8 33 8 33 53
59 14 11 12 15 37 33 71 53 42 53 35 52 71 35 42
13 15 7 45 71 15 48 52 22 4 7 13 57 14 22 10
14 35 23 35 14 7 55 7 55 57 10 4 46 51 22 57
22 51 4 13 10 23 24 4 9 52 17 38 17 52 26 46
57 13 26 45 24 17 51 55 43 45 51 17 23 45 23 9
19 19 43 55 19 70 43 61 46 24 61 61 9 46 68 61
27 70 19 26 70 43 38 28 26 48 63 70 21 54 32 28
68 9 38 63 38 47 48 60 44 60 48 68 49 63 27 44
60 27 21 60 11 28 54 47 44 47 63 27 39 5 18 28
21 5 47 21 54 65 65 11 54 36 36 36 65 65 18 68
36 34 18 41 58 11 58 49 58 50 58 44 50 18 39 49
32 41 49 50 34 50 39 41 41 34 39 34 5 5 30 32
