0 0 0 0 0 0 0 0 0 0 0 0 0 0 0 0
0 0 0 0 0 0 0 0 0 0 0 0 0 0 0 0
0 0 0 0 0 0 0 0 0 0 0 0 0 0 0 0
0 0 0 0 0 0 0 0 0 0 0 0 0 0 0 0
0 0 0 0 0 0 0 0 0 0 0 0 0 0 0 0
0 0 0 0 0 0 0 0 0 0 0 0 0 0 0 0
0 0 0 0 0 0 0 0 0 0 0 0 0 0 0 0
0 0 0 0 0 0 0 0 0 0 0 0 0 0 0 0
0 0 0 0 0 0 0 0 0 0 0 0 0 0 0 0
0 0 0 0 0 0 0 0 0 0 0 0 0 0 0 0
0 0 0 0 0 0 0 0 0 0 0 0 0 0 0 0
0 0 0 0 0 0 0 0 0 0 0 0 0 0 0 0
0 0 0 0 0 0 0 0 0 0 0 0 0 0 0 0
0 0 0 0 0 0 0 0 0 0 0 0 0 0 0 0
0 0 0 0 0 0 0 0 0 0 0 0 0 0 0 0
0 0 0 0 0 0 0 0 0 0 0 0 0 0 0 0
23 7 9 7 7 7 56 56 49 49 49 11 65 23 32 17
12 37 37 67 14 44 5 32 65 37 49 67 44 8 41 41
41 41 57 65 33 32 32 60 8 11 65 19 24 17 19 8
10 8 10 24 56 24 11 56 24 16 23 5 23 47 12 14
10 12 37 19 47 47 47 5 16 16 17 17 30 12 48 48
35 57 53 57 21 16 13 13 57 42 53 53 52 42 61 30
5 53 52 30 38 30 35 21 38 35 35 38 38 61 13 13
61 61 21 21 42 63 63 44 63 42 63 40 44 15 15 15
15 29 22 14 14 9 9 29 26 26 26 39 26 25 29 60
6 25 25 25 29 39 39 39 60 27 48 48 6 6 60 27
22 27 58 9 27 43 11 22 22 58 4 4 50 31 50 19
50 50 28 58 18 58 28 4 20 31 4 43 31 43 54 40
40 43 6 40 28 52 28 52 51 51 51 51 46 34 34 34
45 36 36 46 46 45 46 34 10 36 36 45 31 20 33 54
33 33 20 70 69 70 69 59 20 69 45 62 59 62 54 55
54 59 55 59 69 62 70 70 68 55 55 68 68 62 18 18
