0 0 0 0 0 0 0 0 0 0 0 0 0 0 0 0
0 0 0 0 0 0 0 0 0 0 0 0 0 0 0 0
0 0 0 0 0 0 0 0 0 0 0 0 0 0 0 0
0 0 0 0 0 0 0 0 0 0 0 0 0 0 0 0
0 0 0 0 0 0 0 0 0 0 0 0 0 0 0 0
0 0 0 0 0 0 0 0 0 0 0 0 0 0 0 0
0 0 0 0 0 0 0 0 0 0 0 0 0 0 0 0
0 0 0 0 0 0 0 0 0 0 0 0 0 0 0 0
0 0 0 0 0 0 0 0 0 0 0 0 0 0 0 0
0 0 0 0 0 0 0 0 0 0 0 0 0 0 0 0
0 0 0 0 0 0 0 0 0 0 0 0 0 0 0 0
0 0 0 0 0 0 0 0 0 0 0 0 0 0 0 0
0 0 0 0 0 0 0 0 0 0 0 0 0 0 0 0
0 0 0 0 0 0 0 0 0 0 0 0 0 0 0 0
0 0 0 0 0 0 0 0 0 0 0 0 0 0 0 0
0 0 0 0 0 0 0 0 0 0 0 0 0 0 0 0
43 17 24 7 40 27 56 36 64 61 69 26 21 7 63 12
46 31 63 64 60 14 27 13 62 60 32 40 19 26 13 54
62 21 60 19 47 41 53 62 23 56 47 56 55 62 7 33
12 39 22 67 33 23 22 30 58 34 24 21 21 31 31 17
17 50 42 11 27 29 58 46 11 58 29 43 13 28 5 64
26 26 44 64 13 31 28 19 5 27 23 5 37 42 30 34
43 59 14 14 24 59 35 34 4 24 56 22 46 45 44 22
44 7 37 43 63 41 53 34 53 53 37 5 9 32 42 47
4 35 61 45 4 8 69 69 28 23 58 39 55 39 4 39
66 68 66 66 66 63 28 55 32 16 32 55 69 25 6 61
36 6 51 61 51 11 25 25 38 36 25 6 20 52 42 57
52 52 57 6 41 9 41 70 10 70 70 14 47 16 10 16
38 10 59 11 29 15 19 70 36 40 49 54 38 30 46 59
35 45 17 15 18 35 12 29 51 40 16 18 45 57 48 10
48 48 38 37 12 15 52 33 33 57 51 30 60 54 50 48
9 54 68 15 65 65 8 18 9 67 67 44 67 8 71 8
