0 0 0 0 0 0 0 0 0 0 0 0 0 0 0 0
0 0 0 0 0 0 0 0 0 0 0 0 0 0 0 0
0 0 0 0 0 0 0 0 0 0 0 0 0 0 0 0
0 0 0 0 0 0 0 0 0 0 0 0 0 0 0 0
0 0 0 0 0 0 0 0 0 0 0 0 0 0 0 0
0 0 0 0 0 0 0 0 0 0 0 0 0 0 0 0
0 0 0 0 0 0 0 0 0 0 0 0 0 0 0 0
0 0 0 0 0 0 0 0 0 0 0 0 0 0 0 0
0 0 0 0 0 0 0 0 0 0 0 0 0 0 0 0
0 0 0 0 0 0 0 0 0 0 0 0 0 0 0 0
0 0 0 0 0 0 0 0 0 0 0 0 0 0 0 0
0 0 0 0 0 0 0 0 0 0 0 0 0 0 0 0
0 0 0 0 0 0 0 0 0 0 0 0 0 0 0 0
0 0 0 0 0 0 0 0 0 0 0 0 0 0 0 0
0 0 0 0 0 0 0 0 0 0 0 0 0 0 0 0
0 0 0 0 0 0 0 0 0 0 0 0 0 0 0 0
4 62 6 51 22 35 31 59 43 68 29 37 55 28 12 14
57 44 63 44 65 33 11 45 65 30 32 60 30 26 54 21
39 25 24 25 37 30 50 6 25 26 24 53 55 62 63 33
57 41 33 54 39 29 48 39 59 60 37 27 30 18 21 54
71 12 47 43 12 43 28 55 19 37 14 22 35 29 32 48
17 42 51 40 31 61 58 55 33 23 25 64 69 64 39 49
14 42 45 4 66 41 24 53 41 48 20 26 64 46 47 47
10 8 66 69 66 68 66 36 36 56 50 54 52 51 52 71
16 21 43 52 71 71 57 20 26 51 29 62 20 46 40 56
40 34 50 49 6 34 27 40 62 58 12 6 56 17 60 28
18 35 68 35 68 8 57 9 16 69 56 17 15 70 48 69
20 70 70 42 53 9 36 32 70 46 36 46 61 49 45 50
53 27 16 67 27 61 49 67 60 64 4 58 4 45 41 52
28 32 67 38 42 67 38 24 38 38 23 23 58 15 10 34
5 5 17 47 16 15 8 9 65 15 18 65 9 18 19 23
22 13 14 44 44 19 63 19 13 5 34 13 22 8 21 13
