3 1 3 3 3 1 3 3 2 3 0 1 2 0 2 2
2 3 3 3 2 1 0 2 0 2 2 2 2 1 2 0
0 0 1 1 2 0 0 2 2 0 1 2 1 0 0 0
1 1 2 1 1 1 1 1 1 1 1 1 1 1 1 1
1 0 2 0 2 2 0 2 2 1 1 1 2 0 0 1
0 0 0 1 0 1 1 0 2 3 3 2 1 1 2 2
1 1 0 3 2 2 2 2 3 2 3 0 2 3 3 3
3 2 2 2 2 2 0 3 3 1 3 1 3 3 3 3
1 2 0 1 2 3 2 2 3 2 0 2 2 3 2 3
2 0 0 0 0 3 0 0 0 3 3 2 2 3 3 2
3 3 3 3 0 3 3 3 0 2 1 3 0 3 2 2
3 2 2 2 2 2 3 2 0 2 3 2 1 3 0 3
3 2 3 0 1 0 3 3 3 3 1 1 0 0 0 3
0 0 3 0 0 0 1 0 3 0 2 0 0 0 1 0
3 1 0 1 2 0 1 2 3 1 1 1 3 1 1 0
0 3 1 1 1 1 0 3 1 1 3 1 1 1 0 1
46 31 46 46 37 31 37 46 26 46 25 29 2 27 26 26
26 37 37 37 26 15 41 58 41 58 58 58 58 38 36 41
41 41 45 32 36 44 57 36 36 18 13 2 38 44 44 57
38 13 36 13 38 22 38 32 13 13 45 45 22 61 45 45
32 27 2 44 51 2 18 49 49 32 32 61 2 18 57 22
57 18 57 22 44 61 47 18 20 23 39 51 47 22 51 17
61 61 12 40 51 35 33 17 62 51 40 25 19 40 53 55
55 35 35 49 49 49 12 53 40 47 55 63 40 62 23 55
47 17 50 47 19 62 20 33 62 19 25 35 20 62 35 39
17 28 28 28 28 55 27 28 34 14 21 17 42 23 21 20
14 14 30 14 27 39 14 30 25 33 63 30 27 30 33 19
53 33 42 42 52 19 23 20 60 42 53 52 63 53 25 56
21 42 23 60 63 34 21 24 24 21 29 63 34 34 12 39
60 60 39 3 34 60 48 12 30 3 52 3 3 12 48 3
56 16 50 15 52 50 31 52 24 48 15 15 24 16 31 50
50 24 54 31 16 29 59 56 15 48 56 48 16 16 43 29
