1 1 1 1 1 0 0 3 0 1 0 0 1 1 3 1
3 3 1 3 0 3 0 3 3 3 3 3 2 3 3 3
3 3 0 0 2 0 2 2 0 3 3 3 2 0 3 0
3 3 3 3 3 0 1 0 0 3 1 3 0 2 2 3
3 3 1 2 1 2 2 3 2 2 2 3 2 2 1 2
2 2 2 1 2 2 3 3 1 0 2 1 0 3 3 2
2 2 3 1 2 0 3 3 3 0 1 1 3 2 1 0
1 2 3 2 0 3 3 0 2 1 2 1 2 2 2 3
3 0 2 0 2 2 2 2 0 1 2 2 0 3 1 2
2 1 0 1 1 3 1 3 1 1 1 1 0 1 2 1
0 0 1 2 1 3 1 0 0 1 0 0 3 1 1 0
1 1 0 1 0 1 0 0 0 0 0 1 2 1 0 0
2 0 3 1 0 3 1 1 0 1 1 0 1 2 0 2
3 0 1 3 1 2 1 2 1 2 2 2 2 0 0 0
1 2 1 0 2 0 2 2 2 0 2 0 2 0 3 0
0 0 0 0 0 0 3 0 1 0 3 3 3 2 3 0
31 31 31 31 31 25 25 40 25 29 25 25 29 29 40 29
40 40 29 40 59 56 57 62 62 62 56 62 33 56 56 62
53 56 59 12 33 12 33 33 59 37 53 37 33 12 37 12
14 37 24 14 53 12 15 59 59 37 15 14 43 35 35 53
14 14 15 51 15 35 42 24 52 52 52 24 52 19 15 52
19 19 19 45 42 19 24 53 22 3 35 13 57 23 23 42
42 35 23 45 42 43 55 24 55 57 45 45 46 2 22 57
45 51 23 2 57 23 46 43 17 61 17 38 17 2 26 46
55 41 26 41 2 17 51 2 43 13 51 17 3 46 22 51
26 22 43 22 13 46 13 55 38 48 13 61 3 61 26 61
27 60 61 26 38 55 38 28 60 48 3 3 21 38 48 28
48 48 60 63 27 47 28 60 44 60 28 47 49 63 27 44
36 27 21 32 28 21 63 47 44 47 63 27 63 20 18 49
21 18 47 21 54 49 54 36 54 20 36 36 49 50 18 41
54 36 54 41 58 34 58 49 58 34 58 44 58 18 39 41
18 50 34 34 34 50 39 50 32 50 39 39 39 20 30 44
