0 0 0 0 3 1 2 2 1 0 1 1 1 1 3 0
0 3 2 0 0 0 3 3 3 2 2 2 3 3 0 0
3 0 0 0 2 0 0 2 0 0 0 2 2 2 2 2
0 1 0 0 2 1 2 0 0 1 0 2 0 2 1 1
1 0 1 1 1 0 0 1 0 1 0 0 1 0 1 3
0 1 3 1 0 1 3 3 1 2 2 2 2 3 1 2
2 1 3 1 1 3 3 1 1 3 3 3 2 3 2 2
3 2 3 3 3 2 0 3 3 3 2 0 2 2 2 3
3 1 1 3 1 1 3 1 2 3 3 3 3 2 1 2
2 0 0 0 0 0 2 3 2 0 0 2 2 1 2 1
0 0 2 0 3 3 3 2 2 2 3 3 3 3 1 1
1 2 1 1 1 1 1 1 3 1 1 1 3 0 0 1
0 0 0 3 0 1 1 1 1 0 3 1 1 3 0 1
1 1 1 1 1 1 2 1 1 0 2 2 3 3 3 3
2 2 2 3 2 0 2 0 0 0 0 1 0 0 0 3
1 3 1 2 1 1 0 2 0 0 3 2 2 2 2 3
12 12 12 12 23 13 20 20 48 3 48 48 48 48 46 3
57 56 17 3 3 3 56 56 56 20 20 20 56 46 12 50
46 50 57 57 19 57 57 51 50 60 60 17 51 17 51 2
34 32 34 34 33 32 33 60 60 32 60 17 50 17 13 13
32 28 13 13 16 50 28 31 28 63 28 41 31 28 29 46
41 29 37 29 59 16 53 37 32 33 26 26 26 46 16 26
26 31 39 16 16 21 30 31 31 30 21 37 49 30 35 33
21 33 55 30 21 42 41 21 37 37 42 18 42 35 42 53
53 38 38 40 45 15 14 45 36 24 14 24 14 35 45 49
35 44 44 44 44 44 35 30 52 25 25 51 51 45 52 45
25 25 49 25 53 23 24 52 52 49 40 24 24 40 15 15
15 49 29 47 47 47 47 47 53 15 38 38 23 41 41 61
27 27 27 23 27 29 61 61 61 27 23 61 38 39 18 22
22 22 22 22 63 63 42 63 63 43 19 2 39 14 14 40
19 19 19 40 52 18 58 18 18 59 43 54 43 43 43 39
54 39 54 58 54 54 59 2 59 59 62 58 58 58 2 62
