3 0 2 1 1 1 1 1 0 0 0 0 0 1 1 1
3 2 1 1 3 2 0 0 0 1 0 1 2 3 3 2
1 1 0 3 2 3 3 3 0 3 0 0 0 2 0 0
1 0 0 0 2 2 1 1 1 1 1 0 3 2 3 1
2 1 1 2 3 3 3 2 0 1 1 1 1 1 2 2
2 0 1 1 1 3 1 1 1 1 3 1 2 3 3 2
2 2 2 2 3 2 0 0 0 0 3 3 2 2 2 2
2 0 0 0 1 1 1 1 1 1 2 1 3 2 2 2
2 0 0 3 2 3 2 0 3 0 0 1 2 0 0 0
0 0 0 0 1 0 3 1 3 3 3 1 0 3 0 3
0 0 0 1 0 3 0 3 3 0 3 0 0 1 1 1
1 1 1 1 1 0 3 1 0 3 3 2 3 3 3 3
2 3 2 2 2 2 2 1 1 1 2 2 2 0 3 1
1 3 2 2 3 3 1 1 3 1 1 1 0 0 2 2
0 0 3 3 2 3 3 2 3 2 3 2 3 0 0 0
3 3 3 3 3 3 3 3 3 2 2 2 0 2 2 0
56 60 20 16 16 16 16 16 44 44 44 44 44 48 48 48
56 20 48 48 56 20 60 60 60 54 43 22 2 30 30 2
22 47 57 14 19 56 55 56 28 21 27 28 28 42 28 28
32 43 43 43 20 20 13 54 54 54 54 18 46 35 24 31
35 31 22 51 46 46 46 51 60 31 13 15 61 22 51 51
51 12 31 47 47 62 15 15 15 15 55 31 35 39 39 42
2 2 42 42 30 33 27 27 27 27 30 30 52 52 52 52
52 41 41 41 32 29 29 29 29 29 42 22 14 33 33 33
2 59 25 39 33 37 35 12 21 18 18 32 35 25 25 25
25 59 59 59 32 59 21 32 21 21 14 47 12 14 12 14
18 18 12 47 3 37 3 37 37 3 37 3 57 63 63 63
63 63 61 61 61 43 23 61 3 23 24 19 24 23 23 23
17 55 26 17 17 17 19 13 13 13 19 19 17 57 24 38
38 40 49 49 62 62 45 45 46 38 38 38 34 34 36 36
34 34 55 55 49 39 39 36 24 49 40 49 40 41 41 57
40 62 62 40 53 53 53 53 53 26 26 26 50 26 58 57
