3 3 3 3 3 0 2 2 2 2 0 0 0 2 0 0
0 0 0 0 2 2 2 1 2 2 1 3 3 0 0 0
0 0 1 0 0 0 0 0 0 0 0 1 3 3 0 2
2 2 2 2 3 2 3 1 3 3 3 3 3 3 3 3
3 2 3 1 2 2 2 2 2 3 2 2 1 1 1 1
1 1 1 1 1 1 3 3 1 1 1 2 2 2 1 0
0 2 0 1 1 1 3 1 1 1 0 1 1 3 3 3
3 3 1 1 3 3 1 3 0 0 0 0 0 3 1 1
3 1 3 0 1 1 1 1 2 2 3 3 3 3 3 2
2 2 2 2 2 3 0 2 0 0 0 0 3 3 1 2
1 1 1 0 0 0 0 1 1 0 2 2 2 0 0 0
0 0 0 0 0 3 3 0 1 1 1 1 0 3 3 3
1 1 1 1 1 0 3 0 3 3 0 3 3 2 2 2
1 3 3 3 3 3 2 2 2 2 2 3 3 3 0 0
1 1 1 1 1 1 1 1 1 2 2 2 2 0 0 3
2 1 1 1 2 0 2 3 3 0 0 0 1 1 1 2
24 24 24 24 24 60 52 52 52 52 50 60 60 52 50 50
50 50 60 60 42 42 42 45 42 42 45 37 37 43 43 43
43 43 13 41 41 41 41 41 25 25 27 47 23 55 18 58
58 36 36 20 56 36 56 45 21 56 56 56 21 46 14 23
46 19 21 16 17 17 17 17 17 21 33 19 22 22 22 22
22 54 54 54 15 15 53 53 16 31 31 19 20 20 63 59
28 19 28 15 15 15 21 16 16 16 18 47 47 39 39 55
55 55 54 54 53 53 45 62 44 44 44 44 44 46 47 45
46 47 46 34 63 63 63 63 36 36 37 37 37 55 14 51
19 51 51 51 51 53 59 49 27 27 27 27 39 39 61 49
32 13 13 25 25 25 12 13 13 18 58 58 58 3 3 3
3 3 28 28 28 62 62 59 32 32 32 32 59 40 40 40
29 29 29 29 29 59 23 12 62 62 12 40 39 49 49 49
48 30 30 30 30 14 2 2 2 2 2 14 14 40 12 12
38 38 38 38 38 61 61 61 61 26 26 26 33 57 18 30
26 48 48 48 33 57 26 23 23 57 57 57 31 31 48 35
