2 1 1 1 1 2 2 3 2 2 0 3 3 3 3 0
2 2 0 0 2 2 2 1 2 0 1 2 2 2 2 3
3 2 0 0 1 1 1 1 1 2 2 0 3 2 2 3
3 0 3 3 0 0 3 2 0 3 3 3 3 3 3 3
3 3 0 3 2 3 1 2 0 2 3 1 1 3 0 0
0 2 2 2 0 1 1 3 1 1 1 1 3 1 3 3
2 1 1 1 1 0 1 1 1 1 1 1 1 0 0 0
0 1 0 1 1 0 2 2 2 1 2 1 0 1 0 0
2 0 0 2 2 2 1 1 2 2 2 2 2 2 3 2
2 2 3 0 0 0 0 0 2 3 0 0 2 2 0 0
0 2 0 0 2 3 3 0 0 2 2 2 0 2 0 2
2 2 0 3 2 2 2 2 2 0 0 3 0 3 3 0
3 1 1 1 1 3 1 0 1 1 1 1 1 1 1 3
0 2 2 0 2 0 0 0 3 0 3 3 1 3 3 1
3 3 1 1 1 1 1 3 1 3 3 3 3 3 0 0
0 0 0 1 0 0 0 1 3 1 1 1 0 3 0 0
33 32 32 32 32 26 26 23 17 17 25 24 40 24 24 50
58 26 50 50 17 26 17 13 26 25 32 33 33 33 33 24
24 17 50 34 48 13 13 13 13 58 58 50 40 58 58 37
37 25 37 23 25 25 23 20 34 40 37 37 21 21 21 21
21 56 57 56 52 56 31 2 57 49 56 15 15 56 57 57
57 49 49 49 28 16 16 40 48 48 48 48 40 16 23 23
49 22 15 15 15 3 63 22 63 63 63 63 22 28 28 28
28 22 12 22 31 12 2 2 2 31 2 31 12 31 12 12
52 18 18 52 52 52 16 16 20 20 51 20 20 51 14 51
51 51 14 3 3 3 3 18 35 14 18 18 35 35 41 41
41 35 41 41 35 14 14 59 59 19 36 42 60 42 60 42
19 19 60 62 36 42 42 19 19 27 27 62 27 62 62 27
53 38 54 54 29 62 29 59 38 29 29 38 54 61 29 30
27 36 36 59 36 60 60 43 53 59 30 30 38 30 53 61
55 30 38 54 54 61 61 53 61 53 55 55 55 55 34 44
44 34 44 45 43 44 44 45 39 45 45 45 43 39 43 43
