0 2 2 2 0 1 1 1 1 0 0 0 3 1 0 0
2 0 0 0 0 0 1 2 2 2 1 1 3 0 0 2
2 1 3 3 3 3 3 0 0 1 1 2 0 0 1 1
0 1 2 2 0 2 1 1 2 2 0 2 1 1 3 1
3 1 1 3 3 0 3 3 3 3 1 1 2 1 0 2
2 0 2 0 3 0 3 3 3 3 3 2 2 3 3 0
2 0 3 0 3 0 2 2 0 1 1 3 2 1 3 3
3 2 1 3 3 3 3 0 3 0 0 0 1 2 3 2
2 2 3 0 3 3 3 1 1 1 2 2 2 1 1 3
1 3 3 0 2 0 0 1 1 1 2 2 1 0 2 2
2 2 3 1 2 1 1 3 0 1 0 3 1 0 0 0
0 3 2 2 2 2 3 2 1 3 3 2 1 3 2 2
2 1 0 0 3 0 2 1 1 3 1 0 0 1 1 0
0 0 0 0 0 1 1 1 1 1 2 0 1 1 2 2
2 1 1 1 1 1 1 0 1 3 0 1 3 1 2 3
0 2 3 1 2 1 3 0 3 0 3 3 3 3 2 3
60 20 52 20 44 16 16 16 16 44 12 60 24 16 60 44
36 44 44 28 60 60 48 20 36 52 32 48 24 28 28 52
52 32 24 56 56 24 24 28 12 32 32 20 12 12 32 29
25 13 33 20 12 52 48 48 36 36 28 36 13 13 21 13
56 29 29 56 56 18 21 40 40 40 48 63 49 29 59 49
49 59 49 57 62 57 62 62 62 62 23 2 2 23 21 25
17 18 14 41 21 18 33 33 25 29 13 21 49 45 37 37
37 17 22 53 53 53 53 41 53 41 25 25 31 51 37 2
2 2 37 18 30 30 14 63 63 38 17 33 33 38 38 14
61 14 14 18 17 59 59 31 31 31 17 35 31 43 58 35
35 51 39 15 35 38 38 30 41 15 41 30 15 27 43 27
27 39 19 42 42 42 30 26 63 23 23 58 22 40 58 58
58 22 43 43 40 43 19 47 22 23 22 3 3 54 15 50
3 50 50 50 50 54 45 45 45 15 19 57 45 54 42 26
42 54 47 54 47 61 61 59 61 39 57 47 39 63 35 39
34 51 55 61 26 47 55 27 46 57 46 55 55 55 51 46
