2 2 0 3 3 3 3 1 2 1 1 1 3 2 0 3
0 3 0 3 2 1 0 3 1 0 1 2 2 1 0 0
3 3 1 3 2 1 0 3 1 1 3 3 2 3 3 3
3 3 2 2 1 1 0 3 2 0 2 3 1 1 1 2
2 1 2 0 0 0 0 1 1 2 0 0 3 1 1 3
2 3 3 1 1 1 2 1 0 1 3 2 0 0 3 3
2 3 2 3 0 0 0 1 1 1 1 1 3 1 3 3
2 2 1 0 0 3 2 0 2 0 3 1 2 1 0 0
1 0 0 0 3 1 2 0 0 1 0 2 1 3 1 0
3 0 1 2 1 1 0 1 2 0 0 0 0 1 0 1
2 1 2 2 1 1 2 3 2 1 3 2 3 3 2 0
2 2 2 2 2 2 2 1 1 0 0 2 1 1 0 2
2 1 0 1 3 1 3 2 0 3 2 0 0 1 1 3
3 1 0 2 1 3 3 2 3 1 1 0 3 0 1 0
3 1 3 2 0 2 1 0 2 1 0 1 0 3 0 0
2 0 3 0 2 3 2 2 3 1 0 2 2 3 2 3
51 20 27 56 39 37 53 29 51 31 13 38 24 33 12 30
3 23 28 37 42 22 28 39 15 34 45 51 58 31 12 44
23 56 29 53 51 29 59 24 29 15 46 14 26 62 55 24
24 24 33 17 38 13 18 37 42 50 42 23 61 61 61 52
58 29 42 57 44 44 3 63 22 42 3 50 14 31 31 14
58 14 21 47 15 31 58 16 50 13 14 58 25 25 55 23
19 23 20 39 60 59 60 48 48 48 47 45 46 45 56 30
35 26 38 18 34 37 35 27 36 27 55 13 19 61 34 3
16 12 57 34 53 15 51 25 28 38 12 36 32 37 38 12
21 34 16 36 13 22 27 22 17 25 25 3 50 15 50 45
36 63 26 26 45 22 49 30 17 54 55 26 55 21 33 27
52 52 52 52 33 33 36 48 63 44 41 17 54 16 18 19
19 47 43 48 46 47 62 35 28 39 17 18 57 16 47 46
46 63 43 19 63 56 21 20 53 32 54 57 21 28 32 18
62 54 53 35 43 20 61 43 35 54 43 32 59 56 44 59
49 57 62 59 2 62 2 2 39 32 41 20 2 30 2 30
