0 2 1 3 0 0 1 1 0 2 1 2 0 1 3 1
1 3 0 1 0 0 0 1 1 3 1 1 2 3 0 1
3 2 0 3 1 3 0 0 2 0 2 3 1 0 1 3
0 1 0 2 0 2 2 1 3 2 1 0 3 3 0 2
3 2 2 3 1 3 3 1 1 3 1 1 1 1 1 2
0 1 3 2 0 1 3 3 0 2 2 3 2 0 3 1
2 3 3 3 3 1 1 0 0 0 1 1 0 2 3 3
3 1 0 2 3 0 3 1 2 1 3 0 3 2 0 1
3 2 1 0 1 1 0 3 2 2 3 2 0 1 0 3
2 2 2 2 3 1 0 1 3 3 2 1 2 0 1 2
0 0 0 3 2 1 2 1 0 1 3 0 0 1 1 3
3 1 3 0 0 2 2 0 2 1 3 3 2 2 3 1
0 0 0 3 0 2 2 3 2 3 2 0 3 0 3 1
2 1 2 2 0 0 1 0 2 1 1 2 1 0 0 2
2 1 2 1 2 2 0 0 3 3 0 0 0 3 2 1
0 3 2 1 2 2 3 0 2 3 1 1 1 1 1 1
28 36 22 21 12 50 63 31 50 26 45 2 60 61 53 48
15 53 44 29 3 60 60 45 16 24 32 45 33 53 34 54
53 42 44 40 29 39 18 28 17 44 52 24 16 34 38 40
25 47 18 52 12 52 26 54 39 51 29 59 37 40 43 58
24 58 20 24 16 24 56 38 31 40 38 38 13 29 38 19
41 15 56 33 27 32 23 56 50 19 33 30 33 25 62 22
52 62 62 62 30 54 15 34 57 28 54 29 59 36 14 37
23 15 12 52 30 44 62 54 17 15 55 60 14 58 25 48
21 35 61 27 32 63 28 40 49 19 30 36 34 16 44 56
17 33 42 35 56 47 27 16 23 21 42 13 36 34 13 19
57 50 12 23 35 22 49 48 3 47 39 50 57 47 22 30
23 22 37 18 28 51 36 57 35 48 39 14 19 49 39 48
57 27 43 37 27 35 17 53 51 21 49 59 21 12 37 47
2 63 51 2 59 59 32 3 2 32 63 49 45 25 25 51
42 63 17 45 58 2 43 60 55 14 43 3 3 14 26 13
43 55 58 31 26 42 55 41 26 55 31 31 61 61 61 13
