1 1 0 1 0 0 0 0 0 1 0 0 1 0 0 1
0 1 1 1 0 0 1 0 0 0 1 0 0 1 1 0
0 1 1 1 1 0 0 0 1 0 0 1 0 1 0 1
1 0 0 1 1 1 1 0 0 0 1 1 1 1 1 1
0 0 1 1 1 1 1 0 0 1 1 1 0 0 1 1
0 1 1 0 0 1 1 1 0 0 1 1 1 0 0 1
1 1 1 1 1 1 1 1 0 1 0 1 0 0 1 1
1 1 1 0 1 0 1 1 1 0 1 1 1 0 0 1
1 0 0 1 0 0 1 1 1 1 0 1 1 0 1 1
1 1 1 1 1 1 0 0 0 0 1 1 0 0 0 0
0 0 1 0 0 1 0 0 0 1 1 0 0 0 1 0
0 1 0 0 1 1 0 1 0 0 0 0 0 1 1 1
0 0 0 0 0 0 0 0 1 0 0 0 0 1 1 0
1 0 0 1 1 0 0 1 1 1 0 1 0 1 0 1
1 1 0 1 0 1 1 0 0 1 0 0 1 1 1 0
0 1 0 1 1 0 1 1 0 0 0 0 0 1 0 0
30 28 31 53 44 44 40 31 46 37 31 31 26 25 25 37
25 35 59 37 46 46 37 46 46 58 37 58 58 26 26 58
58 41 45 41 41 38 38 38 41 44 38 22 38 49 13 18
41 13 36 26 18 22 26 13 13 13 45 45 22 61 45 45
36 36 51 22 51 47 8 9 9 6 28 61 44 44 22 47
36 18 57 9 40 6 6 18 9 40 57 51 47 9 36 18
57 61 57 57 51 61 6 61 62 6 40 20 19 40 53 51
55 35 8 17 39 25 10 53 12 21 35 8 49 62 23 53
47 17 50 47 19 62 10 8 10 20 25 35 20 62 35 49
49 20 28 49 39 55 27 48 23 5 55 10 42 23 21 62
27 27 8 29 27 39 21 42 19 63 20 17 11 19 28 7
19 10 7 42 39 55 23 55 60 7 7 48 27 28 12 39
21 17 60 23 42 42 21 11 63 48 11 7 60 63 12 17
14 60 11 63 24 60 48 14 63 24 52 53 11 12 48 24
24 24 50 14 52 14 14 52 3 4 15 15 4 16 30 50
50 12 5 30 16 50 59 30 15 56 5 5 3 16 52 5
