0 0 0 1 0 0 0 0 0 0 1 0 0 0 0 0
1 0 0 0 0 0 0 0 1 0 0 1 0 0 1 0
1 0 0 0 0 1 0 0 1 0 1 1 0 0 0 0
0 0 0 0 0 0 1 0 0 0 0 1 1 0 0 0
1 1 1 1 0 1 0 0 0 0 0 1 0 1 0 0
1 0 0 0 1 0 1 1 1 0 1 1 1 1 1 0
0 1 0 0 1 1 1 1 1 1 1 1 1 1 0 1
1 0 1 1 1 1 0 0 1 1 0 1 0 1 0 1
0 1 1 1 0 1 1 1 0 0 0 0 0 1 0 1
1 1 0 1 1 0 1 1 0 1 1 1 0 1 1 0
1 1 1 1 1 1 0 1 1 1 1 0 1 0 0 1
1 1 0 0 1 0 1 1 0 0 1 1 0 1 1 0
0 1 1 1 1 1 0 0 0 1 1 1 1 0 1 0
0 0 1 1 1 0 0 0 1 1 1 1 1 0 1 0
1 1 1 0 0 1 1 0 1 1 1 0 1 0 1 1
0 0 1 1 0 0 0 0 0 0 0 0 1 0 0 0
17 17 31 8 17 31 17 17 31 31 8 31 23 40 13 58
8 29 48 40 52 48 48 48 8 13 48 8 40 23 10 23
10 58 36 40 13 10 23 23 10 36 4 10 13 58 58 36
13 40 62 52 7 62 4 36 62 29 36 26 4 62 58 62
26 4 26 26 7 4 52 52 29 52 29 12 29 47 3 3
26 56 7 7 16 27 47 16 47 7 63 16 47 63 16 3
56 63 56 3 35 63 12 53 63 41 12 12 12 41 3 47
53 56 41 41 41 16 19 56 37 35 27 37 21 35 27 37
27 28 35 35 27 53 24 53 50 21 19 21 21 53 21 37
37 28 19 28 14 9 28 28 19 14 24 14 19 14 14 46
20 22 59 24 20 24 46 20 22 24 59 50 59 50 46 20
22 59 50 50 59 46 22 22 46 38 20 61 60 61 49 9
38 61 61 61 57 49 38 9 42 55 57 49 39 38 57 38
42 9 57 57 6 9 42 60 6 55 49 49 55 5 43 60
55 39 6 60 42 39 43 60 6 6 55 42 39 25 43 39
5 5 43 43 5 5 11 11 25 11 25 11 51 11 25 25
