1 1 1 1 0 0 1 0 0 0 0 0 0 0 0 0
1 0 1 1 1 1 1 0 0 1 1 1 0 0 0 1
1 1 0 0 1 0 0 1 1 1 1 1 0 1 0 0
1 1 1 1 1 1 0 0 1 0 1 1 1 1 1 1
1 0 1 1 1 1 1 1 1 1 1 1 1 0 1 0
1 0 0 1 0 0 0 1 1 1 1 0 1 1 1 1
0 0 1 1 1 0 0 1 1 0 0 0 1 1 0 0
1 1 1 1 1 0 0 1 1 1 0 1 0 0 0 0
0 1 1 1 1 1 0 0 0 1 0 0 0 0 0 0
0 0 0 0 0 0 0 0 0 0 0 0 1 0 1 1
0 0 1 1 0 0 1 1 1 0 1 1 1 1 1 1
1 0 0 0 1 0 0 0 0 0 1 1 1 1 1 1
1 1 1 1 0 1 0 0 0 1 1 1 0 1 0 0
1 1 1 1 0 1 1 0 0 0 0 1 1 0 0 0
0 0 1 0 0 0 1 1 1 0 1 1 1 0 0 0
0 0 1 0 0 0 0 0 0 1 0 1 0 1 1 0
51 47 37 37 38 42 37 42 42 42 17 17 17 17 11 17
26 11 47 26 26 26 24 42 11 39 8 53 23 13 23 10
8 24 23 44 53 13 23 47 53 53 47 47 7 26 13 23
30 10 12 12 57 53 38 13 12 13 12 16 16 16 12 16
16 38 37 37 35 35 35 35 35 30 30 30 30 38 24 3
24 56 3 24 38 21 56 39 22 61 49 56 61 61 49 61
56 56 61 49 49 21 21 57 6 7 7 7 49 39 21 21
55 55 55 39 39 44 44 57 63 63 5 4 5 5 5 5
29 63 22 63 57 63 29 44 15 57 15 15 15 15 27 50
29 44 48 29 29 3 3 3 11 48 11 27 14 27 8 41
9 48 4 6 27 27 8 41 51 25 18 41 28 28 28 28
28 31 31 25 14 60 60 60 60 60 41 41 20 22 22 22
18 18 18 18 25 59 31 31 31 20 20 6 7 8 25 25
55 20 20 6 36 55 6 36 52 52 19 59 4 19 9 19
19 48 14 48 9 58 43 43 14 9 43 43 43 9 58 62
58 62 14 58 58 62 50 50 50 51 52 59 50 4 4 52
