1 1 1 1 1 0 1 0 0 0 0 0 1 0 0 1
1 1 1 1 1 1 0 1 0 0 0 0 0 0 1 0
0 1 1 0 1 1 1 1 0 0 0 0 0 0 0 0
0 0 0 0 0 0 0 1 0 0 0 0 0 1 1 1
1 1 0 0 0 0 0 0 1 1 1 0 0 1 1 0
0 0 0 0 1 1 1 1 1 1 0 0 1 1 1 1
1 1 1 0 0 0 1 1 0 0 0 1 0 0 1 0
0 0 0 0 0 0 0 0 0 0 1 1 1 1 1 1
1 1 1 1 1 1 1 1 0 0 0 0 1 1 1 1
1 0 1 1 1 0 0 0 0 1 1 1 1 1 1 0
0 0 1 1 1 0 0 1 1 1 1 1 0 0 0 0
0 0 0 1 1 0 0 0 0 0 1 1 1 1 1 0
0 0 1 1 1 1 0 0 0 0 0 0 0 1 1 1
1 1 0 0 0 0 0 1 1 1 1 1 0 0 0 0
0 0 1 1 1 1 0 0 0 0 0 1 1 1 1 1
0 0 0 1 1 1 1 1 0 0 0 0 0 1 1 1
59 59 59 59 59 27 18 52 52 52 52 52 18 21 23 22
28 4 4 4 4 4 36 22 7 21 21 27 27 27 8 23
23 22 22 27 55 55 55 55 29 29 60 60 60 60 60 56
56 56 56 56 11 11 11 22 11 11 9 9 9 14 10 10
10 10 36 36 36 36 31 31 53 53 10 9 9 14 20 46
5 46 46 46 12 12 47 53 53 53 40 40 47 12 47 28
28 47 47 7 7 23 16 12 54 54 31 30 31 15 12 23
25 25 25 25 25 3 3 3 3 3 8 8 8 8 57 57
57 57 57 24 24 24 24 24 15 15 15 15 37 37 37 37
37 46 43 43 43 19 19 19 5 43 43 16 16 16 16 5
5 5 18 18 18 7 7 35 35 35 35 35 13 13 13 13
13 19 19 55 51 58 58 58 58 58 63 63 63 63 63 40
40 40 30 30 30 30 38 38 38 38 38 21 21 39 39 39
39 39 48 48 48 48 48 49 49 49 49 49 42 42 42 42
42 31 20 20 20 20 50 50 50 50 50 61 61 61 61 61
29 29 29 41 41 41 41 41 44 44 44 44 44 26 26 26
