0 0 0 0 0 0 0 0 0 0 0 0 0 0 0 0
0 0 0 0 0 0 0 1 1 1 1 1 0 1 1 1
1 1 1 1 0 1 0 1 1 1 1 1 1 1 1 1
1 1 1 1 0 0 0 0 0 0 0 0 0 1 1 1
0 0 1 1 1 0 0 0 1 1 0 0 1 1 1 0
0 1 1 1 1 1 1 1 1 1 0 0 1 1 0 1
1 1 1 0 0 0 1 1 1 0 0 0 0 0 0 0
0 0 0 0 1 1 0 0 0 1 1 0 1 1 0 0
1 1 1 0 0 0 0 0 0 1 0 1 1 1 0 0
1 0 0 1 1 1 0 0 0 0 0 0 1 1 1 1
1 1 1 1 0 1 1 1 1 0 0 0 0 0 1 1
1 1 1 1 1 1 1 1 1 1 0 0 0 0 0 1
1 1 0 0 0 0 0 0 0 1 1 1 1 0 1 1
1 1 1 0 0 0 0 0 0 0 1 0 0 0 0 1
1 0 1 1 0 0 0 1 1 1 1 0 0 0 0 0
0 0 0 0 1 1 0 1 1 1 0 1 0 0 0 1
27 7 7 27 7 27 7 27 27 15 21 21 21 21 21 15
15 15 15 46 46 46 29 57 24 24 39 59 7 59 59 59
59 43 30 4 58 57 29 45 45 45 45 45 43 43 43 43
30 30 30 30 23 31 31 31 31 31 3 3 3 63 63 63
38 38 26 26 26 38 38 38 63 63 19 19 35 35 22 3
3 51 51 51 51 51 22 22 22 22 46 46 14 14 62 18
18 18 18 54 54 54 14 14 14 42 42 42 42 62 62 44
44 44 44 44 47 47 62 54 60 39 39 62 39 39 56 56
37 37 37 40 25 25 25 25 25 26 52 10 10 10 17 5
10 17 17 10 16 61 17 17 5 29 29 29 26 49 61 61
61 61 12 12 42 12 12 12 4 36 36 36 36 36 37 37
49 49 49 49 24 24 24 20 20 55 60 5 5 5 56 16
16 16 58 58 58 58 40 40 40 47 47 47 57 40 16 4
57 4 4 11 11 52 9 9 48 48 6 50 50 50 50 6
6 50 53 18 52 52 52 53 53 6 6 9 48 48 48 9
9 60 13 11 57 53 11 20 20 20 60 53 13 60 11 55
