0 0 1 0 1 1 0 1 1 1 0 0 0 1 0 1
1 0 0 0 0 1 0 0 1 1 1 0 0 1 0 0
1 0 0 0 0 0 0 0 0 0 0 1 0 1 0 1
1 0 1 0 1 0 0 0 0 1 0 0 1 0 1 0
1 0 1 0 0 0 1 1 1 0 0 0 0 0 0 0
0 0 0 1 1 1 1 1 0 0 1 1 1 1 1 0
1 0 0 0 0 0 0 1 1 1 1 0 1 1 0 0
0 0 0 1 1 0 1 1 1 1 0 0 0 0 0 0
0 0 0 1 0 0 0 1 1 1 1 0 0 0 1 1
1 1 1 1 1 1 0 1 1 1 0 1 1 0 1 0
1 1 1 0 1 1 1 0 0 0 1 0 0 0 0 1
1 0 0 1 1 0 1 1 1 1 1 0 1 0 0 0
1 0 0 1 0 0 1 1 0 1 0 0 0 0 0 1
0 1 0 1 1 1 1 1 1 1 0 0 1 1 1 0
1 1 1 1 0 0 0 0 0 0 1 0 0 1 1 1
1 1 1 1 1 1 1 0 0 0 0 0 0 0 0 0
58 13 49 13 4 8 17 57 28 6 13 23 23 26 25 24
24 23 25 23 23 26 13 11 24 59 59 5 5 24 15 42
30 5 31 31 31 50 58 62 50 58 58 63 58 63 9 63
20 9 35 17 63 60 25 17 17 20 17 50 20 21 41 13
6 48 24 48 60 60 20 57 63 40 56 56 50 50 56 56
15 56 40 4 4 6 4 4 25 5 26 26 26 59 28 40
28 40 40 62 5 31 11 22 22 51 22 11 6 6 15 11
11 25 7 37 37 15 37 37 37 57 7 3 3 3 31 15
3 3 21 8 21 21 21 28 49 22 22 9 7 7 49 49
49 8 8 8 28 12 52 12 18 12 9 12 18 9 57 7
18 18 35 48 57 18 12 52 48 48 35 52 52 52 60 35
35 62 62 14 59 62 14 14 14 14 59 38 51 19 19 19
16 19 42 16 44 19 51 51 42 51 38 27 27 27 27 20
27 30 36 10 16 16 16 30 10 30 38 29 53 53 61 46
53 53 53 10 36 36 38 29 29 38 41 29 29 61 61 41
41 61 61 41 30 10 10 42 42 36 36 54 54 54 54 54
