1 0 0 0 1 0 0 1 1 1 1 1 1 0 1 0
1 1 1 1 0 0 1 1 0 1 1 0 1 1 1 1
1 0 1 0 1 1 0 0 0 0 0 0 0 0 0 1
1 1 1 0 1 0 0 1 0 1 0 1 1 1 0 0
1 0 0 0 0 1 0 0 1 0 1 0 1 0 0 1
0 1 0 0 0 0 0 0 0 0 1 1 1 0 1 1
1 0 1 0 0 1 0 1 1 1 0 1 1 0 1 1
1 0 0 0 0 1 0 0 1 0 1 0 1 0 1 1
0 1 1 0 1 0 1 1 0 1 1 1 1 0 0 1
0 0 1 1 1 1 1 0 1 1 1 0 1 0 1 0
1 1 1 1 1 1 1 1 1 0 0 1 1 1 1 0
0 0 0 1 0 1 1 0 1 1 0 0 0 1 1 0
0 1 1 0 0 0 1 1 0 0 0 1 0 0 0 0
1 0 1 0 1 0 0 0 0 1 1 1 1 1 0 1
1 0 0 1 0 0 0 0 1 0 1 0 0 1 0 1
1 1 0 0 0 0 0 0 1 0 1 0 1 1 1 1
37 27 58 31 59 27 27 35 59 16 28 39 14 7 45 58
30 45 8 8 13 58 14 20 52 37 30 40 24 41 8 61
47 7 18 38 57 63 11 27 17 15 17 38 56 56 50 28
35 45 45 17 28 9 15 30 11 24 58 57 35 6 21 56
63 52 48 62 11 63 62 62 55 42 61 60 22 29 54 16
27 59 60 62 25 62 58 52 40 13 6 22 18 25 47 59
18 54 18 54 50 61 46 28 26 28 13 26 49 38 6 20
4 7 9 9 13 26 56 9 16 56 55 54 63 23 20 18
21 43 43 44 24 13 6 61 46 61 6 59 20 44 29 10
21 21 14 4 4 4 53 23 41 16 16 60 37 44 24 19
12 24 12 49 4 20 49 8 47 7 7 26 12 12 8 38
36 36 38 37 40 49 49 48 14 47 29 52 15 12 63 42
42 57 43 46 15 15 39 43 50 48 52 55 29 23 5 23
43 50 51 40 30 44 25 60 60 55 30 57 41 57 48 10
41 44 25 47 25 48 40 50 55 3 51 42 3 45 19 39
39 39 3 3 19 42 36 17 26 31 10 21 10 10 22 22
