1 0 0 0 1 0 0 1 1 1 1 1 1 1 0 1
1 1 1 1 0 1 1 0 1 1 1 1 0 0 1 0
1 0 0 0 0 0 0 1 0 1 1 1 1 1 0 0
0 0 0 1 1 0 1 1 1 1 0 0 0 1 0 1
1 1 1 1 0 1 0 0 1 0 1 1 1 0 1 1
1 0 1 1 0 0 0 1 1 1 0 1 1 0 1 0
1 1 1 0 0 0 0 1 1 0 0 1 0 0 0 0
0 1 0 1 1 1 0 1 0 0 0 1 1 0 0 1
1 1 1 0 1 1 1 1 0 1 1 1 1 0 1 0
1 1 0 1 0 0 0 1 0 0 1 0 0 1 0 1
1 0 0 0 1 1 0 0 0 1 0 1 0 1 1 0
1 0 0 1 1 0 1 1 1 0 0 0 0 0 0 0
1 1 1 0 0 0 1 1 1 1 1 0 0 0 1 1
1 1 0 1 0 0 1 0 0 1 1 1 0 0 0 1
1 1 1 1 1 0 1 0 0 0 1 0 1 0 0 0
0 0 0 0 0 1 1 0 0 1 1 1 0 0 0 0
37 27 58 31 59 27 27 35 59 16 28 39 14 45 58 30
41 61 24 8 3 10 30 50 37 35 63 51 52 13 8 54
53 7 44 60 56 38 50 6 48 55 20 45 41 45 60 17
36 11 11 14 61 42 18 55 18 55 13 38 44 45 21 24
63 63 63 63 62 24 23 62 22 44 41 41 22 29 16 14
18 42 20 47 58 58 54 43 14 14 38 39 39 56 47 13
37 37 18 27 29 56 25 59 59 38 52 55 60 38 13 21
46 4 44 16 6 55 19 6 3 3 46 4 4 58 40 4
4 41 57 40 20 26 47 43 56 28 30 45 51 27 6 50
18 30 7 30 13 21 60 6 62 7 26 60 31 49 62 49
57 48 62 15 35 43 42 7 42 57 5 24 40 8 22 21
16 19 15 16 59 3 51 57 43 50 54 52 42 52 46 19
20 22 26 48 40 52 22 61 51 28 20 29 21 15 12 47
26 24 46 37 3 54 12 48 40 8 57 51 44 46 48 49
39 47 49 49 12 15 8 19 19 5 26 17 12 54 50 5
56 31 7 15 17 53 53 29 36 43 10 12 23 9 31 11
