0 0 0 0 0 0 0 0 0 0 0 0 0 0 0 0
0 0 0 0 0 0 0 1 0 0 1 1 1 1 0 1
0 1 1 1 1 1 1 1 1 0 0 1 0 0 1 1
0 1 1 0 1 0 0 0 1 1 0 0 0 0 0 1
0 1 0 0 1 1 0 0 1 1 0 0 0 0 1 0
0 1 0 0 0 0 0 1 0 1 1 1 0 0 0 1
0 1 0 1 0 1 1 1 0 0 1 0 1 0 0 1
1 1 1 1 1 0 1 0 1 0 0 0 1 1 1 1
1 1 1 1 1 1 1 1 0 0 0 1 0 0 0 1
1 0 1 0 1 1 1 0 1 0 1 0 0 1 1 1
1 1 0 1 1 0 1 1 0 0 1 1 1 1 1 0
1 1 1 0 1 0 1 1 1 0 1 0 1 1 1 0
1 1 1 1 0 0 1 1 1 0 0 1 1 1 0 0
0 0 1 1 1 0 0 1 0 1 1 1 0 1 1 0
0 0 0 1 0 1 1 0 0 1 0 0 0 1 0 0
1 1 1 0 0 0 1 0 0 0 1 1 0 1 0 1
3 36 5 38 7 40 9 42 42 11 44 13 46 15 48 17
50 19 52 21 54 23 19 20 21 56 24 53 30 41 54 35
60 4 6 61 10 22 57 6 8 62 62 63 15 62 47 16
25 63 35 3 35 3 3 56 39 22 29 9 38 13 21 57
36 59 29 52 20 47 48 62 12 63 29 27 21 21 51 38
36 51 40 17 52 38 52 41 50 12 37 49 29 56 58 22
9 28 36 47 15 37 55 16 17 3 47 17 49 48 56 37
4 14 8 22 24 15 10 9 6 56 11 13 63 51 57 35
30 49 49 35 39 30 24 24 38 19 15 37 29 42 42 57
16 58 6 46 26 26 20 36 24 13 8 23 31 43 16 41
39 41 13 26 4 54 49 59 62 54 16 12 20 12 43 19
18 22 43 19 14 46 63 20 43 23 12 52 10 45 18 17
55 14 57 39 40 27 39 53 51 44 42 6 53 30 27 11
46 44 51 55 41 40 11 55 11 28 4 37 7 30 47 5
27 23 46 45 58 53 55 58 27 59 48 5 25 18 31 40
45 45 18 31 44 60 10 60 58 9 18 14 23 8 31 43
