1 0 12 0 0 0 0 0 0 0 0 312669 0 0 0 0 94757 0 0 0 0 0 0 102556 0 123091 0 0 0 0 0 0 0 0 0 0 98600 0 0 0 0 0 0 0 0 0 0 0 0 0 0 0 0 99242 0 0 0 94608 111876 0 0 0 0 0 0 0 113057 0 0 0 89186 0 146084 128119 0 0 0 0 95759 121168 98640 0 0 0 0 0 0 0 0 0 0 0 0 0 0 0 0 0 0 0 0 0 0 0 0 0 0 0 0 0 0 0 0 0 0 0 0 0 0 109220 0 0 0 91320 0 0 0 0 0 0 93894 0 0 115176 0 139827 167667 0 0 106828 0 0 0 0 0 0 0 0 0 0 0 0 0 0 0 0 0 0 0 0 102044 0 0 0 0 0 0 0 0 0 0 0 0 107451 0 0 95356 0 0 0 0 0 0 0 0 0 0 0 0 0 0 0 0 0 0 0 104832 0 0 0 97652 0 0 0 97387 0 0 0 0 0 0 0 0 115013 0 0 0 0 0 0 0 0 0 110024 0 0 0 0 0 0 0 0 0 117758 0 0 0 0 0 0 0 0 0 0 0 90737 0 0 0 0 0 0 0 0 0 0 0 0 0 0 
1 1 12 0 0 0 0 0 0 0 0 661011 0 0 0 0 198069 0 0 0 0 0 0 214951 0 258187 0 0 0 0 0 0 0 0 0 0 206550 0 0 0 0 0 0 0 0 0 0 0 0 0 0 0 0 209930 0 0 0 199535 235213 0 0 0 0 0 0 0 238357 0 0 0 188406 0 306664 270548 0 0 0 0 200221 255558 208268 0 0 0 0 0 0 0 0 0 0 0 0 0 0 0 0 0 0 0 0 0 0 0 0 0 0 0 0 0 0 0 0 0 0 0 0 0 0 230231 0 0 0 192035 0 0 0 0 0 0 196589 0 0 242824 0 294420 350321 0 0 226860 0 0 0 0 0 0 0 0 0 0 0 0 0 0 0 0 0 0 0 0 215243 0 0 0 0 0 0 0 0 0 0 0 0 225745 0 0 199276 0 0 0 0 0 0 0 0 0 0 0 0 0 0 0 0 0 0 0 219908 0 0 0 205159 0 0 0 205967 0 0 0 0 0 0 0 0 242459 0 0 0 0 0 0 0 0 0 232967 0 0 0 0 0 0 0 0 0 248794 0 0 0 0 0 0 0 0 0 0 0 191105 0 0 0 0 0 0 0 0 0 0 0 0 0 0 
1 2 12 0 0 0 0 0 0 0 0 1011676 0 0 0 0 304025 0 0 0 0 0 0 329500 0 395623 0 0 0 0 0 0 0 0 0 0 315776 0 0 0 0 0 0 0 0 0 0 0 0 0 0 0 0 320342 0 0 0 305818 359305 0 0 0 0 0 0 0 365109 0 0 0 287563 0 469503 414055 0 0 0 0 306166 390274 317971 0 0 0 0 0 0 0 0 0 0 0 0 0 0 0 0 0 0 0 0 0 0 0 0 0 0 0 0 0 0 0 0 0 0 0 0 0 0 351661 0 0 0 294565 0 0 0 0 0 0 300570 0 0 372340 0 449943 537550 0 0 346263 0 0 0 0 0 0 0 0 0 0 0 0 0 0 0 0 0 0 0 0 330003 0 0 0 0 0 0 0 0 0 0 0 0 345335 0 0 305319 0 0 0 0 0 0 0 0 0 0 0 0 0 0 0 0 0 0 0 335962 0 0 0 313291 0 0 0 314851 0 0 0 0 0 0 0 0 370050 0 0 0 0 0 0 0 0 0 357047 0 0 0 0 0 0 0 0 0 379753 0 0 0 0 0 0 0 0 0 0 0 291632 0 0 0 0 0 0 0 0 0 0 0 0 0 0 
1 3 12 0 0 0 0 0 0 0 0 1361965 0 0 0 0 410097 0 0 0 0 0 0 444197 0 533013 0 0 0 0 0 0 0 0 0 0 425530 0 0 0 0 0 0 0 0 0 0 0 0 0 0 0 0 431768 0 0 0 412087 485741 0 0 0 0 0 0 0 491489 0 0 0 387978 0 634272 556567 0 0 0 0 413475 525568 427753 0 0 0 0 0 0 0 0 0 0 0 0 0 0 0 0 0 0 0 0 0 0 0 0 0 0 0 0 0 0 0 0 0 0 0 0 0 0 475102 0 0 0 397588 0 0 0 0 0 0 405257 0 0 501528 0 607540 724955 0 0 466690 0 0 0 0 0 0 0 0 0 0 0 0 0 0 0 0 0 0 0 0 443626 0 0 0 0 0 0 0 0 0 0 0 0 465785 0 0 411481 0 0 0 0 0 0 0 0 0 0 0 0 0 0 0 0 0 0 0 454246 0 0 0 422186 0 0 0 423737 0 0 0 0 0 0 0 0 499672 0 0 0 0 0 0 0 0 0 480606 0 0 0 0 0 0 0 0 0 512532 0 0 0 0 0 0 0 0 0 0 0 392757 0 0 0 0 0 0 0 0 0 0 0 0 0 0 
1 4 12 0 0 0 0 0 0 0 0 1702403 0 0 0 0 512003 0 0 0 0 0 0 554098 0 665285 0 0 0 0 0 0 0 0 0 0 530983 0 0 0 0 0 0 0 0 0 0 0 0 0 0 0 0 539464 0 0 0 515082 607029 0 0 0 0 0 0 0 614674 0 0 0 483962 0 791214 695895 0 0 0 0 515982 656912 534243 0 0 0 0 0 0 0 0 0 0 0 0 0 0 0 0 0 0 0 0 0 0 0 0 0 0 0 0 0 0 0 0 0 0 0 0 0 0 593306 0 0 0 495886 0 0 0 0 0 0 506142 0 0 627434 0 758878 904140 0 0 582912 0 0 0 0 0 0 0 0 0 0 0 0 0 0 0 0 0 0 0 0 554991 0 0 0 0 0 0 0 0 0 0 0 0 582184 0 0 513388 0 0 0 0 0 0 0 0 0 0 0 0 0 0 0 0 0 0 0 567616 0 0 0 527756 0 0 0 529339 0 0 0 0 0 0 0 0 623459 0 0 0 0 0 0 0 0 0 601482 0 0 0 0 0 0 0 0 0 639311 0 0 0 0 0 0 0 0 0 0 0 490403 0 0 0 0 0 0 0 0 0 0 0 0 0 0 
1 5 12 0 0 0 0 0 0 0 0 2045027 0 0 0 0 615662 0 0 0 0 0 0 666450 0 800113 0 0 0 0 0 0 0 0 0 0 637486 0 0 0 0 0 0 0 0 0 0 0 0 0 0 0 0 648288 0 0 0 619221 728295 0 0 0 0 0 0 0 738468 0 0 0 581337 0 950077 836414 0 0 0 0 619441 789953 641704 0 0 0 0 0 0 0 0 0 0 0 0 0 0 0 0 0 0 0 0 0 0 0 0 0 0 0 0 0 0 0 0 0 0 0 0 0 0 712170 0 0 0 595863 0 0 0 0 0 0 607420 0 0 753311 0 911014 1087317 0 0 701053 0 0 0 0 0 0 0 0 0 0 0 0 0 0 0 0 0 0 0 0 666222 0 0 0 0 0 0 0 0 0 0 0 0 699602 0 0 617295 0 0 0 0 0 0 0 0 0 0 0 0 0 0 0 0 0 0 0 681366 0 0 0 633854 0 0 0 636171 0 0 0 0 0 0 0 0 748363 0 0 0 0 0 0 0 0 0 721539 0 0 0 0 0 0 0 0 0 768295 0 0 0 0 0 0 0 0 0 0 0 589424 0 0 0 0 0 0 0 0 0 0 0 0 0 0 
1 6 12 0 0 0 0 0 0 0 0 2401097 0 0 0 0 721520 0 0 0 0 0 0 782048 0 938462 0 0 0 0 0 0 0 0 0 0 748234 0 0 0 0 0 0 0 0 0 0 0 0 0 0 0 0 759396 0 0 0 726887 853006 0 0 0 0 0 0 0 866418 0 0 0 681678 0 1114239 981413 0 0 0 0 727453 926172 752365 0 0 0 0 0 0 0 0 0 0 0 0 0 0 0 0 0 0 0 0 0 0 0 0 0 0 0 0 0 0 0 0 0 0 0 0 0 0 834406 0 0 0 698775 0 0 0 0 0 0 712809 0 0 884131 0 1068814 1275359 0 0 822238 0 0 0 0 0 0 0 0 0 0 0 0 0 0 0 0 0 0 0 0 782696 0 0 0 0 0 0 0 0 0 0 0 0 820449 0 0 723913 0 0 0 0 0 0 0 0 0 0 0 0 0 0 0 0 0 0 0 799953 0 0 0 743354 0 0 0 746545 0 0 0 0 0 0 0 0 876966 0 0 0 0 0 0 0 0 0 846928 0 0 0 0 0 0 0 0 0 901423 0 0 0 0 0 0 0 0 0 0 0 691324 0 0 0 0 0 0 0 0 0 0 0 0 0 0 
5000 0 11 0 0 0 0 106896 0 0 0 0 0 0 0 0 0 0 0 0 0 0 103126 0 0 0 0 0 0 0 0 0 0 0 92656 0 0 96089 0 0 0 0 0 91364 0 0 0 0 0 101266 97542 93186 99546 0 0 0 0 107276 0 0 0 0 0 0 102953 0 0 0 0 0 0 0 93279 0 0 96920 0 0 0 100239 98626 0 0 0 0 0 0 0 96334 0 0 0 0 99646 0 0 0 0 0 0 0 0 0 96143 0 0 174164 0 0 0 0 0 0 0 0 0 0 93807 0 0 0 0 91437 115768 95926 98875 0 0 0 0 0 103846 0 0 0 0 0 0 0 0 0 0 0 0 0 0 0 0 0 0 0 0 0 0 0 0 0 0 0 0 0 0 0 92110 0 120217 0 0 95604 113599 99141 0 0 91619 0 0 0 0 0 0 0 0 93112 95356 94326 0 0 91901 0 108902 0 0 0 0 0 0 0 0 0 0 0 0 0 0 0 0 0 0 0 0 0 0 0 0 98799 97052 0 0 0 135600 0 0 0 0 0 0 0 0 0 0 0 0 0 0 0 0 0 0 0 0 0 0 0 0 0 0 0 0 0 0 0 0 0 0 0 0 0 0 0 0 
5000 1 11 0 0 0 0 235117 0 0 0 0 0 0 0 0 0 0 0 0 0 0 224279 0 0 0 0 0 0 0 0 0 0 0 200441 0 0 212158 0 0 0 0 0 198532 0 0 0 0 0 218721 211820 201150 216335 0 0 0 0 236008 0 0 0 0 0 0 225463 0 0 0 0 0 0 0 204417 0 0 209486 0 0 0 218135 214969 0 0 0 0 0 0 0 211940 0 0 0 0 219072 0 0 0 0 0 0 0 0 0 207987 0 0 378008 0 0 0 0 0 0 0 0 0 0 204180 0 0 0 0 198928 250040 206730 213922 0 0 0 0 0 225022 0 0 0 0 0 0 0 0 0 0 0 0 0 0 0 0 0 0 0 0 0 0 0 0 0 0 0 0 0 0 0 199517 0 261612 0 0 207539 246341 214289 0 0 198013 0 0 0 0 0 0 0 0 201800 207293 205274 0 0 199168 0 239811 0 0 0 0 0 0 0 0 0 0 0 0 0 0 0 0 0 0 0 0 0 0 0 0 217535 213502 0 0 0 298246 0 0 0 0 0 0 0 0 0 0 0 0 0 0 0 0 0 0 0 0 0 0 0 0 0 0 0 0 0 0 0 0 0 0 0 0 0 0 0 0 
5000 2 11 0 0 0 0 343305 0 0 0 0 0 0 0 0 0 0 0 0 0 0 326467 0 0 0 0 0 0 0 0 0 0 0 292475 0 0 309003 0 0 0 0 0 289260 0 0 0 0 0 319227 309351 295788 315184 0 0 0 0 343381 0 0 0 0 0 0 328515 0 0 0 0 0 0 0 297797 0 0 306146 0 0 0 317875 313390 0 0 0 0 0 0 0 309215 0 0 0 0 318834 0 0 0 0 0 0 0 0 0 304943 0 0 551063 0 0 0 0 0 0 0 0 0 0 297325 0 0 0 0 290132 367903 304296 314406 0 0 0 0 0 329235 0 0 0 0 0 0 0 0 0 0 0 0 0 0 0 0 0 0 0 0 0 0 0 0 0 0 0 0 0 0 0 292544 0 381340 0 0 303588 361214 314101 0 0 289983 0 0 0 0 0 0 0 0 294028 302476 298863 0 0 291600 0 349463 0 0 0 0 0 0 0 0 0 0 0 0 0 0 0 0 0 0 0 0 0 0 0 0 317154 311207 0 0 0 435440 0 0 0 0 0 0 0 0 0 0 0 0 0 0 0 0 0 0 0 0 0 0 0 0 0 0 0 0 0 0 0 0 0 0 0 0 0 0 0 0 
5000 3 11 0 0 0 0 459127 0 0 0 0 0 0 0 0 0 0 0 0 0 0 436773 0 0 0 0 0 0 0 0 0 0 0 391509 0 0 413113 0 0 0 0 0 386233 0 0 0 0 0 427639 414755 395500 421457 0 0 0 0 459892 0 0 0 0 0 0 440063 0 0 0 0 0 0 0 398843 0 0 409500 0 0 0 424522 418661 0 0 0 0 0 0 0 413220 0 0 0 0 427541 0 0 0 0 0 0 0 0 0 407035 0 0 736880 0 0 0 0 0 0 0 0 0 0 397488 0 0 0 0 388189 492097 407218 420111 0 0 0 0 0 440436 0 0 0 0 0 0 0 0 0 0 0 0 0 0 0 0 0 0 0 0 0 0 0 0 0 0 0 0 0 0 0 391051 0 509668 0 0 405465 482556 420119 0 0 387795 0 0 0 0 0 0 0 0 393367 404005 399391 0 0 389635 0 467559 0 0 0 0 0 0 0 0 0 0 0 0 0 0 0 0 0 0 0 0 0 0 0 0 424029 415901 0 0 0 582931 0 0 0 0 0 0 0 0 0 0 0 0 0 0 0 0 0 0 0 0 0 0 0 0 0 0 0 0 0 0 0 0 0 0 0 0 0 0 0 0 
5000 4 11 0 0 0 0 567337 0 0 0 0 0 0 0 0 0 0 0 0 0 0 540015 0 0 0 0 0 0 0 0 0 0 0 483983 0 0 510481 0 0 0 0 0 477796 0 0 0 0 0 528372 512563 487770 521213 0 0 0 0 568234 0 0 0 0 0 0 543632 0 0 0 0 0 0 0 493439 0 0 506251 0 0 0 525537 517972 0 0 0 0 0 0 0 510994 0 0 0 0 528634 0 0 0 0 0 0 0 0 0 502428 0 0 910075 0 0 0 0 0 0 0 0 0 0 491707 0 0 0 0 479427 606944 501941 517896 0 0 0 0 0 543329 0 0 0 0 0 0 0 0 0 0 0 0 0 0 0 0 0 0 0 0 0 0 0 0 0 0 0 0 0 0 0 482017 0 630298 0 0 499947 595875 518582 0 0 478321 0 0 0 0 0 0 0 0 486295 499548 494213 0 0 480395 0 578202 0 0 0 0 0 0 0 0 0 0 0 0 0 0 0 0 0 0 0 0 0 0 0 0 524102 514178 0 0 0 720441 0 0 0 0 0 0 0 0 0 0 0 0 0 0 0 0 0 0 0 0 0 0 0 0 0 0 0 0 0 0 0 0 0 0 0 0 0 0 0 0 
5000 5 11 0 0 0 0 687785 0 0 0 0 0 0 0 0 0 0 0 0 0 0 653524 0 0 0 0 0 0 0 0 0 0 0 587500 0 0 618835 0 0 0 0 0 578306 0 0 0 0 0 641865 621660 592856 631008 0 0 0 0 689735 0 0 0 0 0 0 659403 0 0 0 0 0 0 0 598001 0 0 614016 0 0 0 635979 627248 0 0 0 0 0 0 0 619090 0 0 0 0 641075 0 0 0 0 0 0 0 0 0 610696 0 0 1101358 0 0 0 0 0 0 0 0 0 0 595021 0 0 0 0 580495 738117 610348 629547 0 0 0 0 0 659571 0 0 0 0 0 0 0 0 0 0 0 0 0 0 0 0 0 0 0 0 0 0 0 0 0 0 0 0 0 0 0 585987 0 764090 0 0 607822 724498 630517 0 0 581414 0 0 0 0 0 0 0 0 589348 605430 598918 0 0 583295 0 701430 0 0 0 0 0 0 0 0 0 0 0 0 0 0 0 0 0 0 0 0 0 0 0 0 635171 622650 0 0 0 873076 0 0 0 0 0 0 0 0 0 0 0 0 0 0 0 0 0 0 0 0 0 0 0 0 0 0 0 0 0 0 0 0 0 0 0 0 0 0 0 0 
5000 6 11 0 0 0 0 811970 0 0 0 0 0 0 0 0 0 0 0 0 0 0 772937 0 0 0 0 0 0 0 0 0 0 0 693604 0 0 730675 0 0 0 0 0 683934 0 0 0 0 0 758023 734908 699508 746821 0 0 0 0 814348 0 0 0 0 0 0 778859 0 0 0 0 0 0 0 706508 0 0 725819 0 0 0 752278 742223 0 0 0 0 0 0 0 730701 0 0 0 0 756763 0 0 0 0 0 0 0 0 0 721829 0 0 1301780 0 0 0 0 0 0 0 0 0 0 703846 0 0 0 0 686137 871599 720199 743708 0 0 0 0 0 779366 0 0 0 0 0 0 0 0 0 0 0 0 0 0 0 0 0 0 0 0 0 0 0 0 0 0 0 0 0 0 0 692443 0 902917 0 0 718128 856095 745015 0 0 687004 0 0 0 0 0 0 0 0 696567 715020 708229 0 0 689365 0 828298 0 0 0 0 0 0 0 0 0 0 0 0 0 0 0 0 0 0 0 0 0 0 0 0 749493 735384 0 0 0 1030027 0 0 0 0 0 0 0 0 0 0 0 0 0 0 0 0 0 0 0 0 0 0 0 0 0 0 0 0 0 0 0 0 0 0 0 0 0 0 0 0 
