1 4 2 4 1 1 2 2 1 2 4 4 0 4 0 0
3 1 3 1 3 1 3 3 2 0 7 7 7 7 5 3
1 3 3 1 6 1 1 0 4 6 5 6 1 6 4 0
2 4 4 0 2 0 1 5 5 0 5 2 5 6 3 3
6 4 2 2 2 3 7 2 4 5 6 3 4 3 5 2
2 5 3 5 2 6 1 2 7 7 1 2 1 6 3 4
1 5 1 7 7 1 1 3 1 6 6 4 6 5 4 3
3 6 6 7 2 2 2 3 6 3 3 4 5 3 4 1
7 3 7 0 1 0 3 5 2 0 6 0 6 6 6 5
6 5 6 5 3 2 4 7 4 3 0 6 0 6 4 4
2 2 3 3 0 2 0 2 5 4 4 4 3 2 7 2
2 6 3 3 2 5 5 2 2 6 6 4 3 7 7 7
3 6 0 5 0 6 6 7 5 5 0 1 0 4 0 7
0 4 3 5 1 1 7 0 4 5 3 5 5 5 4 7
7 4 5 4 4 5 7 5 6 1 3 1 7 0 1 1
0 3 6 6 6 7 5 7 1 6 7 3 5 5 7 5
71 28 5 28 4 4 5 5 4 5 28 28 3 7 80 80
83 71 83 71 83 71 83 93 16 80 51 51 51 51 87 93
15 93 93 15 48 15 15 80 36 48 77 48 43 48 36 32
16 36 36 32 16 32 81 77 77 32 77 16 87 30 17 45
9 76 82 82 82 45 21 82 66 19 9 55 66 55 19 34
72 19 55 19 34 40 43 34 69 69 81 34 43 9 55 66
43 39 23 69 69 81 81 17 23 40 30 66 20 39 18 27
45 40 40 89 44 44 92 17 9 17 35 76 87 27 84 23
79 45 89 42 23 70 35 39 44 42 30 70 20 20 20 47
68 39 68 87 35 44 84 21 84 35 70 30 70 88 18 18
24 72 75 75 42 72 42 72 57 76 18 84 75 24 89 24
24 68 6 6 92 67 67 92 92 78 78 76 6 79 79 89
6 78 90 67 3 78 88 79 67 57 11 91 90 56 90 21
90 7 27 57 33 63 21 3 56 57 75 95 29 95 46 10
31 7 29 7 46 95 10 95 88 91 27 91 31 22 91 33
11 65 58 58 58 31 8 31 63 58 59 65 8 8 10 29
