6 1 7 6 6 6 4 7 4 5 4 3 7 3 4 0
7 7 7 0 3 4 3 3 4 4 3 0 4 0 4 0
3 0 4 0 0 0 3 3 3 2 0 4 4 0 0 1
0 5 4 0 0 7 0 0 6 7 4 1 6 1 6 7
0 3 6 1 4 5 4 3 1 1 3 4 3 2 5 4
5 6 5 0 2 1 1 6 6 6 5 2 4 6 6 6
4 4 7 3 3 3 5 3 1 5 4 0 1 1 3 6
4 3 3 3 5 1 5 1 5 7 7 4 7 0 1 1
5 3 3 4 1 2 6 5 6 6 7 3 6 6 3 7
5 4 4 4 5 2 6 5 5 7 3 3 7 1 7 4
1 4 5 5 2 5 3 7 2 2 2 5 0 1 4 0
5 5 4 7 5 7 1 5 3 3 4 6 6 4 2 2
3 6 0 2 0 2 0 4 2 6 5 6 5 2 2 5
6 1 6 1 5 5 7 4 5 3 6 6 5 2 3 7
5 0 5 1 2 2 1 2 5 2 5 5 6 2 1 1
1 0 1 2 7 3 7 6 1 2 0 1 0 2 2 2
58 71 31 58 58 58 46 41 36 47 36 45 10 27 46 22
41 41 41 70 45 36 45 6 18 18 45 22 36 80 18 22
6 32 18 80 22 80 27 6 6 44 70 76 46 80 90 91
90 57 76 90 90 21 32 32 40 51 76 91 9 81 40 51
32 27 40 81 84 47 66 17 91 91 75 76 93 44 57 46
57 88 57 70 44 81 81 88 9 40 19 44 66 9 88 88
66 66 21 27 75 35 47 17 53 47 94 70 71 71 75 9
94 75 93 17 39 71 95 53 95 21 69 94 79 11 23 53
77 17 35 94 23 92 20 95 20 20 51 35 20 68 35 69
19 28 28 84 87 92 68 95 87 51 55 93 69 23 21 7
53 7 8 29 24 39 93 79 92 92 24 8 11 33 28 11
19 87 7 79 19 69 23 87 55 55 7 48 78 28 82 24
55 78 42 82 42 72 11 84 82 48 29 68 77 34 24 39
48 33 68 63 77 77 79 84 67 83 78 78 8 5 83 10
8 42 39 33 34 34 33 82 67 72 67 67 48 16 63 43
4 42 63 72 10 83 59 30 63 72 60 43 3 16 16 5
