7 6 7 7 6 7 7 7 3 5 5 5 5 5 6 1
6 6 3 3 3 4 1 6 4 7 7 7 1 7 4 4
7 7 7 5 4 5 4 1 3 4 7 3 0 5 5 1
4 7 2 5 1 5 1 5 3 5 1 5 1 1 1 1
0 1 0 1 5 3 0 0 5 5 1 3 5 4 1 1
4 0 4 3 1 3 3 1 0 1 4 1 5 1 0 1
3 3 1 5 1 4 3 4 3 5 7 1 5 1 0 5
2 5 5 1 7 4 2 1 5 0 7 7 5 1 0 4
1 2 0 1 2 2 7 3 4 3 4 3 1 0 1 2
5 5 4 2 5 3 3 4 1 6 2 4 6 2 6 0
4 2 2 3 2 7 4 7 4 6 1 1 2 2 2 4
6 6 7 1 2 5 4 5 2 0 5 5 7 7 6 2
0 3 7 6 1 7 0 5 1 5 6 7 5 6 3 4
7 2 0 4 6 3 6 4 7 4 4 6 4 7 4 4
3 0 0 7 3 2 6 5 6 2 4 2 3 4 5 3
0 3 2 0 0 0 5 0 7 0 7 0 0 2 2 0
31 30 10 59 20 31 31 31 75 29 29 57 29 29 40 53
40 40 75 75 75 56 71 40 66 69 51 51 33 59 56 66
69 69 69 87 66 87 66 71 45 56 59 35 42 8 8 15
56 59 24 8 53 87 15 87 35 67 15 8 33 15 33 53
22 23 11 53 67 35 42 42 67 67 23 35 57 28 63 63
28 42 7 45 43 45 45 71 22 4 7 33 57 23 22 71
55 55 23 77 43 7 55 7 55 57 51 4 77 91 22 95
64 77 77 43 10 46 24 43 19 52 10 10 19 4 52 46
91 64 52 4 24 64 51 17 18 27 46 17 91 52 91 64
19 19 46 72 95 17 27 76 81 48 24 76 9 54 68 60
76 5 72 17 54 89 36 89 76 48 63 81 54 54 72 28
48 9 79 63 72 47 28 95 44 60 95 47 89 89 9 44
60 27 21 48 81 21 60 47 81 47 9 79 39 20 27 36
21 5 70 36 58 65 58 36 21 84 84 20 84 79 18 84
83 70 90 79 93 34 58 39 58 34 18 44 93 18 39 93
3 93 92 11 90 70 39 11 41 3 41 3 3 5 34 90
