0 0 0 0 4 4 4 4 1 1 1 1 3 3 3 7
7 7 7 0 2 2 3 2 2 5 5 5 5 0 6 0
6 6 6 4 2 5 5 5 0 2 4 4 1 1 1 2
2 6 0 3 0 0 3 5 0 0 5 2 6 5 5 5
5 1 5 5 5 5 5 4 4 3 4 6 0 5 2 6
5 5 7 4 3 4 4 2 2 2 2 0 5 5 1 1
1 3 1 7 7 7 7 1 2 3 3 3 3 2 3 7
5 1 1 5 3 3 2 2 2 1 1 1 0 6 6 5
6 6 5 5 6 1 6 0 4 1 4 1 1 7 2 6
6 3 2 7 7 7 1 1 4 1 1 0 0 0 0 0
0 0 4 2 2 2 2 4 2 2 2 2 2 2 2 5
5 1 0 7 6 2 5 4 5 4 6 6 6 4 1 4
0 0 0 1 0 1 3 3 5 5 5 4 3 5 7 4
2 3 7 3 3 3 3 4 3 4 3 7 7 6 3 4
4 4 4 7 7 7 4 4 4 4 7 7 7 6 6 7
7 6 7 4 2 2 4 4 3 1 1 7 7 3 5 5
3 3 3 3 7 7 7 7 4 4 4 4 6 6 6 10
10 10 10 11 5 5 6 5 5 8 8 8 8 70 68 60
68 68 68 56 24 29 29 29 60 54 18 28 63 63 63 54
54 9 11 27 11 11 27 87 60 60 95 24 20 57 57 57
57 71 95 95 95 19 87 18 28 65 56 20 70 19 16 9
19 19 51 66 83 18 18 16 16 16 34 70 87 87 71 71
81 65 23 31 31 31 31 63 54 55 55 55 55 64 27 41
29 33 33 67 65 65 64 64 64 81 81 81 70 88 88 67
88 88 67 67 48 71 48 90 66 15 94 15 15 69 92 48
48 17 92 69 69 69 91 91 66 91 91 90 32 32 32 32
90 90 66 82 82 82 82 94 24 92 24 72 72 72 72 77
77 43 52 21 30 92 77 94 77 94 30 30 30 56 23 56
80 80 80 33 80 33 27 17 47 47 47 84 17 47 89 28
34 93 89 83 45 45 45 84 45 76 83 59 59 9 17 36
36 36 36 59 59 89 46 46 46 46 21 21 21 20 20 41
41 9 41 76 34 34 84 84 75 23 23 79 51 75 39 39
