0 0 0 0 7 1 4 4 4 4 1 1 7 5 2 7
2 6 2 2 2 7 2 2 3 1 3 1 2 2 1 5
6 6 2 2 6 0 0 0 0 1 2 3 1 5 4 4
4 4 6 0 4 4 0 7 0 3 1 6 5 5 3 2
2 3 2 2 7 5 0 7 2 4 7 1 3 3 5 3
5 3 3 3 7 1 2 1 7 6 1 1 6 6 6 1
5 7 4 4 0 0 0 2 7 7 3 3 2 1 4 0
4 5 0 7 7 0 0 3 3 3 3 1 1 1 2 2
2 2 3 4 4 5 5 5 5 5 5 5 6 6 6 6
4 4 1 7 7 4 4 1 7 1 1 1 1 4 6 7
2 1 1 6 6 6 2 6 2 3 0 7 6 6 0 0
4 4 4 4 3 5 5 3 3 3 1 1 3 1 0 7
3 3 5 1 5 1 4 0 2 2 2 4 4 4 0 6
6 6 6 3 3 3 3 7 7 7 1 3 3 5 7 7
7 5 5 2 3 1 0 4 4 0 0 0 0 0 0 6
7 6 7 7 0 7 3 6 6 6 6 6 6 4 4 5
3 3 3 3 10 4 7 7 7 7 4 4 59 19 72 21
72 30 72 16 16 21 16 16 27 43 27 23 72 5 43 19
30 30 5 5 30 52 52 52 52 91 5 45 53 95 56 56
56 46 68 70 36 36 42 51 42 17 33 58 19 19 55 54
54 17 34 34 59 39 22 31 24 94 31 63 55 27 39 55
39 55 45 45 31 43 44 53 31 20 15 53 20 20 20 53
39 21 18 18 22 22 22 54 51 51 17 17 54 23 18 90
94 8 90 89 89 90 90 93 93 93 93 91 91 91 92 92
92 92 83 94 94 95 95 87 95 87 87 87 88 88 88 88
84 84 33 89 89 84 84 81 41 81 81 4 15 56 78 51
24 15 15 58 58 58 24 78 24 35 80 79 78 78 80 80
28 28 28 28 45 77 77 6 6 6 63 63 6 63 42 79
83 83 77 23 77 43 18 32 44 44 44 46 46 46 60 48
48 48 48 65 65 65 65 79 79 21 23 35 35 8 10 10
10 8 8 34 83 81 80 76 76 60 60 11 11 11 11 9
59 9 69 69 60 69 35 40 40 40 40 9 9 76 76 67
