0 1 1 1 1 3 3 0 7 0 0 4 3 3 7 4
7 7 7 7 4 4 4 7 7 4 4 2 7 4 1 2
2 1 5 1 1 1 1 5 5 1 0 6 5 2 1 0
6 6 6 3 3 4 4 4 7 4 7 7 0 0 0 0
6 6 3 3 1 1 1 1 0 3 3 3 3 2 4 7
4 4 4 2 3 5 2 6 6 6 2 2 2 7 0 0
2 2 0 0 0 7 2 0 6 6 6 6 6 2 5 6
5 5 6 3 5 5 6 6 6 5 5 7 7 6 7 7
3 6 6 6 3 6 6 6 5 2 2 2 6 5 5 5
5 7 5 0 0 6 0 7 5 5 7 7 7 2 7 7
7 5 5 2 2 4 4 7 4 0 5 4 3 3 5 3
3 0 0 0 0 0 0 0 1 1 1 1 3 6 6 2
2 2 2 6 2 1 2 2 5 2 2 2 5 2 0 0
4 1 0 1 1 1 2 0 4 5 5 6 4 3 4 4
3 0 0 3 3 0 0 3 1 5 3 7 1 1 3 5
4 1 4 1 1 7 5 5 5 7 7 5 5 5 1 3
22 23 23 23 23 17 17 22 51 22 22 28 17 17 21 56
21 21 21 31 56 56 56 31 31 28 28 5 31 28 15 5
5 4 57 4 4 4 15 57 57 15 52 58 57 5 15 52
58 58 58 6 6 18 18 18 51 18 51 51 3 3 3 3
20 20 6 6 63 63 63 63 52 35 35 35 35 54 7 59
7 7 7 24 27 19 24 40 40 40 24 24 54 59 42 52
16 16 11 11 11 59 16 11 88 20 9 9 48 16 8 9
19 8 20 27 19 19 9 40 48 8 8 41 41 30 41 41
27 30 88 88 27 88 30 30 95 92 54 54 48 95 87 95
95 10 87 42 42 48 42 89 87 87 89 89 89 92 59 10
10 29 39 92 92 84 84 10 84 80 39 84 93 93 39 93
93 32 32 80 80 80 32 32 33 33 33 33 65 68 68 34
34 34 34 68 64 53 64 64 39 44 64 44 67 44 70 70
46 53 70 53 53 43 44 70 36 29 29 68 36 55 36 36
55 60 60 55 65 60 60 65 71 29 65 69 71 71 55 47
46 71 94 43 43 69 67 67 67 69 69 47 47 47 43 75
