7 2 6 6 5 0 1 2 5 6 4 4 0 2 5 1
7 2 3 2 3 2 5 4 2 0 0 5 2 4 7 7
5 0 7 6 5 4 0 5 0 0 4 7 7 1 0 4
4 3 6 4 0 3 4 2 2 0 6 0 3 3 7 1
5 7 0 7 1 1 1 1 0 2 3 5 3 3 4 3
3 5 3 4 5 3 0 1 5 0 3 0 2 7 5 2
0 7 0 3 0 6 7 6 5 3 4 0 4 0 6 1
2 6 4 4 2 6 3 5 2 4 6 2 5 7 5 1
2 7 1 5 6 5 5 5 5 4 4 0 3 3 1 5
3 6 3 3 1 0 3 4 4 7 6 1 6 5 5 5
5 6 6 1 5 6 6 6 6 1 5 2 1 4 7 3
7 4 4 4 7 6 5 7 5 6 4 4 7 4 7 1
1 1 6 5 2 4 2 6 1 3 3 1 2 2 7 5
4 2 2 1 4 6 2 2 2 2 7 0 0 7 7 6
3 1 3 1 0 3 2 0 3 1 0 3 2 3 6 3
3 0 4 0 1 3 4 5 1 2 7 2 1 7 7 6
10 16 9 88 77 42 81 72 77 9 76 76 42 16 47 15
21 54 35 72 65 72 29 76 16 32 32 39 34 28 59 21
47 52 69 30 57 84 90 29 32 3 36 31 51 91 52 18
76 83 58 18 32 17 18 92 92 11 20 11 35 27 21 15
47 79 22 41 4 4 4 4 22 34 55 57 6 6 56 55
35 8 35 66 39 6 90 53 39 90 6 90 24 21 39 64
52 59 52 27 70 68 10 68 67 93 56 22 28 22 30 91
92 40 28 28 24 78 93 47 92 56 58 54 19 51 95 91
16 89 43 95 68 95 67 67 67 7 18 11 55 55 43 57
65 68 65 65 33 11 27 36 36 10 40 33 40 87 87 87
87 78 78 23 95 78 40 30 30 63 57 64 63 94 89 27
59 36 56 84 41 58 29 51 8 88 84 94 89 84 89 15
15 91 88 29 24 94 24 88 81 93 93 81 5 54 10 19
94 34 54 33 7 58 5 5 5 34 79 80 60 31 69 20
17 33 17 43 80 83 82 60 83 81 80 83 82 75 48 75
75 80 7 60 43 75 66 19 23 82 69 82 53 69 51 48
