0 0 0 0 0 0 0 0 0 0 0 0 0 0 0 0
0 0 0 0 0 0 0 0 0 0 0 0 0 0 0 0
0 0 0 0 0 0 0 0 0 0 0 0 0 0 0 0
0 0 0 0 0 0 0 0 0 0 0 0 0 0 0 0
0 0 0 0 0 0 0 0 0 0 0 0 0 0 0 0
0 0 0 0 0 0 0 0 0 0 0 0 0 0 0 0
0 0 0 0 0 0 0 0 0 0 0 0 0 0 0 0
0 0 0 0 0 0 0 0 0 0 0 0 0 0 0 0
0 0 0 0 0 0 0 0 0 0 0 0 0 0 0 0
0 0 0 0 0 0 0 0 0 0 0 0 0 0 0 0
0 0 0 0 0 0 0 0 0 0 0 0 0 0 0 0
0 0 0 0 0 0 0 0 0 0 0 0 0 0 0 0
0 0 0 0 0 0 0 0 0 0 0 0 0 0 0 0
0 0 0 0 0 0 0 0 0 0 0 0 0 0 0 0
0 0 0 0 0 0 0 0 0 0 0 0 0 0 0 0
0 0 0 0 0 0 0 0 0 0 0 0 0 0 0 0
37 6 35 37 37 37 18 41 26 27 26 58 36 42 10 60
56 7 10 7 7 7 47 36 36 34 45 26 27 49 25 36
46 58 45 58 58 66 41 41 41 45 13 38 27 27 38 26
38 38 66 13 18 22 32 32 13 13 49 25 6 61 45 51
32 32 15 57 51 68 66 18 6 67 66 44 44 67 44 49
15 67 61 46 16 16 16 16 20 22 8 68 47 9 39 8
8 20 22 20 46 19 20 35 48 53 18 70 44 22 57 9
9 35 67 17 9 71 71 68 71 57 6 68 49 62 40 61
47 51 40 51 57 47 40 61 10 70 40 70 71 62 35 46
19 28 28 25 39 55 8 48 70 25 55 19 69 23 21 62
53 53 55 29 48 39 62 42 19 14 34 17 11 33 28 64
53 10 14 42 39 69 23 55 60 11 42 48 63 28 12 34
64 17 60 23 14 69 21 60 14 21 23 31 65 43 69 15
21 65 65 50 43 50 17 43 31 50 50 30 15 5 30 31
31 63 11 63 34 64 11 52 64 4 63 33 24 52 65 24
4 12 54 33 33 29 59 30 4 24 12 4 12 5 52 5
