0 0 0 0 0 0 0 0 0 0 0 0 0 0 0 0
0 0 0 0 0 0 0 0 0 0 0 0 0 0 0 0
0 0 0 0 0 0 0 0 0 0 0 0 0 0 0 0
0 0 0 0 0 0 0 0 0 0 0 0 0 0 0 0
0 0 0 0 0 0 0 0 0 0 0 0 0 0 0 0
0 0 0 0 0 0 0 0 0 0 0 0 0 0 0 0
0 0 0 0 0 0 0 0 0 0 0 0 0 0 0 0
0 0 0 0 0 0 0 0 0 0 0 0 0 0 0 0
0 0 0 0 0 0 0 0 0 0 0 0 0 0 0 0
0 0 0 0 0 0 0 0 0 0 0 0 0 0 0 0
0 0 0 0 0 0 0 0 0 0 0 0 0 0 0 0
0 0 0 0 0 0 0 0 0 0 0 0 0 0 0 0
0 0 0 0 0 0 0 0 0 0 0 0 0 0 0 0
0 0 0 0 0 0 0 0 0 0 0 0 0 0 0 0
0 0 0 0 0 0 0 0 0 0 0 0 0 0 0 0
0 0 0 0 0 0 0 0 0 0 0 0 0 0 0 0
40 55 40 40 40 37 25 31 31 31 31 29 29 29 69 29
25 25 25 66 69 56 66 66 66 62 69 62 69 56 56 62
62 56 67 64 67 67 42 71 64 37 53 37 42 12 8 67
14 59 24 8 64 12 15 64 59 10 37 8 33 8 33 53
59 59 11 12 15 35 33 71 53 42 12 33 52 42 26 11
26 26 7 45 71 15 53 71 22 4 15 13 57 14 22 10
52 52 23 19 52 24 19 24 19 13 35 4 46 35 22 57
35 51 4 7 7 13 14 13 19 24 49 63 14 4 26 7
57 22 61 45 17 17 51 55 43 45 51 17 23 45 23 49
50 44 20 20 63 63 63 49 49 20 61 61 10 23 41 57
18 17 18 48 70 55 10 51 46 46 61 46 55 43 32 28
68 9 38 70 43 47 48 60 44 9 48 48 38 70 9 38
38 27 60 60 11 28 54 47 43 70 9 27 39 5 27 28
54 27 47 60 54 65 65 11 47 28 30 18 65 21 18 54
36 21 34 21 65 50 58 30 36 30 21 36 30 50 50 5
36 41 34 58 34 58 39 41 58 41 39 39 68 5 34 32
