0 0 0 0 0 0 0 0 0 0 0 0 0 0 0 0
0 0 0 0 0 0 0 0 0 0 0 0 0 0 0 0
0 0 0 0 0 0 0 0 0 0 0 0 0 0 0 0
0 0 0 0 0 0 0 0 0 0 0 0 0 0 0 0
0 0 0 0 0 0 0 0 0 0 0 0 0 0 0 0
0 0 0 0 0 0 0 0 0 0 0 0 0 0 0 0
0 0 0 0 0 0 0 0 0 0 0 0 0 0 0 0
0 0 0 0 0 0 0 0 0 0 0 0 0 0 0 0
0 0 0 0 0 0 0 0 0 0 0 0 0 0 0 0
0 0 0 0 0 0 0 0 0 0 0 0 0 0 0 0
0 0 0 0 0 0 0 0 0 0 0 0 0 0 0 0
0 0 0 0 0 0 0 0 0 0 0 0 0 0 0 0
0 0 0 0 0 0 0 0 0 0 0 0 0 0 0 0
0 0 0 0 0 0 0 0 0 0 0 0 0 0 0 0
0 0 0 0 0 0 0 0 0 0 0 0 0 0 0 0
0 0 0 0 0 0 0 0 0 0 0 0 0 0 0 0
23 10 56 7 7 7 7 4 4 4 49 4 49 10 21 10
49 10 8 56 8 9 56 56 8 49 61 8 39 9 54 54
61 39 39 62 39 24 9 11 9 48 48 11 24 24 48 26
24 37 37 11 5 53 21 11 26 26 26 65 65 65 44 44
32 14 14 65 67 67 67 33 67 33 33 58 41 33 34 30
41 41 41 52 34 61 32 12 47 16 12 23 23 32 32 12
47 12 23 64 47 47 30 37 44 37 61 38 38 53 53 53
35 35 13 16 16 38 42 38 35 30 44 48 40 57 57 57
30 19 57 40 51 28 51 51 40 42 40 16 63 63 35 21
63 21 63 42 42 22 22 22 22 15 15 15 15 52 52 52
60 43 19 13 43 43 43 51 13 27 13 29 17 17 17 17
5 5 5 29 29 29 25 6 6 6 6 25 27 25 27 27
50 50 25 14 14 50 50 19 19 34 58 34 58 58 60 45
45 28 60 60 28 55 28 46 46 46 54 54 46 31 31 31
31 62 62 62 20 59 59 59 45 59 45 55 55 55 36 18
18 18 20 18 20 20 36 36 70 36 70 70 69 64 64 70
