0 0 0 0 0 0 0 0 0 0 0 0 0 0 0 0
0 0 0 0 0 0 0 0 0 0 0 0 0 0 0 0
0 0 0 0 0 0 0 0 0 0 0 0 0 0 0 0
0 0 0 0 0 0 0 0 0 0 0 0 0 0 0 0
0 0 0 0 0 0 0 0 0 0 0 0 0 0 0 0
0 0 0 0 0 0 0 0 0 0 0 0 0 0 0 0
0 0 0 0 0 0 0 0 0 0 0 0 0 0 0 0
0 0 0 0 0 0 0 0 0 0 0 0 0 0 0 0
0 0 0 0 0 0 0 0 0 0 0 0 0 0 0 0
0 0 0 0 0 0 0 0 0 0 0 0 0 0 0 0
0 0 0 0 0 0 0 0 0 0 0 0 0 0 0 0
0 0 0 0 0 0 0 0 0 0 0 0 0 0 0 0
0 0 0 0 0 0 0 0 0 0 0 0 0 0 0 0
0 0 0 0 0 0 0 0 0 0 0 0 0 0 0 0
0 0 0 0 0 0 0 0 0 0 0 0 0 0 0 0
0 0 0 0 0 0 0 0 0 0 0 0 0 0 0 0
43 17 24 7 40 27 41 13 64 15 13 34 30 64 64 64
41 16 63 23 56 26 21 60 62 21 60 28 69 21 69 21
60 28 69 4 8 27 42 40 13 13 19 19 26 62 12 40
46 19 45 23 18 58 26 55 59 55 26 47 63 10 28 46
58 18 47 40 54 56 34 39 34 38 36 38 38 36 38 14
14 61 43 37 36 58 58 43 41 14 67 17 17 55 47 23
4 17 23 67 35 35 30 34 24 24 14 30 49 35 6 49
70 5 67 16 30 59 66 31 5 8 20 6 27 22 12 16
16 25 25 59 59 33 6 25 29 31 6 11 27 33 41 70
61 61 22 61 22 22 15 52 10 10 32 42 31 9 20 28
29 57 37 15 4 39 57 9 35 54 37 4 39 45 57 9
67 68 57 9 10 45 55 31 70 5 12 68 49 70 48 48
15 5 48 48 24 54 19 12 39 8 49 36 51 54 56 37
46 63 51 52 47 51 32 32 11 8 56 29 45 25 20 42
42 52 62 62 46 53 43 51 32 52 69 65 20 63 50 53
53 7 7 60 33 7 65 50 29 33 50 44 53 66 66 68
