0 0 0 0 0 0 0 0 0 0 0 0 0 0 0 0
0 0 0 0 0 0 0 0 0 0 0 0 0 0 0 0
0 0 0 0 0 0 0 0 0 0 0 0 0 0 0 0
0 0 0 0 0 0 0 0 0 0 0 0 0 0 0 0
0 0 0 0 0 0 0 0 0 0 0 0 0 0 0 0
0 0 0 0 0 0 0 0 0 0 0 0 0 0 0 0
0 0 0 0 0 0 0 0 0 0 0 0 0 0 0 0
0 0 0 0 0 0 0 0 0 0 0 0 0 0 0 0
0 0 0 0 0 0 0 0 0 0 0 0 0 0 0 0
0 0 0 0 0 0 0 0 0 0 0 0 0 0 0 0
0 0 0 0 0 0 0 0 0 0 0 0 0 0 0 0
0 0 0 0 0 0 0 0 0 0 0 0 0 0 0 0
0 0 0 0 0 0 0 0 0 0 0 0 0 0 0 0
0 0 0 0 0 0 0 0 0 0 0 0 0 0 0 0
0 0 0 0 0 0 0 0 0 0 0 0 0 0 0 0
0 0 0 0 0 0 0 0 0 0 0 0 0 0 0 0
4 62 6 51 22 35 31 59 43 68 29 37 55 71 60 55
32 62 28 37 44 10 68 60 45 63 59 36 66 31 26 14
64 50 64 53 61 60 39 9 39 33 43 61 30 50 50 54
30 61 33 51 45 29 71 37 43 55 55 67 63 27 34 18
63 31 48 67 54 61 51 4 22 58 65 41 22 14 65 65
65 56 49 38 20 16 40 30 40 28 40 28 64 25 64 68
29 28 36 27 29 45 13 7 13 12 58 51 52 48 13 38
48 48 13 44 20 25 30 70 22 43 46 62 33 62 23 60
50 23 56 14 69 71 12 12 35 23 15 36 20 52 12 57
31 33 24 35 32 21 27 42 39 37 32 34 47 44 32 54
68 66 56 23 36 8 46 9 10 54 52 17 57 52 17 27
58 6 47 42 47 16 71 34 24 38 39 38 70 70 63 53
20 35 26 67 40 15 4 4 18 44 49 24 42 67 11 7
70 57 6 14 7 57 46 24 10 18 58 34 7 25 66 25
15 69 19 69 69 15 49 59 41 45 41 47 53 18 16 8
49 8 53 21 21 46 10 41 11 6 56 9 9 8 66 19
