1 0 12 0 0 0 0 0 0 0 0 0 0 0 106490 0 0 0 0 0 95763 0 0 0 0 0 0 0 0 0 0 108776 105037 0 0 102464 0 0 0 0 0 0 0 0 1359682 0 0 102980 0 0 0 0 137976 0 0 0 107374 0 0 0 0 0 0 113741 0 0 0 0 0 0 0 0 0 0 0 102923 0 0 0 0 0 0 0 0 0 0 0 0 125278 127865 101959 0 0 0 0 0 0 102767 0 94388 0 0 0 0 0 0 0 0 0 170058 0 0 0 0 0 0 0 0 0 0 0 0 0 0 0 0 0 0 0 0 0 0 96401 0 0 0 0 0 0 0 0 0 0 0 0 0 0 0 0 0 0 102501 105534 0 0 136392 0 0 124112 0 0 0 0 0 0 0 0 0 0 0 0 0 0 0 0 0 0 132910 0 0 0 0 0 0 0 91351 212580 0 0 0 0 0 0 0 0 98221 0 0 0 0 0 0 0 0 0 0 0 0 0 0 0 0 0 0 108096 0 0 0 0 0 0 0 0 0 0 0 0 0 0 0 0 0 0 0 110044 0 0 0 0 0 0 0 0 0 0 0 0 0 0 0 0 0 0 0 0 0 0 0 0 0 
1 1 12 0 0 0 0 0 0 0 0 0 0 0 223580 0 0 0 0 0 202348 0 0 0 0 0 0 0 0 0 0 228875 219630 0 0 215513 0 0 0 0 0 0 0 0 2861676 0 0 216426 0 0 0 0 290325 0 0 0 226758 0 0 0 0 0 0 240087 0 0 0 0 0 0 0 0 0 0 0 217369 0 0 0 0 0 0 0 0 0 0 0 0 264798 268039 214476 0 0 0 0 0 0 216050 0 198096 0 0 0 0 0 0 0 0 0 356388 0 0 0 0 0 0 0 0 0 0 0 0 0 0 0 0 0 0 0 0 0 0 203004 0 0 0 0 0 0 0 0 0 0 0 0 0 0 0 0 0 0 216937 221260 0 0 286269 0 0 262498 0 0 0 0 0 0 0 0 0 0 0 0 0 0 0 0 0 0 279564 0 0 0 0 0 0 0 192202 444989 0 0 0 0 0 0 0 0 207326 0 0 0 0 0 0 0 0 0 0 0 0 0 0 0 0 0 0 227953 0 0 0 0 0 0 0 0 0 0 0 0 0 0 0 0 0 0 0 232119 0 0 0 0 0 0 0 0 0 0 0 0 0 0 0 0 0 0 0 0 0 0 0 0 0 
1 2 12 0 0 0 0 0 0 0 0 0 0 0 341794 0 0 0 0 0 308596 0 0 0 0 0 0 0 0 0 0 350886 336241 0 0 329199 0 0 0 0 0 0 0 0 4373332 0 0 330485 0 0 0 0 443439 0 0 0 346486 0 0 0 0 0 0 366990 0 0 0 0 0 0 0 0 0 0 0 330857 0 0 0 0 0 0 0 0 0 0 0 0 404209 410614 327983 0 0 0 0 0 0 329895 0 303511 0 0 0 0 0 0 0 0 0 547719 0 0 0 0 0 0 0 0 0 0 0 0 0 0 0 0 0 0 0 0 0 0 310180 0 0 0 0 0 0 0 0 0 0 0 0 0 0 0 0 0 0 330730 338889 0 0 437375 0 0 400972 0 0 0 0 0 0 0 0 0 0 0 0 0 0 0 0 0 0 427438 0 0 0 0 0 0 0 292963 682495 0 0 0 0 0 0 0 0 316936 0 0 0 0 0 0 0 0 0 0 0 0 0 0 0 0 0 0 348699 0 0 0 0 0 0 0 0 0 0 0 0 0 0 0 0 0 0 0 355691 0 0 0 0 0 0 0 0 0 0 0 0 0 0 0 0 0 0 0 0 0 0 0 0 0 
1 3 12 0 0 0 0 0 0 0 0 0 0 0 459580 0 0 0 0 0 415292 0 0 0 0 0 0 0 0 0 0 472249 452167 0 0 443811 0 0 0 0 0 0 0 0 5886000 0 0 444857 0 0 0 0 596042 0 0 0 466479 0 0 0 0 0 0 494991 0 0 0 0 0 0 0 0 0 0 0 446042 0 0 0 0 0 0 0 0 0 0 0 0 544376 553018 441718 0 0 0 0 0 0 443907 0 408616 0 0 0 0 0 0 0 0 0 737527 0 0 0 0 0 0 0 0 0 0 0 0 0 0 0 0 0 0 0 0 0 0 417934 0 0 0 0 0 0 0 0 0 0 0 0 0 0 0 0 0 0 445265 456009 0 0 589287 0 0 540476 0 0 0 0 0 0 0 0 0 0 0 0 0 0 0 0 0 0 575937 0 0 0 0 0 0 0 394672 919562 0 0 0 0 0 0 0 0 425965 0 0 0 0 0 0 0 0 0 0 0 0 0 0 0 0 0 0 469258 0 0 0 0 0 0 0 0 0 0 0 0 0 0 0 0 0 0 0 479196 0 0 0 0 0 0 0 0 0 0 0 0 0 0 0 0 0 0 0 0 0 0 0 0 0 
1 4 12 0 0 0 0 0 0 0 0 0 0 0 573683 0 0 0 0 0 518641 0 0 0 0 0 0 0 0 0 0 589848 564235 0 0 554524 0 0 0 0 0 0 0 0 7349970 0 0 555152 0 0 0 0 743838 0 0 0 581711 0 0 0 0 0 0 619016 0 0 0 0 0 0 0 0 0 0 0 557069 0 0 0 0 0 0 0 0 0 0 0 0 679777 690373 552395 0 0 0 0 0 0 554258 0 510004 0 0 0 0 0 0 0 0 0 920798 0 0 0 0 0 0 0 0 0 0 0 0 0 0 0 0 0 0 0 0 0 0 522034 0 0 0 0 0 0 0 0 0 0 0 0 0 0 0 0 0 0 556084 569204 0 0 736664 0 0 675315 0 0 0 0 0 0 0 0 0 0 0 0 0 0 0 0 0 0 719744 0 0 0 0 0 0 0 493451 1147659 0 0 0 0 0 0 0 0 531930 0 0 0 0 0 0 0 0 0 0 0 0 0 0 0 0 0 0 586249 0 0 0 0 0 0 0 0 0 0 0 0 0 0 0 0 0 0 0 597766 0 0 0 0 0 0 0 0 0 0 0 0 0 0 0 0 0 0 0 0 0 0 0 0 0 
1 5 12 0 0 0 0 0 0 0 0 0 0 0 690090 0 0 0 0 0 623652 0 0 0 0 0 0 0 0 0 0 708678 679034 0 0 666772 0 0 0 0 0 0 0 0 8837628 0 0 667837 0 0 0 0 894110 0 0 0 699180 0 0 0 0 0 0 743706 0 0 0 0 0 0 0 0 0 0 0 668905 0 0 0 0 0 0 0 0 0 0 0 0 816596 830382 664351 0 0 0 0 0 0 666370 0 613150 0 0 0 0 0 0 0 0 0 1107554 0 0 0 0 0 0 0 0 0 0 0 0 0 0 0 0 0 0 0 0 0 0 627164 0 0 0 0 0 0 0 0 0 0 0 0 0 0 0 0 0 0 667681 684422 0 0 884760 0 0 811296 0 0 0 0 0 0 0 0 0 0 0 0 0 0 0 0 0 0 864911 0 0 0 0 0 0 0 593073 1381143 0 0 0 0 0 0 0 0 638987 0 0 0 0 0 0 0 0 0 0 0 0 0 0 0 0 0 0 704029 0 0 0 0 0 0 0 0 0 0 0 0 0 0 0 0 0 0 0 719215 0 0 0 0 0 0 0 0 0 0 0 0 0 0 0 0 0 0 0 0 0 0 0 0 0 
1 6 12 0 0 0 0 0 0 0 0 0 0 0 809191 0 0 0 0 0 731130 0 0 0 0 0 0 0 0 0 0 831022 795627 0 0 781688 0 0 0 0 0 0 0 0 10359409 0 0 783267 0 0 0 0 1048619 0 0 0 819422 0 0 0 0 0 0 871842 0 0 0 0 0 0 0 0 0 0 0 785335 0 0 0 0 0 0 0 0 0 0 0 0 957655 972324 778885 0 0 0 0 0 0 781248 0 718797 0 0 0 0 0 0 0 0 0 1297667 0 0 0 0 0 0 0 0 0 0 0 0 0 0 0 0 0 0 0 0 0 0 735129 0 0 0 0 0 0 0 0 0 0 0 0 0 0 0 0 0 0 783478 802499 0 0 1038590 0 0 952277 0 0 0 0 0 0 0 0 0 0 0 0 0 0 0 0 0 0 1014477 0 0 0 0 0 0 0 695323 1618027 0 0 0 0 0 0 0 0 749928 0 0 0 0 0 0 0 0 0 0 0 0 0 0 0 0 0 0 826757 0 0 0 0 0 0 0 0 0 0 0 0 0 0 0 0 0 0 0 842645 0 0 0 0 0 0 0 0 0 0 0 0 0 0 0 0 0 0 0 0 0 0 0 0 0 
5000 0 11 0 0 110580 0 0 0 0 0 0 0 0 0 0 0 100249 0 0 96803 0 0 0 0 0 0 103548 91436 105958 0 0 0 0 0 0 0 0 0 0 0 0 0 0 0 0 0 0 0 0 0 0 0 0 0 0 0 0 0 0 0 0 0 0 0 0 86044 0 0 0 0 90980 0 0 0 0 95141 93686 95633 0 0 0 0 0 0 0 0 0 0 0 0 0 0 0 0 0 0 0 0 0 0 96141 0 0 0 0 0 0 0 104144 0 91907 0 0 0 0 107608 0 0 0 0 0 0 0 0 0 93961 0 284720 100376 0 0 0 0 0 0 0 0 0 0 0 0 0 0 0 0 0 0 0 0 0 0 0 0 0 0 0 0 0 0 0 0 97903 0 0 0 0 0 0 0 0 0 0 0 0 0 0 0 0 0 0 0 0 0 0 0 0 0 0 0 0 0 92996 0 0 0 0 0 0 0 116357 0 0 0 0 0 0 0 0 0 0 0 0 0 0 0 103568 147260 0 0 0 91287 0 0 0 0 0 0 0 0 0 0 0 0 0 0 0 0 0 0 0 0 0 0 93318 0 0 96840 91452 0 0 0 0 0 0 94804 0 0 0 0 
5000 1 11 0 0 243870 0 0 0 0 0 0 0 0 0 0 0 221068 0 0 213320 0 0 0 0 0 0 225290 201352 233895 0 0 0 0 0 0 0 0 0 0 0 0 0 0 0 0 0 0 0 0 0 0 0 0 0 0 0 0 0 0 0 0 0 0 0 0 189859 0 0 0 0 197614 0 0 0 0 206952 203716 208174 0 0 0 0 0 0 0 0 0 0 0 0 0 0 0 0 0 0 0 0 0 0 208782 0 0 0 0 0 0 0 226880 0 199973 0 0 0 0 233755 0 0 0 0 0 0 0 0 0 204019 0 618105 218102 0 0 0 0 0 0 0 0 0 0 0 0 0 0 0 0 0 0 0 0 0 0 0 0 0 0 0 0 0 0 0 0 212897 0 0 0 0 0 0 0 0 0 0 0 0 0 0 0 0 0 0 0 0 0 0 0 0 0 0 0 0 0 202109 0 0 0 0 0 0 0 252644 0 0 0 0 0 0 0 0 0 0 0 0 0 0 0 225794 321125 0 0 0 198643 0 0 0 0 0 0 0 0 0 0 0 0 0 0 0 0 0 0 0 0 0 0 202698 0 0 210708 198070 0 0 0 0 0 0 206327 0 0 0 0 
5000 2 11 0 0 355900 0 0 0 0 0 0 0 0 0 0 0 322227 0 0 311499 0 0 0 0 0 0 328824 293218 341282 0 0 0 0 0 0 0 0 0 0 0 0 0 0 0 0 0 0 0 0 0 0 0 0 0 0 0 0 0 0 0 0 0 0 0 0 276978 0 0 0 0 288175 0 0 0 0 301744 297070 303415 0 0 0 0 0 0 0 0 0 0 0 0 0 0 0 0 0 0 0 0 0 0 304271 0 0 0 0 0 0 0 330792 0 291469 0 0 0 0 340804 0 0 0 0 0 0 0 0 0 297191 0 900927 317659 0 0 0 0 0 0 0 0 0 0 0 0 0 0 0 0 0 0 0 0 0 0 0 0 0 0 0 0 0 0 0 0 310414 0 0 0 0 0 0 0 0 0 0 0 0 0 0 0 0 0 0 0 0 0 0 0 0 0 0 0 0 0 294453 0 0 0 0 0 0 0 369036 0 0 0 0 0 0 0 0 0 0 0 0 0 0 0 329208 468300 0 0 0 289476 0 0 0 0 0 0 0 0 0 0 0 0 0 0 0 0 0 0 0 0 0 0 295746 0 0 307444 289252 0 0 0 0 0 0 301085 0 0 0 0 
5000 3 11 0 0 476137 0 0 0 0 0 0 0 0 0 0 0 430923 0 0 416538 0 0 0 0 0 0 439749 391380 457170 0 0 0 0 0 0 0 0 0 0 0 0 0 0 0 0 0 0 0 0 0 0 0 0 0 0 0 0 0 0 0 0 0 0 0 0 370621 0 0 0 0 384963 0 0 0 0 403672 396878 406011 0 0 0 0 0 0 0 0 0 0 0 0 0 0 0 0 0 0 0 0 0 0 406676 0 0 0 0 0 0 0 443319 0 390411 0 0 0 0 456009 0 0 0 0 0 0 0 0 0 397966 0 1207379 425421 0 0 0 0 0 0 0 0 0 0 0 0 0 0 0 0 0 0 0 0 0 0 0 0 0 0 0 0 0 0 0 0 415020 0 0 0 0 0 0 0 0 0 0 0 0 0 0 0 0 0 0 0 0 0 0 0 0 0 0 0 0 0 393089 0 0 0 0 0 0 0 494065 0 0 0 0 0 0 0 0 0 0 0 0 0 0 0 440176 626553 0 0 0 387473 0 0 0 0 0 0 0 0 0 0 0 0 0 0 0 0 0 0 0 0 0 0 395466 0 0 410503 386426 0 0 0 0 0 0 402637 0 0 0 0 
5000 4 11 0 0 586831 0 0 0 0 0 0 0 0 0 0 0 531476 0 0 515147 0 0 0 0 0 0 543319 482502 563106 0 0 0 0 0 0 0 0 0 0 0 0 0 0 0 0 0 0 0 0 0 0 0 0 0 0 0 0 0 0 0 0 0 0 0 0 458143 0 0 0 0 475470 0 0 0 0 498200 490094 501862 0 0 0 0 0 0 0 0 0 0 0 0 0 0 0 0 0 0 0 0 0 0 502482 0 0 0 0 0 0 0 547162 0 482697 0 0 0 0 564266 0 0 0 0 0 0 0 0 0 492116 0 1492509 525878 0 0 0 0 0 0 0 0 0 0 0 0 0 0 0 0 0 0 0 0 0 0 0 0 0 0 0 0 0 0 0 0 513464 0 0 0 0 0 0 0 0 0 0 0 0 0 0 0 0 0 0 0 0 0 0 0 0 0 0 0 0 0 486470 0 0 0 0 0 0 0 611315 0 0 0 0 0 0 0 0 0 0 0 0 0 0 0 543690 774318 0 0 0 478940 0 0 0 0 0 0 0 0 0 0 0 0 0 0 0 0 0 0 0 0 0 0 487638 0 0 507737 477962 0 0 0 0 0 0 497894 0 0 0 0 
5000 5 11 0 0 712747 0 0 0 0 0 0 0 0 0 0 0 645570 0 0 624548 0 0 0 0 0 0 658074 585798 683790 0 0 0 0 0 0 0 0 0 0 0 0 0 0 0 0 0 0 0 0 0 0 0 0 0 0 0 0 0 0 0 0 0 0 0 0 555674 0 0 0 0 576063 0 0 0 0 604412 593588 607830 0 0 0 0 0 0 0 0 0 0 0 0 0 0 0 0 0 0 0 0 0 0 608668 0 0 0 0 0 0 0 662715 0 583750 0 0 0 0 683710 0 0 0 0 0 0 0 0 0 595350 0 1805323 636176 0 0 0 0 0 0 0 0 0 0 0 0 0 0 0 0 0 0 0 0 0 0 0 0 0 0 0 0 0 0 0 0 621460 0 0 0 0 0 0 0 0 0 0 0 0 0 0 0 0 0 0 0 0 0 0 0 0 0 0 0 0 0 589230 0 0 0 0 0 0 0 740968 0 0 0 0 0 0 0 0 0 0 0 0 0 0 0 658505 937871 0 0 0 580152 0 0 0 0 0 0 0 0 0 0 0 0 0 0 0 0 0 0 0 0 0 0 591962 0 0 614699 578887 0 0 0 0 0 0 603382 0 0 0 0 
5000 6 11 0 0 844183 0 0 0 0 0 0 0 0 0 0 0 763833 0 0 737880 0 0 0 0 0 0 776925 693562 809046 0 0 0 0 0 0 0 0 0 0 0 0 0 0 0 0 0 0 0 0 0 0 0 0 0 0 0 0 0 0 0 0 0 0 0 0 656719 0 0 0 0 680450 0 0 0 0 715317 701309 719300 0 0 0 0 0 0 0 0 0 0 0 0 0 0 0 0 0 0 0 0 0 0 719443 0 0 0 0 0 0 0 784125 0 691673 0 0 0 0 808444 0 0 0 0 0 0 0 0 0 705158 0 2137106 753258 0 0 0 0 0 0 0 0 0 0 0 0 0 0 0 0 0 0 0 0 0 0 0 0 0 0 0 0 0 0 0 0 734608 0 0 0 0 0 0 0 0 0 0 0 0 0 0 0 0 0 0 0 0 0 0 0 0 0 0 0 0 0 695936 0 0 0 0 0 0 0 875615 0 0 0 0 0 0 0 0 0 0 0 0 0 0 0 777634 1108475 0 0 0 686025 0 0 0 0 0 0 0 0 0 0 0 0 0 0 0 0 0 0 0 0 0 0 698162 0 0 725757 683650 0 0 0 0 0 0 713736 0 0 0 0 
