0 2 1 3 0 0 1 1 0 2 1 2 0 1 1 3
2 1 2 0 0 0 3 0 1 0 0 3 0 1 1 3
1 0 3 3 2 2 2 0 0 2 1 3 0 0 3 3
3 1 1 2 3 2 1 1 2 2 0 2 2 0 3 2
2 1 2 2 2 1 0 3 1 0 1 3 2 2 3 0
0 1 2 0 1 0 3 3 3 1 1 0 1 3 1 3
1 0 2 0 2 3 2 1 1 0 0 2 2 0 3 3
1 1 3 1 1 0 1 0 3 1 2 1 3 2 0 3
0 2 3 0 3 3 2 0 2 1 3 2 1 0 1 2
0 0 0 3 1 2 3 0 3 0 3 1 2 0 0 3
2 3 2 2 3 1 2 0 1 1 1 0 1 3 1 0
0 0 1 2 3 3 1 1 0 2 3 3 0 3 3 1
0 3 2 1 3 0 3 2 1 3 1 2 2 3 2 3
2 0 2 1 3 1 1 2 2 2 1 3 3 1 2 2
2 3 2 0 1 1 3 3 0 0 3 1 3 0 3 0
1 1 0 1 2 2 1 2 3 3 2 1 0 2 1 3
28 36 22 21 12 50 63 31 50 26 45 2 60 61 15 53
42 61 2 57 3 60 53 44 29 34 18 24 18 31 16 37
22 50 24 14 52 33 17 28 25 36 63 23 28 43 56 40
23 45 16 49 21 2 15 48 35 33 57 33 35 57 21 52
52 29 19 52 58 63 12 30 22 44 15 37 52 51 24 25
44 16 49 12 13 57 53 56 24 13 13 28 32 56 16 24
63 57 35 27 35 55 26 15 29 12 28 58 49 44 56 37
47 63 30 16 47 60 15 12 21 32 19 54 14 58 25 55
60 35 37 18 14 30 2 25 51 38 30 36 22 27 38 26
3 3 18 46 32 26 62 43 62 59 56 13 36 43 60 40
36 40 51 33 40 47 49 3 38 54 48 50 13 21 48 27
44 3 22 19 62 23 32 32 43 49 62 14 43 62 14 38
18 46 26 48 23 27 55 19 54 39 38 58 42 23 17 37
2 50 51 48 30 54 29 19 33 58 29 53 39 54 51 42
42 46 17 27 47 61 40 53 41 59 39 47 46 34 46 59
45 45 25 61 42 20 45 17 39 55 17 61 41 20 31 39
