1 1 0 0 0 0 0 0 0 0 1 0 1 1 1 1
0 0 0 0 1 1 1 0 1 0 0 1 0 0 1 0
0 1 1 0 1 1 1 0 1 0 0 1 1 1 1 1
1 1 1 0 1 1 0 0 1 1 1 1 1 1 0 1
1 0 1 1 1 0 1 1 1 1 1 1 1 1 1 1
0 1 1 0 1 1 0 1 1 1 0 0 0 0 0 0
0 1 0 0 0 0 0 0 0 0 0 0 1 0 0 1
0 0 1 0 1 0 1 1 1 0 1 1 0 0 0 1
0 0 0 0 0 0 0 1 1 1 1 1 0 0 1 1
1 0 0 0 0 0 1 1 1 0 0 1 1 0 0 0
1 0 0 0 1 0 1 0 0 1 1 1 0 0 1 1
1 1 1 0 0 1 0 0 0 0 1 1 1 1 1 1
0 0 1 1 1 0 0 1 1 1 0 0 1 0 1 0
1 0 1 1 0 0 1 0 1 0 0 1 0 0 1 0
0 1 0 1 1 0 1 1 0 1 0 0 0 1 0 0
1 0 1 0 1 1 1 1 1 1 0 1 1 1 0 0
20 120 76 60 60 60 98 67 98 98 43 24 64 27 48 27
17 67 67 116 75 27 75 44 48 17 28 97 44 44 97 112
65 75 59 112 64 43 64 24 59 74 24 36 36 52 52 43
52 11 59 74 32 36 74 112 66 11 88 97 11 104 114 88
88 17 66 73 113 114 120 32 104 113 48 120 73 104 113 73
139 32 83 33 83 92 84 83 34 66 146 114 76 76 132 28
58 34 132 128 128 116 132 28 105 116 33 33 57 65 107 34
84 58 16 42 4 42 20 90 20 35 115 16 42 105 40 90
12 128 84 100 40 105 58 16 18 68 92 92 107 107 106 115
68 56 40 100 65 100 124 68 124 10 35 124 115 12 35 12
90 19 19 49 25 139 136 139 146 25 57 106 19 146 106 41
25 18 18 56 56 9 137 137 89 137 4 136 50 9 136 57
72 130 129 108 147 26 121 4 41 9 49 72 129 26 41 91
147 130 99 129 89 130 108 121 50 72 89 50 26 10 108 51
96 145 10 145 145 91 131 131 91 131 51 121 51 147 144 96
140 96 138 144 140 138 99 138 140 122 144 122 122 99 123 49
