1 1 1 0 1 0 1 0 1 0 1 1 0 0 0 0
0 0 0 0 1 0 1 0 1 0 1 0 1 1 0 0
0 0 1 0 0 1 0 1 1 1 1 0 1 1 1 1
0 1 0 1 0 1 1 0 1 1 0 1 0 1 0 1
1 1 0 0 0 0 0 1 1 1 1 0 0 0 0 1
1 0 0 0 1 0 1 1 1 1 0 0 1 1 1 1
1 1 0 0 1 0 1 1 1 1 1 1 1 1 0 0
0 1 1 0 0 1 1 0 0 1 0 1 0 0 1 1
1 0 1 0 0 0 0 1 0 0 0 0 0 0 0 1
0 1 0 1 0 0 0 0 1 1 1 0 0 0 0 0
0 0 1 0 1 1 1 1 0 0 1 1 0 0 1 1
0 1 1 1 0 1 1 1 1 0 0 0 1 1 1 1
1 0 1 1 0 1 0 0 1 0 1 1 0 0 1 1
0 0 1 0 1 1 0 0 1 0 0 1 0 1 1 1
0 0 0 0 1 1 1 0 0 0 1 0 0 1 0 0
0 0 1 1 0 0 1 1 1 0 0 1 0 1 0 1
108 108 108 116 18 116 18 116 32 17 20 97 51 51 51 49
42 42 42 112 41 89 99 89 99 60 124 49 115 66 96 105
105 49 27 105 112 66 112 20 124 66 124 60 68 20 16 113
96 115 96 115 107 145 113 107 99 113 60 16 56 16 56 90
25 25 19 107 26 58 56 120 145 145 90 58 89 128 58 68
68 26 12 74 120 26 90 120 36 9 12 24 97 25 36 18
43 92 40 12 36 72 92 88 92 97 88 9 75 88 40 74
74 41 9 24 40 75 41 24 17 104 28 64 28 33 43 75
104 67 43 72 28 33 17 104 72 67 100 91 33 35 67 83
84 136 44 73 91 76 44 44 136 147 106 128 35 91 114 100
128 10 136 76 64 131 64 147 76 19 106 106 35 100 52 48
114 131 147 59 121 48 48 131 73 121 121 114 83 140 129 73
59 84 32 52 19 52 10 84 140 98 59 129 65 10 32 83
98 98 140 123 34 50 123 65 57 139 139 34 139 129 57 57
123 144 144 144 122 122 122 65 3 132 34 3 3 27 137 130
132 137 138 11 137 132 4 138 50 8 8 50 8 11 146 4
