1 1 1 1 1 0 0 0 0 0 1 0 1 1 1 1
1 1 1 0 0 1 1 1 0 0 0 1 1 1 0 0
1 1 0 0 0 0 1 0 1 0 0 1 0 1 1 0
1 0 1 0 1 1 1 0 0 1 1 1 0 1 0 0
1 1 0 1 1 1 0 1 0 1 0 1 0 0 0 0
1 1 1 0 0 0 1 1 0 1 0 0 0 0 0 0
0 0 0 1 1 0 1 1 0 0 0 0 1 1 1 0
1 0 0 0 1 0 0 0 1 0 0 1 0 1 0 1
0 0 0 0 0 0 0 0 1 1 0 1 0 1 0 1
1 0 0 1 1 0 0 0 1 1 1 1 0 1 1 1
1 1 1 1 0 1 0 0 0 0 1 1 1 1 1 1
1 1 0 0 1 1 1 1 0 1 1 1 1 1 0 0
0 0 0 1 1 1 0 0 0 1 1 1 0 0 0 0
0 0 1 0 0 0 1 1 1 0 1 1 0 0 1 1
1 0 1 0 0 1 1 1 0 1 1 0 1 1 1 0
0 0 0 0 0 0 1 1 1 0 0 0 0 1 1 1
106 34 68 90 20 28 40 60 28 60 68 28 68 97 106 64
97 90 90 58 35 20 20 27 24 24 24 64 64 97 60 10
27 27 58 40 40 58 104 76 50 10 35 9 10 41 25 19
50 96 73 76 41 50 41 35 76 73 73 106 44 43 44 44
36 104 98 25 88 99 17 66 96 104 96 16 12 8 8 8
43 43 83 17 17 26 36 36 72 16 26 26 49 65 49 49
84 84 105 99 99 84 66 66 33 91 105 12 11 11 11 12
16 33 42 42 83 19 19 42 83 65 89 75 89 57 89 57
67 65 100 72 72 56 100 100 57 88 98 52 98 9 56 48
9 67 67 48 48 51 51 51 52 92 34 52 56 88 59 34
59 92 75 25 33 18 105 107 107 107 32 32 32 120 120 120
75 92 91 91 108 108 108 18 116 115 115 18 115 59 74 116
74 74 116 4 4 4 114 114 114 113 113 113 112 112 146 146
112 146 129 137 137 137 129 131 131 121 129 131 139 121 147 147
147 121 138 132 139 138 138 145 139 145 145 132 136 136 136 128
132 130 128 128 130 130 124 124 124 3 144 144 144 140 140 140
