1 1 1 0 1 1 1 0 0 1 1 1 0 0 0 1
0 0 1 1 0 0 0 0 0 1 1 1 0 0 0 1
0 0 0 0 0 0 0 1 0 1 1 1 1 1 1 0
0 0 0 0 0 1 1 1 0 0 0 1 1 1 1 1
1 0 1 1 1 1 1 1 0 0 1 0 0 1 1 1
1 1 1 1 1 0 0 1 1 1 1 1 0 0 0 1
1 1 1 1 1 1 1 1 1 0 0 0 0 0 0 0
0 0 1 0 1 1 1 0 1 1 0 0 0 0 0 0
0 0 0 0 0 0 0 0 1 1 0 0 0 0 1 1
1 1 1 0 0 0 1 0 1 1 1 1 1 0 0 1
1 1 1 1 1 0 0 0 0 0 0 0 1 1 1 1
1 1 1 1 0 1 1 1 0 0 0 1 1 1 0 0
0 1 1 1 1 0 0 0 0 0 0 0 0 0 0 1
1 1 1 1 1 0 0 0 0 0 0 1 1 1 1 1
1 0 0 0 0 0 0 0 0 0 0 0 0 1 1 1
1 1 1 0 0 0 0 0 0 1 1 1 0 0 0 0
18 18 18 19 9 9 9 10 12 11 11 11 12 12 10 16
19 10 16 16 74 74 74 96 96 41 41 41 105 105 105 120
72 24 26 26 26 89 89 25 89 25 20 20 25 99 20 33
33 33 96 24 98 27 27 27 24 56 40 88 88 88 48 48
48 56 120 120 83 36 83 83 40 56 36 40 51 36 99 99
43 97 34 34 34 98 98 75 75 4 4 4 49 72 17 43
113 59 104 66 73 73 73 104 104 72 114 100 100 100 65 65
35 114 90 42 52 52 52 114 113 113 107 107 28 28 28 35
35 84 107 112 112 112 17 17 66 66 19 8 8 8 97 97
92 92 92 116 116 116 115 58 115 115 59 59 75 58 58 57
57 57 108 108 108 76 76 76 42 42 49 49 90 90 50 50
50 32 32 32 65 68 68 68 60 60 60 64 64 64 44 44
44 106 106 106 43 67 67 67 84 84 51 51 91 91 91 145
145 145 147 147 147 139 139 139 146 146 146 122 122 122 140 140
140 3 3 3 123 123 123 144 144 144 137 137 137 138 138 138
129 129 129 130 130 130 128 128 128 136 136 136 132 132 132 121
