0 0 0 1 1 1 0 0 0 0 0 0 1 1 1 1
0 1 1 1 1 1 0 0 0 0 0 1 0 0 0 0
0 1 1 0 0 0 0 0 0 1 0 1 1 1 0 0
0 1 1 1 1 1 1 1 0 1 1 1 1 0 0 0
1 1 1 1 1 0 0 0 1 1 1 0 1 1 1 1
0 1 0 0 1 1 1 1 1 0 1 1 1 1 1 0
1 1 0 0 0 0 0 0 0 0 1 0 1 1 1 0
0 1 1 0 1 1 1 0 1 0 0 1 1 1 0 0
0 1 1 0 0 0 0 0 0 0 1 1 1 0 0 0
0 0 1 1 0 1 1 0 0 0 0 0 0 0 1 1
1 1 1 1 1 1 0 0 0 1 0 1 1 1 1 1
0 0 1 1 1 1 1 1 1 1 1 1 0 1 0 0
0 0 1 1 1 0 0 0 0 0 0 0 0 0 0 1
0 0 0 0 1 1 1 1 1 1 0 0 1 0 0 0
0 1 1 0 0 0 0 1 0 1 1 1 1 1 0 1
1 1 1 1 1 1 0 0 0 0 1 1 1 0 0 0
8 8 8 9 9 9 12 12 12 19 19 19 18 18 18 11
17 16 16 16 11 11 10 10 10 17 17 25 40 26 35 35
35 32 32 40 40 26 28 28 28 32 26 92 25 97 33 33
33 104 34 34 34 83 57 27 49 27 27 36 52 44 44 44
50 113 41 41 41 58 58 58 43 50 50 72 43 43 20 36
84 36 84 84 68 68 90 97 97 112 99 66 66 25 75 89
59 59 89 89 42 42 42 146 146 146 66 60 147 147 147 105
139 104 104 51 88 88 88 49 68 49 98 83 83 59 51 105
105 20 20 114 65 72 91 91 116 116 106 106 106 96 114 114
96 96 108 108 91 108 145 76 76 76 100 100 100 60 115 57
52 52 99 99 57 115 74 74 74 115 56 48 48 92 92 75
98 98 75 120 120 120 64 64 64 73 73 73 65 113 67 67
67 51 48 113 90 112 65 112 60 72 107 107 107 116 56 90
56 24 24 24 138 138 138 131 131 131 132 132 124 139 130 130
139 4 4 121 121 121 132 4 137 136 145 145 124 124 130 140
140 129 136 129 129 140 144 144 144 128 122 122 122 3 3 3
