0 0 0 1 1 1 1 1 0 0 0 0 0 1 1 1
1 0 0 0 0 1 1 0 0 0 0 0 1 0 1 0
1 1 0 1 1 0 0 1 0 0 1 0 1 0 1 1
1 0 1 1 1 1 0 0 0 1 0 0 1 0 1 1
0 0 1 1 0 0 0 0 0 0 0 0 0 1 0 0
1 1 1 1 0 0 0 0 0 0 1 1 0 0 1 1
1 0 0 0 1 0 0 0 0 0 0 0 1 1 0 0
0 1 1 1 0 1 0 0 1 0 0 0 0 0 0 0
1 1 1 1 1 1 0 1 1 1 1 1 1 1 1 1
1 1 1 1 0 0 0 1 1 1 1 1 1 1 1 1
1 0 0 0 0 0 1 0 1 0 0 1 1 1 1 1
1 1 1 1 1 1 0 0 0 0 0 1 1 1 1 0
1 0 1 0 0 1 0 0 0 0 0 0 0 1 0 1
1 1 1 1 1 1 0 1 0 1 0 0 0 1 1 0
1 1 1 1 0 1 1 0 0 1 0 0 0 0 1 0
0 0 0 1 1 1 1 1 1 1 1 1 0 0 1 1
40 40 40 43 9 43 43 9 12 12 84 12 84 32 32 36
32 8 84 8 8 11 11 10 96 96 10 10 41 98 11 51
41 41 67 115 34 24 28 34 58 24 68 98 66 24 59 59
59 58 34 66 66 73 28 96 100 73 42 42 106 42 9 73
51 98 106 106 60 58 107 33 107 107 105 105 33 120 116 51
16 16 68 68 17 19 44 28 44 116 120 120 105 19 52 52
18 33 100 26 52 17 19 26 60 17 26 116 90 115 91 65
44 18 16 90 100 18 65 65 108 67 91 67 60 35 35 35
97 36 97 99 97 83 91 36 83 83 48 48 48 20 113 113
113 115 20 20 89 89 89 88 88 88 27 99 90 27 27 99
104 114 114 114 56 76 108 76 108 56 56 25 25 25 64 64
50 64 50 145 145 145 76 132 132 132 139 92 92 104 92 72
50 49 104 49 49 75 72 72 146 139 139 146 146 75 74 138
147 75 4 4 4 147 112 136 130 138 74 74 112 57 57 112
124 57 138 124 128 136 124 130 130 136 137 137 128 137 131 121
121 128 121 131 129 131 129 129 147 140 140 140 123 123 122 122
