1 0 1 1 1 0 0 1 0 1 1 1 0 0 0 0
1 0 0 1 0 0 0 0 1 0 0 1 0 1 1 1
1 1 1 1 1 1 1 1 1 0 1 1 1 0 1 0
0 0 1 0 1 0 1 0 0 1 0 1 1 0 0 0
0 1 0 0 1 0 1 1 1 1 1 1 0 0 0 0
0 1 1 0 0 1 1 0 1 0 1 0 1 0 0 0
1 1 1 0 0 0 0 1 0 0 1 0 1 1 0 0
1 1 0 1 1 1 0 0 0 0 1 1 0 1 1 0
1 1 1 1 0 0 0 0 1 0 1 1 0 0 1 1
1 0 1 1 0 0 0 0 0 0 0 1 0 0 1 0
1 1 0 0 1 0 0 1 1 0 1 1 1 0 1 1
1 1 0 1 0 0 1 1 0 1 1 0 1 0 1 1
1 0 1 1 0 0 0 0 0 0 1 0 0 1 0 1
1 1 0 0 0 1 0 1 1 1 0 0 0 0 0 0
1 1 0 1 0 1 0 0 1 0 1 0 0 0 1 1
1 1 1 0 1 1 1 0 1 0 1 1 1 1 1 0
9 105 11 88 36 58 51 99 72 129 129 92 51 12 130 114
129 128 128 136 128 130 132 132 52 17 130 136 44 50 48 20
27 68 97 25 20 64 32 25 59 26 97 115 43 105 106 56
35 24 115 84 57 84 57 91 65 41 72 68 104 76 98 51
72 88 49 67 115 17 90 106 57 97 27 106 24 139 91 8
8 52 83 8 100 64 4 96 66 40 120 89 52 42 26 56
92 20 73 105 28 26 28 50 65 65 48 96 83 41 49 60
66 66 114 108 41 99 112 44 96 112 75 48 49 88 108 114
99 147 145 32 28 60 17 42 36 60 90 145 98 98 147 50
18 139 147 75 107 58 44 107 139 107 116 11 67 116 32 40
59 90 89 40 27 33 89 124 64 91 43 138 75 35 138 36
25 138 24 68 132 42 59 122 33 124 124 100 104 123 120 108
34 58 43 140 3 121 3 33 100 76 83 137 123 140 67 140
122 34 121 116 35 73 56 122 120 34 84 76 12 146 144 3
73 113 144 113 144 113 112 137 145 121 11 123 146 146 136 104
4 92 18 137 131 4 18 12 16 10 131 131 16 16 9 19
