0 0 0 1 1 1 0 0 0 0 0 0 1 1 1 1
1 1 0 1 1 1 0 0 0 0 0 0 0 0 1 1
1 1 1 1 0 0 1 1 1 1 1 1 0 1 0 0
0 0 0 0 0 0 0 1 0 1 1 0 0 1 1 1
0 0 1 1 1 1 1 0 0 0 1 1 1 0 0 0
1 1 1 0 0 0 0 0 0 1 1 1 1 1 1 1
0 1 0 1 1 1 0 0 1 0 0 1 1 0 1 1
1 0 0 0 0 0 0 1 1 1 1 1 1 0 0 0
0 0 0 1 0 0 0 1 1 0 0 0 1 0 0 0
0 1 1 1 1 1 1 0 1 0 0 0 0 0 1 1
0 0 0 0 1 1 1 1 1 1 0 1 0 0 0 1
1 0 1 1 0 0 0 0 1 1 1 1 1 1 1 1
0 0 1 1 0 1 1 0 0 1 1 1 1 1 1 1
0 1 0 0 0 0 0 1 1 1 0 0 0 1 1 1
0 0 1 1 1 0 0 0 0 0 0 0 0 0 1 1
0 0 0 1 1 1 0 0 0 1 1 1 1 1 1 1
8 8 8 9 9 9 12 12 12 19 19 19 18 18 18 11
11 11 10 16 16 16 10 10 17 17 17 96 100 100 52 52
66 52 66 66 96 96 34 27 27 27 32 32 89 41 100 40
40 26 40 44 44 44 60 50 49 92 50 35 35 41 32 73
35 28 34 34 50 36 20 24 58 26 83 83 83 91 26 42
43 43 43 89 89 112 112 112 72 88 88 88 106 106 106 90
116 36 114 25 59 75 98 114 41 98 114 75 75 51 90 90
104 58 74 74 74 84 84 68 68 68 97 97 97 67 67 72
72 60 60 73 98 28 28 73 25 76 67 42 92 24 91 91
24 48 48 57 57 57 48 107 25 49 49 84 51 107 99 36
107 65 65 65 92 108 104 104 113 20 42 20 51 33 58 120
120 105 99 99 105 105 76 76 64 64 64 115 115 115 113 113
116 116 59 59 56 108 138 56 56 145 145 145 108 138 138 120
128 129 128 128 139 139 139 140 140 140 144 144 144 122 122 122
3 3 147 147 147 121 146 146 146 121 121 3 33 33 129 129
123 123 123 131 131 131 130 130 130 136 136 136 124 124 124 4
