1 0 12 0 0 0 0 0 0 0 0 0 112895 0 0 113874 0 0 106570 0 0 0 0 0 0 0 0 0 0 0 0 0 0 0 0 0 0 0 0 0 0 95736 0 0 0 108623 0 0 0 0 0 0 0 0 0 0 0 0 0 0 0 0 0 0 93422 0 0 97733 0 0 0 0 0 0 0 0 97086 117614 0 0 0 0 0 0 0 0 101446 0 0 0 0 0 101339 0 362078 0 95744 0 0 0 0 108648 118607 0 0 0 0 0 0 0 0 102964 0 0 100578 0 109211 0 0 0 169055 0 0 0 0 0 0 105420 0 0 0 0 0 0 0 0 0 0 0 0 0 0 0 0 0 258023 0 0 0 0 0 0 0 114574 102325 0 117889 0 0 94186 0 0 0 0 0 0 0 0 0 0 0 0 0 0 0 0 0 0 0 0 0 0 0 0 0 0 0 0 0 0 0 0 135196 123290 0 0 0 0 0 0 0 161783 0 0 0 0 108193 0 0 0 0 0 0 0 0 0 0 0 0 0 0 0 0 0 0 0 94535 0 108633 0 0 0 113668 0 0 0 0 94246 95396 0 0 118755 0 0 116227 0 0 0 0 115059 0 0 0 0 103490 0 0 0 96111 0 
1 1 12 0 0 0 0 0 0 0 0 0 236941 0 0 238715 0 0 222602 0 0 0 0 0 0 0 0 0 0 0 0 0 0 0 0 0 0 0 0 0 0 201674 0 0 0 228036 0 0 0 0 0 0 0 0 0 0 0 0 0 0 0 0 0 0 196434 0 0 205439 0 0 0 0 0 0 0 0 205059 247395 0 0 0 0 0 0 0 0 212569 0 0 0 0 0 213422 0 758171 0 201711 0 0 0 0 227103 247591 0 0 0 0 0 0 0 0 217617 0 0 212510 0 230018 0 0 0 354988 0 0 0 0 0 0 222596 0 0 0 0 0 0 0 0 0 0 0 0 0 0 0 0 0 546596 0 0 0 0 0 0 0 240342 215270 0 247657 0 0 198261 0 0 0 0 0 0 0 0 0 0 0 0 0 0 0 0 0 0 0 0 0 0 0 0 0 0 0 0 0 0 0 0 284660 259916 0 0 0 0 0 0 0 339319 0 0 0 0 228892 0 0 0 0 0 0 0 0 0 0 0 0 0 0 0 0 0 0 0 198015 0 229336 0 0 0 239040 0 0 0 0 198213 201475 0 0 249558 0 0 244923 0 0 0 0 240559 0 0 0 0 218110 0 0 0 201898 0 
1 2 12 0 0 0 0 0 0 0 0 0 362213 0 0 364365 0 0 341698 0 0 0 0 0 0 0 0 0 0 0 0 0 0 0 0 0 0 0 0 0 0 308321 0 0 0 349976 0 0 0 0 0 0 0 0 0 0 0 0 0 0 0 0 0 0 299915 0 0 313585 0 0 0 0 0 0 0 0 312698 378143 0 0 0 0 0 0 0 0 326121 0 0 0 0 0 326601 0 1164322 0 308736 0 0 0 0 346969 380192 0 0 0 0 0 0 0 0 332225 0 0 324988 0 350756 0 0 0 543949 0 0 0 0 0 0 340640 0 0 0 0 0 0 0 0 0 0 0 0 0 0 0 0 0 836505 0 0 0 0 0 0 0 367865 329451 0 378609 0 0 302290 0 0 0 0 0 0 0 0 0 0 0 0 0 0 0 0 0 0 0 0 0 0 0 0 0 0 0 0 0 0 0 0 435563 396396 0 0 0 0 0 0 0 518662 0 0 0 0 349580 0 0 0 0 0 0 0 0 0 0 0 0 0 0 0 0 0 0 0 302358 0 350697 0 0 0 365043 0 0 0 0 302766 307893 0 0 381082 0 0 374385 0 0 0 0 369166 0 0 0 0 332386 0 0 0 308591 0 
1 3 12 0 0 0 0 0 0 0 0 0 487744 0 0 490296 0 0 460725 0 0 0 0 0 0 0 0 0 0 0 0 0 0 0 0 0 0 0 0 0 0 415694 0 0 0 471505 0 0 0 0 0 0 0 0 0 0 0 0 0 0 0 0 0 0 403657 0 0 421766 0 0 0 0 0 0 0 0 420563 509712 0 0 0 0 0 0 0 0 439411 0 0 0 0 0 440055 0 1566196 0 415242 0 0 0 0 466622 512509 0 0 0 0 0 0 0 0 447230 0 0 437844 0 472567 0 0 0 732114 0 0 0 0 0 0 458880 0 0 0 0 0 0 0 0 0 0 0 0 0 0 0 0 0 1125319 0 0 0 0 0 0 0 494612 443842 0 509699 0 0 406656 0 0 0 0 0 0 0 0 0 0 0 0 0 0 0 0 0 0 0 0 0 0 0 0 0 0 0 0 0 0 0 0 586376 533761 0 0 0 0 0 0 0 699050 0 0 0 0 471048 0 0 0 0 0 0 0 0 0 0 0 0 0 0 0 0 0 0 0 406696 0 472233 0 0 0 492532 0 0 0 0 407579 414882 0 0 513707 0 0 504098 0 0 0 0 497000 0 0 0 0 447180 0 0 0 415106 0 
1 4 12 0 0 0 0 0 0 0 0 0 609536 0 0 611781 0 0 574675 0 0 0 0 0 0 0 0 0 0 0 0 0 0 0 0 0 0 0 0 0 0 518939 0 0 0 587750 0 0 0 0 0 0 0 0 0 0 0 0 0 0 0 0 0 0 503850 0 0 527014 0 0 0 0 0 0 0 0 525447 637134 0 0 0 0 0 0 0 0 548619 0 0 0 0 0 549193 0 1952836 0 518938 0 0 0 0 581911 638560 0 0 0 0 0 0 0 0 558483 0 0 547434 0 590075 0 0 0 912924 0 0 0 0 0 0 573539 0 0 0 0 0 0 0 0 0 0 0 0 0 0 0 0 0 1406240 0 0 0 0 0 0 0 617824 553761 0 636926 0 0 507256 0 0 0 0 0 0 0 0 0 0 0 0 0 0 0 0 0 0 0 0 0 0 0 0 0 0 0 0 0 0 0 0 731919 666799 0 0 0 0 0 0 0 871942 0 0 0 0 588923 0 0 0 0 0 0 0 0 0 0 0 0 0 0 0 0 0 0 0 508489 0 589916 0 0 0 614695 0 0 0 0 509000 518307 0 0 641368 0 0 629519 0 0 0 0 620121 0 0 0 0 558814 0 0 0 518134 0 
1 5 12 0 0 0 0 0 0 0 0 0 732670 0 0 736036 0 0 692042 0 0 0 0 0 0 0 0 0 0 0 0 0 0 0 0 0 0 0 0 0 0 624283 0 0 0 708056 0 0 0 0 0 0 0 0 0 0 0 0 0 0 0 0 0 0 606323 0 0 633431 0 0 0 0 0 0 0 0 631315 766038 0 0 0 0 0 0 0 0 660323 0 0 0 0 0 660265 0 2351521 0 623932 0 0 0 0 700433 768747 0 0 0 0 0 0 0 0 670945 0 0 657932 0 709110 0 0 0 1099131 0 0 0 0 0 0 688921 0 0 0 0 0 0 0 0 0 0 0 0 0 0 0 0 0 1688897 0 0 0 0 0 0 0 741961 666286 0 764975 0 0 609307 0 0 0 0 0 0 0 0 0 0 0 0 0 0 0 0 0 0 0 0 0 0 0 0 0 0 0 0 0 0 0 0 880942 801317 0 0 0 0 0 0 0 1049074 0 0 0 0 707384 0 0 0 0 0 0 0 0 0 0 0 0 0 0 0 0 0 0 0 611574 0 709117 0 0 0 738813 0 0 0 0 612142 623536 0 0 770707 0 0 756231 0 0 0 0 746380 0 0 0 0 672151 0 0 0 623440 0 
1 6 12 0 0 0 0 0 0 0 0 0 858777 0 0 862745 0 0 811579 0 0 0 0 0 0 0 0 0 0 0 0 0 0 0 0 0 0 0 0 0 0 731282 0 0 0 830122 0 0 0 0 0 0 0 0 0 0 0 0 0 0 0 0 0 0 711171 0 0 741509 0 0 0 0 0 0 0 0 740999 897711 0 0 0 0 0 0 0 0 774544 0 0 0 0 0 774633 0 2757389 0 731547 0 0 0 0 820910 901809 0 0 0 0 0 0 0 0 785585 0 0 770298 0 831312 0 0 0 1288845 0 0 0 0 0 0 807005 0 0 0 0 0 0 0 0 0 0 0 0 0 0 0 0 0 1978185 0 0 0 0 0 0 0 870360 781580 0 897415 0 0 714886 0 0 0 0 0 0 0 0 0 0 0 0 0 0 0 0 0 0 0 0 0 0 0 0 0 0 0 0 0 0 0 0 1032309 939192 0 0 0 0 0 0 0 1230273 0 0 0 0 829172 0 0 0 0 0 0 0 0 0 0 0 0 0 0 0 0 0 0 0 717522 0 831426 0 0 0 866605 0 0 0 0 717904 731678 0 0 903991 0 0 886397 0 0 0 0 875569 0 0 0 0 787813 0 0 0 731414 0 
5000 0 11 0 0 0 0 0 0 0 0 0 0 0 0 0 0 0 0 0 0 0 0 96060 0 0 90194 0 0 0 0 0 0 99176 0 0 0 0 0 0 0 0 0 0 0 0 0 0 0 0 0 0 0 0 0 0 0 0 91470 0 90061 0 0 0 0 129029 0 0 0 0 0 0 0 0 0 0 0 0 0 0 0 0 0 0 0 0 0 0 0 0 0 0 0 0 0 0 0 0 0 0 0 0 0 0 95403 0 0 0 0 0 0 0 114323 0 0 0 0 0 0 0 0 0 0 0 0 0 0 0 0 0 0 0 0 0 0 0 0 0 102809 0 94919 0 0 98542 0 93202 0 0 0 0 0 0 0 0 0 93355 0 0 0 0 0 0 0 0 0 0 0 0 0 0 0 0 0 0 0 0 97464 0 0 0 0 0 0 0 0 0 95915 0 0 0 93012 92213 0 0 98766 111714 0 91950 0 94615 0 100066 0 0 97447 0 121979 0 0 0 0 102591 95131 117418 0 0 0 0 0 0 0 0 0 0 0 0 0 0 0 0 0 0 0 0 0 0 0 0 0 0 0 103227 90008 0 0 0 0 0 0 0 0 92136 0 0 135497 0 0 0 0 0 
5000 1 11 0 0 0 0 0 0 0 0 0 0 0 0 0 0 0 0 0 0 0 0 208318 0 0 195703 0 0 0 0 0 0 216034 0 0 0 0 0 0 0 0 0 0 0 0 0 0 0 0 0 0 0 0 0 0 0 0 199487 0 197749 0 0 0 0 280750 0 0 0 0 0 0 0 0 0 0 0 0 0 0 0 0 0 0 0 0 0 0 0 0 0 0 0 0 0 0 0 0 0 0 0 0 0 0 207120 0 0 0 0 0 0 0 247448 0 0 0 0 0 0 0 0 0 0 0 0 0 0 0 0 0 0 0 0 0 0 0 0 0 221690 0 205639 0 0 212758 0 200625 0 0 0 0 0 0 0 0 0 203305 0 0 0 0 0 0 0 0 0 0 0 0 0 0 0 0 0 0 0 0 210364 0 0 0 0 0 0 0 0 0 208230 0 0 0 201710 200129 0 0 215796 244437 0 201127 0 206270 0 217912 0 0 212123 0 265636 0 0 0 0 222789 207010 255504 0 0 0 0 0 0 0 0 0 0 0 0 0 0 0 0 0 0 0 0 0 0 0 0 0 0 0 224633 198055 0 0 0 0 0 0 0 0 200158 0 0 295022 0 0 0 0 0 
5000 2 11 0 0 0 0 0 0 0 0 0 0 0 0 0 0 0 0 0 0 0 0 304786 0 0 286755 0 0 0 0 0 0 314160 0 0 0 0 0 0 0 0 0 0 0 0 0 0 0 0 0 0 0 0 0 0 0 0 290775 0 288871 0 0 0 0 408037 0 0 0 0 0 0 0 0 0 0 0 0 0 0 0 0 0 0 0 0 0 0 0 0 0 0 0 0 0 0 0 0 0 0 0 0 0 0 302017 0 0 0 0 0 0 0 362111 0 0 0 0 0 0 0 0 0 0 0 0 0 0 0 0 0 0 0 0 0 0 0 0 0 325307 0 301280 0 0 312048 0 294238 0 0 0 0 0 0 0 0 0 295771 0 0 0 0 0 0 0 0 0 0 0 0 0 0 0 0 0 0 0 0 308588 0 0 0 0 0 0 0 0 0 303356 0 0 0 293659 291078 0 0 315071 356382 0 293186 0 299943 0 317057 0 0 309326 0 387495 0 0 0 0 326510 301930 372588 0 0 0 0 0 0 0 0 0 0 0 0 0 0 0 0 0 0 0 0 0 0 0 0 0 0 0 327493 288200 0 0 0 0 0 0 0 0 291871 0 0 432512 0 0 0 0 0 
5000 3 11 0 0 0 0 0 0 0 0 0 0 0 0 0 0 0 0 0 0 0 0 407445 0 0 383225 0 0 0 0 0 0 420841 0 0 0 0 0 0 0 0 0 0 0 0 0 0 0 0 0 0 0 0 0 0 0 0 388946 0 386674 0 0 0 0 545748 0 0 0 0 0 0 0 0 0 0 0 0 0 0 0 0 0 0 0 0 0 0 0 0 0 0 0 0 0 0 0 0 0 0 0 0 0 0 404075 0 0 0 0 0 0 0 484231 0 0 0 0 0 0 0 0 0 0 0 0 0 0 0 0 0 0 0 0 0 0 0 0 0 435016 0 402398 0 0 417176 0 393928 0 0 0 0 0 0 0 0 0 395800 0 0 0 0 0 0 0 0 0 0 0 0 0 0 0 0 0 0 0 0 412600 0 0 0 0 0 0 0 0 0 405822 0 0 0 393298 389714 0 0 421142 476424 0 392763 0 401471 0 424320 0 0 413196 0 518340 0 0 0 0 436288 404017 497713 0 0 0 0 0 0 0 0 0 0 0 0 0 0 0 0 0 0 0 0 0 0 0 0 0 0 0 437741 385535 0 0 0 0 0 0 0 0 389957 0 0 578385 0 0 0 0 0 
5000 4 11 0 0 0 0 0 0 0 0 0 0 0 0 0 0 0 0 0 0 0 0 502411 0 0 473179 0 0 0 0 0 0 520889 0 0 0 0 0 0 0 0 0 0 0 0 0 0 0 0 0 0 0 0 0 0 0 0 480820 0 478067 0 0 0 0 673037 0 0 0 0 0 0 0 0 0 0 0 0 0 0 0 0 0 0 0 0 0 0 0 0 0 0 0 0 0 0 0 0 0 0 0 0 0 0 499098 0 0 0 0 0 0 0 597667 0 0 0 0 0 0 0 0 0 0 0 0 0 0 0 0 0 0 0 0 0 0 0 0 0 537919 0 496452 0 0 516238 0 487465 0 0 0 0 0 0 0 0 0 489532 0 0 0 0 0 0 0 0 0 0 0 0 0 0 0 0 0 0 0 0 510548 0 0 0 0 0 0 0 0 0 501514 0 0 0 486640 482239 0 0 520697 588730 0 484742 0 495385 0 523583 0 0 510899 0 640988 0 0 0 0 539267 499309 615065 0 0 0 0 0 0 0 0 0 0 0 0 0 0 0 0 0 0 0 0 0 0 0 0 0 0 0 540943 476101 0 0 0 0 0 0 0 0 482513 0 0 715078 0 0 0 0 0 
5000 5 11 0 0 0 0 0 0 0 0 0 0 0 0 0 0 0 0 0 0 0 0 610282 0 0 574703 0 0 0 0 0 0 631728 0 0 0 0 0 0 0 0 0 0 0 0 0 0 0 0 0 0 0 0 0 0 0 0 583038 0 579778 0 0 0 0 816680 0 0 0 0 0 0 0 0 0 0 0 0 0 0 0 0 0 0 0 0 0 0 0 0 0 0 0 0 0 0 0 0 0 0 0 0 0 0 605207 0 0 0 0 0 0 0 725235 0 0 0 0 0 0 0 0 0 0 0 0 0 0 0 0 0 0 0 0 0 0 0 0 0 651882 0 602395 0 0 626019 0 590828 0 0 0 0 0 0 0 0 0 593868 0 0 0 0 0 0 0 0 0 0 0 0 0 0 0 0 0 0 0 0 618911 0 0 0 0 0 0 0 0 0 608713 0 0 0 589724 584496 0 0 631300 714142 0 588166 0 601032 0 635585 0 0 619309 0 777626 0 0 0 0 653648 605131 745802 0 0 0 0 0 0 0 0 0 0 0 0 0 0 0 0 0 0 0 0 0 0 0 0 0 0 0 655536 578381 0 0 0 0 0 0 0 0 585247 0 0 867501 0 0 0 0 0 
5000 6 11 0 0 0 0 0 0 0 0 0 0 0 0 0 0 0 0 0 0 0 0 720937 0 0 678272 0 0 0 0 0 0 746621 0 0 0 0 0 0 0 0 0 0 0 0 0 0 0 0 0 0 0 0 0 0 0 0 688577 0 685038 0 0 0 0 966232 0 0 0 0 0 0 0 0 0 0 0 0 0 0 0 0 0 0 0 0 0 0 0 0 0 0 0 0 0 0 0 0 0 0 0 0 0 0 714549 0 0 0 0 0 0 0 856193 0 0 0 0 0 0 0 0 0 0 0 0 0 0 0 0 0 0 0 0 0 0 0 0 0 770054 0 711092 0 0 739554 0 698142 0 0 0 0 0 0 0 0 0 701536 0 0 0 0 0 0 0 0 0 0 0 0 0 0 0 0 0 0 0 0 731447 0 0 0 0 0 0 0 0 0 718571 0 0 0 696562 689974 0 0 745642 843879 0 696385 0 711399 0 752605 0 0 731544 0 919124 0 0 0 0 771972 715291 881282 0 0 0 0 0 0 0 0 0 0 0 0 0 0 0 0 0 0 0 0 0 0 0 0 0 0 0 774592 682781 0 0 0 0 0 0 0 0 691285 0 0 1024577 0 0 0 0 0 
