0 0 0 0 0 0 0 0 0 0 0 0 0 0 0 0
0 0 0 0 0 0 0 0 0 0 0 0 0 0 0 0
0 0 0 0 0 0 0 0 0 0 0 0 0 0 0 0
0 0 0 0 0 0 0 0 0 0 0 0 0 0 0 0
0 0 0 0 0 0 0 0 0 0 0 0 0 0 0 0
0 0 0 0 0 0 0 0 0 0 0 0 0 0 0 0
0 0 0 0 0 0 0 0 0 0 0 0 0 0 0 0
0 0 0 0 0 0 0 0 0 0 0 0 0 0 0 0
0 0 0 0 0 0 0 0 0 0 0 0 0 0 0 0
0 0 0 0 0 0 0 0 0 0 0 0 0 0 0 0
0 0 0 0 0 0 0 0 0 0 0 0 0 0 0 0
0 0 0 0 0 0 0 0 0 0 0 0 0 0 0 0
0 0 0 0 0 0 0 0 0 0 0 0 0 0 0 0
0 0 0 0 0 0 0 0 0 0 0 0 0 0 0 0
0 0 0 0 0 0 0 0 0 0 0 0 0 0 0 0
0 0 0 0 0 0 0 0 0 0 0 0 0 0 0 0
37 6 71 71 30 37 16 37 37 58 58 58 26 58 41 45
27 26 26 26 62 36 47 36 44 31 65 46 45 36 9 45
41 13 45 41 41 36 46 13 67 46 13 22 46 32 13 38
38 38 38 32 18 22 32 32 66 6 51 66 6 61 66 51
51 27 40 44 51 68 66 18 6 67 28 61 18 18 57 22
57 22 57 9 44 61 49 49 9 40 57 44 47 9 64 61
67 67 12 40 71 70 33 17 62 40 49 70 68 23 64 20
47 47 8 17 70 68 71 68 12 21 69 35 8 62 20 19
7 20 27 70 19 62 10 8 10 20 25 35 48 64 35 49
19 28 28 25 39 55 27 48 35 25 55 28 21 23 21 7
53 7 8 29 48 39 21 42 19 14 34 17 25 33 63 64
53 10 10 42 39 69 23 55 60 7 53 48 63 17 12 55
43 14 60 23 14 69 11 60 14 33 29 33 34 34 12 39
60 42 11 63 34 42 16 63 30 24 69 53 11 50 11 24
24 4 50 56 52 50 56 52 24 4 15 65 29 30 65 50
4 65 31 30 16 29 59 56 4 56 5 5 16 5 52 5
