0 0 0 0 0 0 0 0 0 0 0 0 0 0 0 0
0 0 0 0 0 0 0 0 0 0 0 0 0 0 0 0
0 0 0 0 0 0 0 0 0 0 0 0 0 0 0 0
0 0 0 0 0 0 0 0 0 0 0 0 0 0 0 0
0 0 0 0 0 0 0 0 0 0 0 0 0 0 0 0
0 0 0 0 0 0 0 0 0 0 0 0 0 0 0 0
0 0 0 0 0 0 0 0 0 0 0 0 0 0 0 0
0 0 0 0 0 0 0 0 0 0 0 0 0 0 0 0
0 0 0 0 0 0 0 0 0 0 0 0 0 0 0 0
0 0 0 0 0 0 0 0 0 0 0 0 0 0 0 0
0 0 0 0 0 0 0 0 0 0 0 0 0 0 0 0
0 0 0 0 0 0 0 0 0 0 0 0 0 0 0 0
0 0 0 0 0 0 0 0 0 0 0 0 0 0 0 0
0 0 0 0 0 0 0 0 0 0 0 0 0 0 0 0
0 0 0 0 0 0 0 0 0 0 0 0 0 0 0 0
0 0 0 0 0 0 0 0 0 0 0 0 0 0 0 0
40 55 40 40 40 31 31 31 31 12 12 12 33 62 69 29
25 25 25 25 12 16 22 66 66 62 69 29 69 69 56 62
62 29 67 66 66 29 42 15 64 71 53 37 42 8 8 67
56 59 56 8 56 37 67 64 59 67 37 8 33 15 33 53
59 59 11 64 15 37 33 71 53 42 53 35 52 64 35 42
13 15 7 45 71 45 48 71 22 13 7 13 57 14 55 49
49 49 38 49 38 38 38 35 35 57 7 4 46 14 22 57
7 51 4 14 10 14 24 4 9 52 10 10 17 4 52 46
57 13 52 45 24 17 51 55 43 45 51 17 23 10 22 51
19 19 43 55 19 17 43 23 46 24 24 61 9 46 68 61
27 70 19 26 70 43 23 23 26 48 63 26 21 54 61 28
26 9 70 61 54 47 48 60 44 9 48 32 60 70 27 44
60 27 21 60 11 28 54 47 44 47 63 63 63 5 27 28
21 5 47 21 54 65 65 11 36 28 36 36 65 65 18 68
36 34 18 68 58 11 58 39 58 50 58 44 50 18 39 5
32 41 34 18 34 50 39 41 41 41 39 34 68 5 50 32
