0 0 0 0 0 0 0 0 0 0 0 0 0 0 0 0
0 0 0 0 0 0 0 0 0 0 0 0 0 0 0 0
0 0 0 0 0 0 0 0 0 0 0 0 0 0 0 0
0 0 0 0 0 0 0 0 0 0 0 0 0 0 0 0
0 0 0 0 0 0 0 0 0 0 0 0 0 0 0 0
0 0 0 0 0 0 0 0 0 0 0 0 0 0 0 0
0 0 0 0 0 0 0 0 0 0 0 0 0 0 0 0
0 0 0 0 0 0 0 0 0 0 0 0 0 0 0 0
0 0 0 0 0 0 0 0 0 0 0 0 0 0 0 0
0 0 0 0 0 0 0 0 0 0 0 0 0 0 0 0
0 0 0 0 0 0 0 0 0 0 0 0 0 0 0 0
0 0 0 0 0 0 0 0 0 0 0 0 0 0 0 0
0 0 0 0 0 0 0 0 0 0 0 0 0 0 0 0
0 0 0 0 0 0 0 0 0 0 0 0 0 0 0 0
0 0 0 0 0 0 0 0 0 0 0 0 0 0 0 0
0 0 0 0 0 0 0 0 0 0 0 0 0 0 0 0
23 12 23 56 12 23 16 53 53 53 53 21 23 41 56 57
16 38 12 12 37 27 13 16 16 47 30 17 13 13 37 17
13 17 24 47 24 4 44 24 5 24 9 44 44 61 30 30
30 38 35 17 5 32 37 32 32 33 32 33 47 42 42 47
26 8 19 61 26 61 44 7 54 54 49 56 61 38 14 14
5 15 8 5 14 9 21 21 9 15 21 42 63 63 37 63
63 8 42 38 8 9 26 56 39 54 39 39 26 39 27 7
15 49 49 49 6 7 35 35 27 6 35 57 25 6 57 15
25 58 51 22 22 22 22 25 18 59 59 33 59 59 48 60
70 55 6 18 27 14 25 4 4 50 50 48 57 50 43 48
29 48 50 7 58 43 54 58 51 58 29 29 29 41 19 19
28 31 4 28 45 28 41 60 60 60 41 43 55 18 55 52
55 18 45 31 43 19 31 31 40 11 51 45 51 52 45 40
52 52 28 40 40 46 46 36 46 36 36 36 46 20 20 20
20 62 62 11 62 62 11 11 10 10 10 10 34 34 34 64
69 34 33 69 68 68 69 69 70 70 70 65 64 71 71 71
