0 0 0 0 0 0 0 0 0 0 0 0 0 0 0 0
0 0 0 0 0 0 0 0 0 0 0 0 0 0 0 0
0 0 0 0 0 0 0 0 0 0 0 0 0 0 0 0
0 0 0 0 0 0 0 0 0 0 0 0 0 0 0 0
0 0 0 0 0 0 0 0 0 0 0 0 0 0 0 0
0 0 0 0 0 0 0 0 0 0 0 0 0 0 0 0
0 0 0 0 0 0 0 0 0 0 0 0 0 0 0 0
0 0 0 0 0 0 0 0 0 0 0 0 0 0 0 0
0 0 0 0 0 0 0 0 0 0 0 0 0 0 0 0
0 0 0 0 0 0 0 0 0 0 0 0 0 0 0 0
0 0 0 0 0 0 0 0 0 0 0 0 0 0 0 0
0 0 0 0 0 0 0 0 0 0 0 0 0 0 0 0
0 0 0 0 0 0 0 0 0 0 0 0 0 0 0 0
0 0 0 0 0 0 0 0 0 0 0 0 0 0 0 0
0 0 0 0 0 0 0 0 0 0 0 0 0 0 0 0
0 0 0 0 0 0 0 0 0 0 0 0 0 0 0 0
43 17 24 7 40 27 41 13 64 15 13 34 64 16 21 15
37 48 40 36 64 56 26 22 64 21 63 55 67 69 21 23
60 14 67 19 21 67 30 67 14 23 26 18 26 12 63 47
12 58 69 71 12 30 42 29 60 23 50 42 42 27 8 4
71 26 22 5 59 38 61 55 10 58 29 38 70 39 39 66
66 61 68 38 20 38 54 34 33 37 14 58 8 10 39 66
43 66 69 27 32 20 10 69 20 12 60 60 18 10 47 37
23 14 22 28 6 58 62 28 52 52 20 27 31 4 45 39
4 28 40 40 70 8 7 16 7 51 16 36 61 35 29 51
51 34 36 45 41 47 57 47 44 43 59 43 31 15 59 36
13 32 11 55 35 52 49 30 42 18 63 34 15 48 48 25
16 28 50 19 5 45 22 4 45 5 70 6 6 37 54 48
17 11 54 24 24 13 55 17 51 52 5 35 17 59 41 46
57 32 32 19 19 70 11 56 11 25 56 46 56 25 8 49
25 46 49 62 30 62 61 7 53 53 6 44 44 18 71 35
49 46 57 31 29 57 62 24 44 33 53 33 68 41 31 53
