0 0 0 0 0 0 0 0 0 0 0 0 0 0 0 0
0 0 0 0 0 0 0 0 0 0 0 0 0 0 0 0
0 0 0 0 0 0 0 0 0 0 0 0 0 0 0 0
0 0 0 0 0 0 0 0 0 0 0 0 0 0 0 0
0 0 0 0 0 0 0 0 0 0 0 0 0 0 0 0
0 0 0 0 0 0 0 0 0 0 0 0 0 0 0 0
0 0 0 0 0 0 0 0 0 0 0 0 0 0 0 0
0 0 0 0 0 0 0 0 0 0 0 0 0 0 0 0
0 0 0 0 0 0 0 0 0 0 0 0 0 0 0 0
0 0 0 0 0 0 0 0 0 0 0 0 0 0 0 0
0 0 0 0 0 0 0 0 0 0 0 0 0 0 0 0
0 0 0 0 0 0 0 0 0 0 0 0 0 0 0 0
0 0 0 0 0 0 0 0 0 0 0 0 0 0 0 0
0 0 0 0 0 0 0 0 0 0 0 0 0 0 0 0
0 0 0 0 0 0 0 0 0 0 0 0 0 0 0 0
0 0 0 0 0 0 0 0 0 0 0 0 0 0 0 0
4 62 6 51 22 35 31 59 43 68 29 37 55 28 14 15
56 4 63 58 35 54 38 39 21 61 32 22 11 31 33 30
45 16 34 27 62 5 29 32 33 44 17 32 43 13 55 19
14 36 69 13 12 16 16 62 41 67 58 67 24 31 21 9
32 70 29 46 31 57 36 6 26 57 59 16 49 21 38 8
19 48 48 39 22 22 24 56 27 19 20 29 15 42 15 64
19 48 39 48 47 56 55 34 40 17 47 30 40 15 37 49
23 40 40 13 25 57 71 28 27 62 38 10 28 51 25 7
52 35 57 17 21 71 52 36 52 38 52 36 20 71 68 63
18 69 35 71 34 34 27 59 12 7 12 6 59 43 60 28
49 66 8 51 64 64 64 30 55 18 39 30 18 47 43 56
58 6 12 41 50 50 63 51 63 50 9 14 61 41 41 50
37 33 33 17 42 13 53 23 18 53 14 58 8 66 66 37
70 70 47 46 53 70 23 68 68 23 69 65 60 66 20 26
65 46 46 9 10 65 49 54 54 24 24 10 53 67 54 67
9 8 20 61 25 25 65 69 26 10 26 61 11 60 5 42
