1 0 12 0 0 0 0 0 0 0 103181 0 0 0 0 0 0 0 0 122880 0 0 0 0 0 0 107691 123734 0 0 0 0 0 0 0 0 0 111599 0 0 0 0 0 102668 0 0 174888 0 0 0 0 105837 0 0 0 0 0 0 0 0 118870 0 0 0 0 0 0 0 0 0 0 0 0 0 0 0 0 0 0 0 0 0 0 0 0 0 0 0 0 0 0 0 0 0 0 0 0 0 0 0 0 0 0 95369 0 107769 0 0 0 0 0 0 0 108550 0 0 0 0 0 0 0 97801 0 0 115138 0 0 0 0 0 0 0 0 0 0 0 0 719141 0 0 102104 0 0 0 0 0 0 0 0 102284 0 0 0 0 0 0 0 0 0 0 0 209720 95162 100346 0 0 0 488104 96101 0 104793 0 0 0 0 107815 0 0 0 87627 0 0 100376 0 0 0 0 0 0 98805 0 0 0 0 0 0 0 0 0 0 0 0 0 0 0 0 0 115859 0 0 0 0 0 0 0 0 0 0 0 0 120361 97843 0 0 0 0 0 0 0 0 0 0 0 0 0 116589 0 0 0 211262 0 0 0 0 0 0 0 103415 0 0 0 0 0 0 0 175493 0 0 0 0 
1 1 12 0 0 0 0 0 0 0 216100 0 0 0 0 0 0 0 0 258341 0 0 0 0 0 0 225804 260046 0 0 0 0 0 0 0 0 0 235283 0 0 0 0 0 215451 0 0 368935 0 0 0 0 223412 0 0 0 0 0 0 0 0 250613 0 0 0 0 0 0 0 0 0 0 0 0 0 0 0 0 0 0 0 0 0 0 0 0 0 0 0 0 0 0 0 0 0 0 0 0 0 0 0 0 0 0 200725 0 227380 0 0 0 0 0 0 0 228214 0 0 0 0 0 0 0 205696 0 0 240818 0 0 0 0 0 0 0 0 0 0 0 0 1514113 0 0 215140 0 0 0 0 0 0 0 0 215162 0 0 0 0 0 0 0 0 0 0 0 441371 200059 211275 0 0 0 1024347 202694 0 221149 0 0 0 0 226627 0 0 0 183932 0 0 210222 0 0 0 0 0 0 207397 0 0 0 0 0 0 0 0 0 0 0 0 0 0 0 0 0 243752 0 0 0 0 0 0 0 0 0 0 0 0 253665 204863 0 0 0 0 0 0 0 0 0 0 0 0 0 245922 0 0 0 444955 0 0 0 0 0 0 0 217592 0 0 0 0 0 0 0 369208 0 0 0 0 
1 2 12 0 0 0 0 0 0 0 329998 0 0 0 0 0 0 0 0 394123 0 0 0 0 0 0 346334 397383 0 0 0 0 0 0 0 0 0 359794 0 0 0 0 0 329664 0 0 563053 0 0 0 0 341353 0 0 0 0 0 0 0 0 382674 0 0 0 0 0 0 0 0 0 0 0 0 0 0 0 0 0 0 0 0 0 0 0 0 0 0 0 0 0 0 0 0 0 0 0 0 0 0 0 0 0 0 307560 0 347785 0 0 0 0 0 0 0 349964 0 0 0 0 0 0 0 314932 0 0 369194 0 0 0 0 0 0 0 0 0 0 0 0 2311815 0 0 329193 0 0 0 0 0 0 0 0 328063 0 0 0 0 0 0 0 0 0 0 0 673922 307009 322762 0 0 0 1567235 309390 0 337750 0 0 0 0 346741 0 0 0 281524 0 0 321632 0 0 0 0 0 0 317664 0 0 0 0 0 0 0 0 0 0 0 0 0 0 0 0 0 371685 0 0 0 0 0 0 0 0 0 0 0 0 387900 314241 0 0 0 0 0 0 0 0 0 0 0 0 0 375685 0 0 0 680709 0 0 0 0 0 0 0 332948 0 0 0 0 0 0 0 563714 0 0 0 0 
1 3 12 0 0 0 0 0 0 0 444820 0 0 0 0 0 0 0 0 530974 0 0 0 0 0 0 466130 534222 0 0 0 0 0 0 0 0 0 484286 0 0 0 0 0 443893 0 0 758349 0 0 0 0 458701 0 0 0 0 0 0 0 0 514529 0 0 0 0 0 0 0 0 0 0 0 0 0 0 0 0 0 0 0 0 0 0 0 0 0 0 0 0 0 0 0 0 0 0 0 0 0 0 0 0 0 0 414069 0 468442 0 0 0 0 0 0 0 471160 0 0 0 0 0 0 0 424129 0 0 497632 0 0 0 0 0 0 0 0 0 0 0 0 3113344 0 0 442622 0 0 0 0 0 0 0 0 441804 0 0 0 0 0 0 0 0 0 0 0 907440 413872 434355 0 0 0 2108784 416295 0 454079 0 0 0 0 467016 0 0 0 379299 0 0 433260 0 0 0 0 0 0 427158 0 0 0 0 0 0 0 0 0 0 0 0 0 0 0 0 0 501088 0 0 0 0 0 0 0 0 0 0 0 0 522834 423053 0 0 0 0 0 0 0 0 0 0 0 0 0 505713 0 0 0 916878 0 0 0 0 0 0 0 447774 0 0 0 0 0 0 0 759347 0 0 0 0 
1 4 12 0 0 0 0 0 0 0 555475 0 0 0 0 0 0 0 0 663546 0 0 0 0 0 0 581645 668853 0 0 0 0 0 0 0 0 0 604487 0 0 0 0 0 554308 0 0 947519 0 0 0 0 572912 0 0 0 0 0 0 0 0 643184 0 0 0 0 0 0 0 0 0 0 0 0 0 0 0 0 0 0 0 0 0 0 0 0 0 0 0 0 0 0 0 0 0 0 0 0 0 0 0 0 0 0 517299 0 583788 0 0 0 0 0 0 0 588250 0 0 0 0 0 0 0 530044 0 0 621545 0 0 0 0 0 0 0 0 0 0 0 0 3891290 0 0 553382 0 0 0 0 0 0 0 0 552614 0 0 0 0 0 0 0 0 0 0 0 1134776 517326 542248 0 0 0 2633673 520355 0 566869 0 0 0 0 583437 0 0 0 473831 0 0 541037 0 0 0 0 0 0 533423 0 0 0 0 0 0 0 0 0 0 0 0 0 0 0 0 0 625363 0 0 0 0 0 0 0 0 0 0 0 0 651726 528197 0 0 0 0 0 0 0 0 0 0 0 0 0 630459 0 0 0 1145356 0 0 0 0 0 0 0 559600 0 0 0 0 0 0 0 949254 0 0 0 0 
1 5 12 0 0 0 0 0 0 0 667670 0 0 0 0 0 0 0 0 797703 0 0 0 0 0 0 698937 803934 0 0 0 0 0 0 0 0 0 726843 0 0 0 0 0 665684 0 0 1138875 0 0 0 0 688775 0 0 0 0 0 0 0 0 772359 0 0 0 0 0 0 0 0 0 0 0 0 0 0 0 0 0 0 0 0 0 0 0 0 0 0 0 0 0 0 0 0 0 0 0 0 0 0 0 0 0 0 621482 0 702493 0 0 0 0 0 0 0 706583 0 0 0 0 0 0 0 636803 0 0 746762 0 0 0 0 0 0 0 0 0 0 0 0 4678720 0 0 666091 0 0 0 0 0 0 0 0 664257 0 0 0 0 0 0 0 0 0 0 0 1364119 620805 652380 0 0 0 3162360 625335 0 681683 0 0 0 0 700482 0 0 0 569025 0 0 650902 0 0 0 0 0 0 640373 0 0 0 0 0 0 0 0 0 0 0 0 0 0 0 0 0 752967 0 0 0 0 0 0 0 0 0 0 0 0 784636 634406 0 0 0 0 0 0 0 0 0 0 0 0 0 758489 0 0 0 1377376 0 0 0 0 0 0 0 672043 0 0 0 0 0 0 0 1140765 0 0 0 0 
1 6 12 0 0 0 0 0 0 0 782258 0 0 0 0 0 0 0 0 934909 0 0 0 0 0 0 818806 942896 0 0 0 0 0 0 0 0 0 852255 0 0 0 0 0 781733 0 0 1334529 0 0 0 0 806711 0 0 0 0 0 0 0 0 904628 0 0 0 0 0 0 0 0 0 0 0 0 0 0 0 0 0 0 0 0 0 0 0 0 0 0 0 0 0 0 0 0 0 0 0 0 0 0 0 0 0 0 728385 0 822866 0 0 0 0 0 0 0 829578 0 0 0 0 0 0 0 746443 0 0 875213 0 0 0 0 0 0 0 0 0 0 0 0 5481601 0 0 780904 0 0 0 0 0 0 0 0 778576 0 0 0 0 0 0 0 0 0 0 0 1598147 728307 764963 0 0 0 3712677 732437 0 798907 0 0 0 0 822332 0 0 0 668206 0 0 763119 0 0 0 0 0 0 750552 0 0 0 0 0 0 0 0 0 0 0 0 0 0 0 0 0 882574 0 0 0 0 0 0 0 0 0 0 0 0 919645 743504 0 0 0 0 0 0 0 0 0 0 0 0 0 889261 0 0 0 1613397 0 0 0 0 0 0 0 787372 0 0 0 0 0 0 0 1336650 0 0 0 0 
5000 0 11 0 0 0 0 0 0 0 0 0 0 0 0 0 0 0 0 0 0 90457 0 0 0 0 0 0 0 0 142210 0 100781 0 0 94225 0 0 0 0 0 101638 0 0 101744 160873 106782 93830 90217 0 0 0 0 0 0 95235 0 0 0 0 0 0 91163 0 0 0 0 93562 0 0 0 0 0 105611 0 0 0 0 0 0 0 97683 104579 0 0 0 0 0 0 100179 0 0 92260 0 89623 0 0 0 102608 0 0 0 0 0 0 0 0 99006 0 0 0 0 0 0 0 0 0 0 0 0 91649 107998 0 0 0 0 0 0 0 0 0 0 0 0 0 0 0 0 0 0 0 92930 0 0 0 0 0 0 0 0 1117643 0 0 0 90270 0 0 0 0 93483 92021 0 0 0 90722 0 0 0 0 0 0 0 0 0 0 0 0 0 0 0 0 0 0 0 0 0 0 0 0 0 0 0 0 98087 0 0 0 0 0 0 0 0 0 0 0 0 0 108279 0 0 0 0 0 0 0 0 0 0 94819 0 0 0 0 0 0 0 0 0 0 0 0 0 0 0 0 0 0 93838 99635 0 0 0 0 0 0 0 0 0 0 0 0 0 0 0 0 0 90730 0 0 0 
5000 1 11 0 0 0 0 0 0 0 0 0 0 0 0 0 0 0 0 0 0 197114 0 0 0 0 0 0 0 0 309532 0 220883 0 0 204572 0 0 0 0 0 222753 0 0 223342 349687 231915 204543 197975 0 0 0 0 0 0 208929 0 0 0 0 0 0 199701 0 0 0 0 205243 0 0 0 0 0 229796 0 0 0 0 0 0 0 214064 227503 0 0 0 0 0 0 217548 0 0 199968 0 195021 0 0 0 222899 0 0 0 0 0 0 0 0 218194 0 0 0 0 0 0 0 0 0 0 0 0 199461 236728 0 0 0 0 0 0 0 0 0 0 0 0 0 0 0 0 0 0 0 202336 0 0 0 0 0 0 0 0 2434242 0 0 0 198504 0 0 0 0 203962 201080 0 0 0 197399 0 0 0 0 0 0 0 0 0 0 0 0 0 0 0 0 0 0 0 0 0 0 0 0 0 0 0 0 212925 0 0 0 0 0 0 0 0 0 0 0 0 0 236439 0 0 0 0 0 0 0 0 0 0 206385 0 0 0 0 0 0 0 0 0 0 0 0 0 0 0 0 0 0 204135 217974 0 0 0 0 0 0 0 0 0 0 0 0 0 0 0 0 0 196832 0 0 0 
5000 2 11 0 0 0 0 0 0 0 0 0 0 0 0 0 0 0 0 0 0 288428 0 0 0 0 0 0 0 0 451104 0 322956 0 0 298370 0 0 0 0 0 324993 0 0 325908 510026 338234 297910 289048 0 0 0 0 0 0 304553 0 0 0 0 0 0 291678 0 0 0 0 298887 0 0 0 0 0 335402 0 0 0 0 0 0 0 312284 332107 0 0 0 0 0 0 317445 0 0 291177 0 284355 0 0 0 325211 0 0 0 0 0 0 0 0 318481 0 0 0 0 0 0 0 0 0 0 0 0 290928 345197 0 0 0 0 0 0 0 0 0 0 0 0 0 0 0 0 0 0 0 294724 0 0 0 0 0 0 0 0 3549624 0 0 0 288845 0 0 0 0 297721 294452 0 0 0 287653 0 0 0 0 0 0 0 0 0 0 0 0 0 0 0 0 0 0 0 0 0 0 0 0 0 0 0 0 310182 0 0 0 0 0 0 0 0 0 0 0 0 0 345451 0 0 0 0 0 0 0 0 0 0 300701 0 0 0 0 0 0 0 0 0 0 0 0 0 0 0 0 0 0 299390 318952 0 0 0 0 0 0 0 0 0 0 0 0 0 0 0 0 0 286676 0 0 0 
5000 3 11 0 0 0 0 0 0 0 0 0 0 0 0 0 0 0 0 0 0 385614 0 0 0 0 0 0 0 0 603660 0 432519 0 0 399362 0 0 0 0 0 434263 0 0 435530 681713 452143 398221 386668 0 0 0 0 0 0 406842 0 0 0 0 0 0 390132 0 0 0 0 400213 0 0 0 0 0 448636 0 0 0 0 0 0 0 417613 443966 0 0 0 0 0 0 424795 0 0 389587 0 380164 0 0 0 434237 0 0 0 0 0 0 0 0 426159 0 0 0 0 0 0 0 0 0 0 0 0 389276 461549 0 0 0 0 0 0 0 0 0 0 0 0 0 0 0 0 0 0 0 394202 0 0 0 0 0 0 0 0 4750086 0 0 0 386349 0 0 0 0 398257 393820 0 0 0 384335 0 0 0 0 0 0 0 0 0 0 0 0 0 0 0 0 0 0 0 0 0 0 0 0 0 0 0 0 415069 0 0 0 0 0 0 0 0 0 0 0 0 0 462290 0 0 0 0 0 0 0 0 0 0 402489 0 0 0 0 0 0 0 0 0 0 0 0 0 0 0 0 0 0 400961 426677 0 0 0 0 0 0 0 0 0 0 0 0 0 0 0 0 0 383504 0 0 0 
5000 4 11 0 0 0 0 0 0 0 0 0 0 0 0 0 0 0 0 0 0 477035 0 0 0 0 0 0 0 0 746326 0 534955 0 0 493516 0 0 0 0 0 538028 0 0 538646 843849 559469 492508 477103 0 0 0 0 0 0 503396 0 0 0 0 0 0 481466 0 0 0 0 493775 0 0 0 0 0 554489 0 0 0 0 0 0 0 516519 549359 0 0 0 0 0 0 524219 0 0 481478 0 469924 0 0 0 537706 0 0 0 0 0 0 0 0 525836 0 0 0 0 0 0 0 0 0 0 0 0 481069 569530 0 0 0 0 0 0 0 0 0 0 0 0 0 0 0 0 0 0 0 487348 0 0 0 0 0 0 0 0 5871929 0 0 0 476806 0 0 0 0 491562 487035 0 0 0 474344 0 0 0 0 0 0 0 0 0 0 0 0 0 0 0 0 0 0 0 0 0 0 0 0 0 0 0 0 512762 0 0 0 0 0 0 0 0 0 0 0 0 0 571075 0 0 0 0 0 0 0 0 0 0 497476 0 0 0 0 0 0 0 0 0 0 0 0 0 0 0 0 0 0 495588 526146 0 0 0 0 0 0 0 0 0 0 0 0 0 0 0 0 0 474368 0 0 0 
5000 5 11 0 0 0 0 0 0 0 0 0 0 0 0 0 0 0 0 0 0 578820 0 0 0 0 0 0 0 0 903538 0 648874 0 0 598254 0 0 0 0 0 651920 0 0 652603 1021712 676914 595907 579094 0 0 0 0 0 0 610338 0 0 0 0 0 0 584845 0 0 0 0 600854 0 0 0 0 0 671137 0 0 0 0 0 0 0 626132 665725 0 0 0 0 0 0 636705 0 0 583405 0 568868 0 0 0 650539 0 0 0 0 0 0 0 0 639504 0 0 0 0 0 0 0 0 0 0 0 0 582425 692362 0 0 0 0 0 0 0 0 0 0 0 0 0 0 0 0 0 0 0 589849 0 0 0 0 0 0 0 0 7107320 0 0 0 579323 0 0 0 0 597117 590382 0 0 0 576379 0 0 0 0 0 0 0 0 0 0 0 0 0 0 0 0 0 0 0 0 0 0 0 0 0 0 0 0 621470 0 0 0 0 0 0 0 0 0 0 0 0 0 692355 0 0 0 0 0 0 0 0 0 0 602238 0 0 0 0 0 0 0 0 0 0 0 0 0 0 0 0 0 0 600430 638775 0 0 0 0 0 0 0 0 0 0 0 0 0 0 0 0 0 575241 0 0 0 
5000 6 11 0 0 0 0 0 0 0 0 0 0 0 0 0 0 0 0 0 0 683865 0 0 0 0 0 0 0 0 1068781 0 766430 0 0 706158 0 0 0 0 0 770271 0 0 770855 1207341 799247 704110 684252 0 0 0 0 0 0 721311 0 0 0 0 0 0 690628 0 0 0 0 709155 0 0 0 0 0 794373 0 0 0 0 0 0 0 739879 788088 0 0 0 0 0 0 751125 0 0 688909 0 673164 0 0 0 768459 0 0 0 0 0 0 0 0 753935 0 0 0 0 0 0 0 0 0 0 0 0 688827 816548 0 0 0 0 0 0 0 0 0 0 0 0 0 0 0 0 0 0 0 697649 0 0 0 0 0 0 0 0 8413494 0 0 0 683446 0 0 0 0 705154 697680 0 0 0 680458 0 0 0 0 0 0 0 0 0 0 0 0 0 0 0 0 0 0 0 0 0 0 0 0 0 0 0 0 733974 0 0 0 0 0 0 0 0 0 0 0 0 0 818339 0 0 0 0 0 0 0 0 0 0 713141 0 0 0 0 0 0 0 0 0 0 0 0 0 0 0 0 0 0 708989 754323 0 0 0 0 0 0 0 0 0 0 0 0 0 0 0 0 0 679325 0 0 0 
