1 3 1 2 3 2 3 2 1 2 1 1 1 2 0 3
0 2 0 0 0 1 1 3 3 1 3 1 0 0 3 2
0 3 0 0 0 0 1 1 3 0 1 3 1 1 3 2
1 2 1 1 2 0 1 0 1 3 1 1 0 3 2 0
2 2 0 0 3 1 2 1 2 3 2 2 2 3 0 0
2 3 2 0 3 2 2 0 2 3 2 0 3 3 3 0
2 2 3 2 0 1 1 0 0 3 2 2 0 0 1 2
1 1 2 1 0 3 2 1 3 1 3 3 3 0 2 3
3 1 3 3 2 2 2 3 0 3 1 1 3 0 2 2
0 3 2 0 1 2 3 1 0 1 2 2 3 2 2 0
0 3 3 3 3 3 2 1 0 0 1 0 2 2 1 2
3 3 0 2 2 0 0 0 2 0 3 3 1 0 2 3
1 3 3 1 2 1 0 2 3 3 1 2 0 1 2 0
1 0 0 0 3 1 3 3 2 3 3 0 3 2 3 0
0 0 2 3 3 3 2 2 2 3 0 1 3 0 3 1
2 0 0 0 0 0 2 3 3 0 1 0 0 2 3 3
27 79 31 51 72 57 72 58 28 56 32 27 29 53 7 75
9 53 9 5 11 27 34 80 77 29 78 35 9 5 72 48
4 79 4 4 5 8 34 34 78 9 27 76 29 33 76 51
33 59 34 29 56 5 27 3 30 76 28 30 10 82 52 4
52 58 5 8 72 27 51 31 56 83 51 56 56 77 3 10
52 72 48 10 75 48 55 11 59 83 53 6 72 81 75 3
54 57 76 54 3 29 29 11 11 81 56 48 8 3 33 55
29 32 57 27 7 77 57 35 76 29 82 82 72 10 51 75
75 34 76 80 53 51 55 80 4 83 31 34 78 4 52 57
3 79 55 10 31 57 82 35 8 34 48 58 83 55 48 7
9 80 76 78 72 81 53 30 11 10 32 11 53 53 30 59
83 78 4 52 52 7 5 10 52 3 75 78 30 5 55 79
35 80 72 31 59 34 11 53 78 75 30 58 9 32 51 10
31 11 10 8 72 27 83 79 48 81 76 9 78 59 80 5
9 10 52 78 77 75 48 53 53 83 5 30 82 8 80 33
55 7 5 9 10 5 59 82 81 4 33 6 3 58 82 78
