0 0 0 0 0 0 0 0 0 0 0 0 0 0 0 0
1 1 1 1 1 1 1 1 1 1 1 1 1 1 1 1
2 2 2 2 2 2 2 2 2 2 2 2 2 2 2 2
3 3 3 3 3 3 3 3 3 3 3 3 3 3 3 3
0 0 0 0 0 0 0 0 0 0 0 0 0 0 0 0
1 1 1 1 1 1 1 1 1 1 1 1 1 1 1 1
2 2 2 2 2 2 2 2 2 2 2 2 2 2 2 2
3 3 3 3 3 3 3 3 3 3 3 3 3 3 3 3
0 0 0 0 0 0 0 0 0 0 0 0 0 0 0 0
1 1 1 1 1 1 1 1 1 1 1 1 1 1 1 1
2 2 2 2 2 2 2 2 2 2 2 2 2 2 2 2
3 3 3 3 3 3 3 3 3 3 3 3 3 3 3 3
0 0 0 0 0 0 0 0 0 0 0 0 0 0 0 0
1 1 1 1 1 1 1 1 1 1 1 1 1 1 1 1
2 2 2 2 2 2 2 2 2 2 2 2 2 2 2 2
3 3 3 3 3 3 3 3 3 3 3 3 3 3 3 3
3 4 5 6 7 8 9 10 11 3 4 5 6 7 8 9
34 35 27 28 29 30 31 32 33 34 35 27 28 29 30 31
55 56 57 58 48 51 52 53 54 55 56 57 58 48 51 52
77 78 79 80 81 82 72 75 76 77 78 79 80 81 82 72
4 5 6 7 8 9 10 11 3 4 5 6 7 8 9 10
35 27 28 29 30 31 32 33 34 35 27 28 29 30 31 32
56 57 58 48 51 52 53 54 55 56 57 58 48 51 52 53
78 79 80 81 82 72 75 76 77 78 79 80 81 82 72 75
5 6 7 8 9 10 11 3 4 5 6 7 8 9 10 11
27 28 29 30 31 32 33 34 35 27 28 29 30 31 32 33
57 58 48 51 52 53 54 55 56 57 58 48 51 52 53 54
79 80 81 82 72 75 76 77 78 79 80 81 82 72 75 76
6 7 8 9 10 11 3 4 5 6 7 8 9 10 11 3
28 29 30 31 32 33 34 35 27 28 29 30 31 32 33 34
58 48 51 52 53 54 55 56 57 58 48 51 52 53 54 55
80 81 82 72 75 76 77 78 79 80 81 82 72 75 76 77
