3 2 0 0 3 1 2 2 2 2 2 1 3 0 2 2
1 3 0 1 3 0 0 3 2 0 1 2 3 3 1 0
3 1 2 3 2 3 2 1 3 3 3 0 2 1 2 2
1 1 0 0 3 3 0 1 1 2 1 2 3 2 2 3
2 0 1 0 3 0 2 3 3 3 2 2 0 2 0 2
1 2 3 1 1 2 0 0 3 0 3 2 0 0 0 1
1 1 3 3 2 0 1 2 1 3 3 1 2 1 3 0
2 3 0 3 0 0 2 0 3 2 1 2 0 0 3 3
3 1 2 0 0 0 0 2 3 2 1 0 0 0 0 0
3 1 1 0 3 0 3 0 2 1 0 2 0 2 1 3
3 2 2 0 0 3 2 1 2 0 3 1 0 1 2 3
1 1 0 0 1 0 0 2 0 1 0 0 1 3 0 2
2 3 1 1 2 2 1 0 1 2 2 2 3 2 3 3
3 0 1 2 2 3 1 0 2 1 0 3 3 0 0 3
0 3 3 3 3 3 2 2 2 0 1 1 3 0 3 2
1 2 0 0 1 1 3 3 0 2 0 1 2 3 0 3
75 56 10 4 77 30 58 58 55 57 53 29 82 9 59 52
34 72 7 33 78 3 5 76 55 4 32 51 76 75 27 3
78 31 59 82 55 72 59 30 77 72 80 10 55 34 51 48
34 30 6 6 83 79 8 29 34 57 33 59 82 53 53 78
59 9 33 10 77 6 56 78 80 77 51 56 7 58 3 55
35 56 79 29 32 52 4 3 80 3 78 58 3 11 11 32
28 33 75 79 58 9 28 55 32 79 76 34 51 31 81 9
59 79 11 72 11 3 48 4 80 54 27 57 7 4 77 83
83 34 59 3 3 4 11 51 78 56 28 9 6 4 4 5
81 35 35 3 80 5 75 9 54 32 6 55 7 51 29 77
77 48 59 10 9 82 52 27 52 3 80 34 6 29 57 78
35 33 11 3 27 5 9 51 9 30 10 10 27 78 6 59
48 76 28 30 48 55 29 3 34 51 53 48 81 54 72 77
79 6 34 52 55 82 33 7 57 34 8 81 72 4 8 77
3 75 81 75 72 77 51 57 54 11 29 29 78 6 81 48
27 54 5 5 29 35 83 79 10 51 5 32 48 75 6 79
