0 2 3 3 2 2 3 2 1 3 3 3 0 0 3 1
3 2 1 3 1 0 3 2 2 2 1 3 1 2 0 3
2 3 1 3 3 1 3 2 3 3 3 0 0 2 0 0
1 0 1 3 2 0 1 2 0 0 3 1 3 0 3 3
2 3 0 0 2 3 0 0 3 1 3 2 1 2 0 2
1 2 2 0 0 1 1 0 3 1 0 0 0 0 1 1
3 3 3 1 2 2 2 1 2 0 2 2 0 1 1 0
0 0 1 3 3 0 2 3 3 0 0 0 3 1 3 0
3 2 2 2 2 3 3 3 2 1 3 1 3 0 0 1
1 2 1 3 3 3 1 0 3 2 1 3 3 1 3 1
1 0 3 3 0 0 0 3 2 2 1 2 0 1 2 0
3 2 0 3 2 2 3 0 0 0 2 2 3 3 3 1
2 0 3 3 3 1 0 0 1 1 0 2 3 2 0 3
2 0 1 3 1 3 3 1 3 3 0 1 0 0 2 1
2 1 1 2 1 2 2 3 0 1 3 2 1 3 0 3
0 2 1 2 3 1 0 2 0 3 1 0 2 2 2 2
10 53 77 72 51 58 76 48 28 81 81 79 3 10 81 29
77 55 34 79 28 5 76 57 53 48 34 81 32 51 9 80
48 75 32 72 75 32 75 51 75 75 83 10 4 56 5 10
30 5 29 80 56 9 32 55 3 9 83 34 82 4 80 82
58 80 10 6 56 72 9 3 82 31 77 48 33 51 11 55
32 48 48 8 9 28 35 11 72 35 11 4 10 9 31 35
77 82 76 28 52 51 48 31 57 8 58 58 4 35 33 5
3 5 33 78 75 9 52 78 72 8 10 3 76 29 83 5
79 51 59 52 53 80 80 79 53 35 83 32 81 5 5 33
33 56 29 75 83 76 33 8 76 56 35 77 80 32 82 35
35 9 83 79 7 6 8 81 53 48 32 51 8 33 52 4
78 57 10 72 58 54 76 11 6 11 52 58 82 79 80 30
59 10 76 79 82 30 9 5 30 31 10 59 83 53 8 79
54 10 27 75 33 79 81 35 77 79 4 30 5 10 57 28
53 27 30 51 27 59 48 79 9 35 82 48 28 75 8 78
9 56 31 48 77 35 6 54 6 81 33 5 51 55 56 58
