0 2 0 0 2 1 0 3 1 1 0 1 2 3 2 3
1 0 0 1 1 0 3 0 1 2 2 0 1 2 1 0
1 0 3 3 0 2 0 1 3 3 0 1 3 3 2 1
0 2 3 1 1 1 2 3 1 2 1 1 1 1 2 1
0 3 3 2 2 1 3 2 1 0 2 1 0 2 2 3
2 2 1 2 2 3 0 0 1 2 2 2 2 0 1 2
3 3 1 2 0 2 3 3 0 1 1 3 3 0 2 3
2 2 0 2 1 3 1 1 3 0 2 0 2 1 3 2
1 3 3 0 0 2 0 2 0 1 0 3 3 0 0 1
0 0 0 2 1 3 3 2 2 1 0 0 1 0 0 3
3 2 3 0 2 2 1 3 3 3 0 1 2 0 2 2
1 2 2 2 3 1 0 0 0 0 1 2 2 0 2 2
3 2 3 2 2 1 3 1 2 0 0 2 2 1 2 2
3 3 0 3 0 0 2 1 3 2 3 2 1 0 2 1
2 1 2 0 3 3 0 1 1 2 0 3 0 0 0 3
1 2 0 1 3 1 1 1 2 0 3 1 2 2 3 2
6 55 4 5 52 27 11 72 27 30 8 35 57 75 48 77
30 6 11 30 31 3 83 11 32 53 58 10 29 59 34 10
35 5 75 79 11 58 7 27 77 78 3 35 78 76 56 31
9 56 76 28 31 29 56 80 33 53 30 35 35 34 59 34
4 80 72 53 52 27 78 51 35 5 51 35 11 57 57 72
52 57 29 54 56 72 4 3 27 59 56 53 59 11 31 58
76 82 34 52 3 55 75 79 3 28 33 81 79 7 56 75
54 53 10 55 34 80 32 29 77 7 51 7 52 34 76 56
29 82 75 7 5 54 7 53 9 27 11 79 77 5 10 33
3 3 9 59 34 80 79 54 54 31 7 3 28 5 3 80
83 58 82 5 58 48 31 72 81 80 11 33 58 8 52 52
29 54 51 54 80 35 8 4 4 11 33 56 48 10 57 54
79 59 78 59 51 27 72 31 52 3 8 57 53 33 59 54
72 72 9 81 3 4 51 30 76 57 75 56 31 10 51 29
57 31 56 3 78 80 11 27 31 58 10 76 6 8 11 79
33 57 3 34 80 27 34 35 52 4 83 33 52 58 77 48
