0 0 1 3 1 3 3 0 1 3 2 0 2 2 2 0
0 3 2 0 0 0 2 1 3 0 3 3 1 0 1 3
3 1 3 2 0 1 1 3 2 3 1 3 0 0 3 1
1 3 1 1 1 2 1 2 1 1 1 3 2 0 1 3
3 2 0 3 1 1 0 2 0 2 2 0 0 2 0 0
1 3 1 1 0 0 3 3 0 2 3 0 1 1 1 2
1 3 1 3 2 3 1 0 2 2 0 1 2 1 0 2
1 1 3 0 1 1 3 2 2 2 1 3 3 1 0 2
1 0 1 2 1 2 1 2 2 3 0 2 0 0 1 1
2 3 2 1 3 2 0 1 2 3 1 2 1 2 1 0
1 2 0 3 3 3 1 0 0 2 3 3 1 3 0 0
2 1 3 3 3 3 3 2 1 2 1 2 2 0 2 1
1 3 0 0 2 1 3 1 1 0 1 0 3 3 0 0
1 1 3 0 3 3 0 3 2 1 0 2 1 1 0 3
3 2 3 3 0 3 0 1 0 3 2 3 2 2 2 0
3 1 2 1 1 2 0 2 0 1 2 1 1 3 3 3
8 3 35 83 30 76 80 5 31 80 54 10 51 58 53 7
6 81 51 3 10 4 58 31 80 6 77 83 35 10 34 80
78 32 80 59 9 32 30 76 57 80 32 81 10 6 77 33
31 76 29 35 31 48 35 54 29 35 28 72 55 4 30 80
78 48 10 78 27 30 6 56 4 58 51 5 8 58 4 5
34 83 29 29 11 11 76 81 9 52 76 7 30 31 31 52
32 81 33 76 58 78 32 10 48 48 6 30 56 34 3 57
28 33 76 11 28 34 76 56 56 58 27 82 75 33 7 55
35 6 33 53 34 55 33 59 58 81 11 54 9 7 30 29
58 81 59 29 78 59 3 34 51 75 33 58 32 53 32 10
29 59 5 75 75 82 34 7 9 51 72 78 30 76 6 9
51 27 80 81 82 72 77 55 33 55 29 56 58 4 48 31
29 81 6 3 58 29 80 27 35 9 32 6 76 75 11 6
27 30 77 11 83 82 7 83 48 27 5 52 29 33 11 80
83 51 75 76 5 77 4 29 3 75 52 72 58 57 57 7
78 34 53 29 29 53 8 54 10 33 53 32 35 80 83 79
