3 0 3 1 2 2 1 2 0 2 1 0 3 3 2 3
3 2 2 3 1 1 1 0 0 1 1 3 1 0 2 2
0 2 3 2 3 2 3 0 0 0 0 2 1 2 3 1
0 1 3 1 3 3 0 2 2 2 2 3 1 3 0 3
0 3 2 2 2 0 0 1 1 0 2 2 2 3 0 0
1 0 0 2 1 1 0 1 1 0 1 3 3 0 0 0
2 3 0 3 2 1 2 3 2 0 3 0 0 2 0 1
3 3 2 2 2 2 2 0 0 1 3 3 1 0 3 1
0 0 0 0 1 3 0 2 2 3 0 1 3 1 2 3
3 3 0 3 0 3 1 3 1 0 3 3 2 3 3 0
0 0 0 3 1 3 3 3 3 1 1 2 2 3 3 0
3 2 0 2 2 3 1 1 0 1 2 1 3 3 1 0
0 2 2 0 0 3 3 0 0 3 1 3 0 0 2 3
0 0 2 0 0 0 2 3 3 2 3 0 2 2 2 3
0 1 0 1 3 0 3 1 2 3 2 1 2 1 2 3
1 0 0 3 2 1 3 1 3 1 3 3 0 3 0 0
77 11 79 29 55 58 27 55 4 53 31 5 82 80 53 79
82 48 48 82 35 31 29 3 5 35 34 78 35 10 48 57
9 52 79 58 82 53 76 4 11 3 10 52 27 55 81 32
8 34 83 27 75 75 4 52 51 53 57 75 32 82 8 81
7 81 56 54 55 6 9 31 32 11 54 57 58 81 8 4
33 5 7 51 31 34 9 31 29 6 29 81 77 8 9 6
48 79 4 81 56 29 58 77 51 6 82 11 8 51 7 31
83 77 58 54 58 58 51 8 8 31 72 75 31 8 72 28
9 4 4 6 33 78 10 58 52 81 6 33 80 31 55 82
76 83 6 77 5 82 27 82 27 7 77 82 53 76 77 5
6 10 6 78 27 77 79 82 81 29 28 58 59 83 77 11
81 56 11 58 48 80 31 35 6 33 51 32 79 76 33 7
4 53 58 8 5 75 81 8 6 72 27 75 3 5 51 79
6 8 58 3 9 9 52 83 78 59 72 4 48 55 51 82
7 28 8 29 75 10 77 33 48 80 56 34 56 35 56 81
31 9 6 75 51 32 82 29 72 27 83 81 9 72 7 6
