3 2 0 0 0 1 3 0 2 2 2 2 0 1 0 3
0 1 1 1 3 0 0 2 2 0 1 1 2 1 0 3
3 2 0 2 1 0 1 0 2 0 2 1 1 0 2 3
3 1 3 3 1 0 2 3 3 3 1 1 3 1 0 0
1 1 2 0 1 0 2 0 3 2 1 0 0 3 1 1
0 1 0 3 2 2 1 0 0 0 2 2 3 1 1 2
0 0 0 1 0 3 1 1 1 1 0 0 0 3 3 1
3 0 2 3 0 1 1 3 1 3 2 2 0 0 1 2
1 1 3 1 3 1 0 1 0 0 3 3 0 1 1 2
3 1 3 1 1 2 2 3 1 0 1 1 0 0 3 3
1 1 0 3 3 1 0 0 2 2 3 1 2 1 1 3
2 3 1 0 2 1 1 1 1 2 1 1 3 0 3 0
2 1 0 1 3 0 1 1 1 3 0 0 3 0 3 3
2 0 2 0 2 1 0 3 2 3 0 3 1 2 0 0
1 0 2 3 3 2 2 0 3 2 0 1 2 0 1 1
3 3 2 1 1 2 3 3 3 2 1 0 1 0 0 1
80 53 10 6 9 34 72 8 56 55 53 59 9 31 5 80
10 29 32 34 81 9 8 57 58 5 32 27 48 28 8 82
81 53 8 56 33 7 33 10 56 5 53 32 28 9 52 81
83 34 82 80 34 3 48 83 76 77 34 32 82 34 9 11
34 28 51 11 31 11 53 10 81 58 28 7 5 83 29 30
11 31 3 76 57 54 33 10 10 9 59 52 82 34 33 58
3 6 11 34 10 72 35 28 31 29 4 10 4 82 81 32
82 6 58 80 9 34 35 72 32 75 48 59 3 5 35 57
33 28 81 29 72 31 7 35 5 5 78 82 5 35 32 54
82 29 72 33 35 57 53 81 35 4 31 35 11 11 83 82
31 34 4 82 81 28 7 8 58 54 78 31 59 35 35 80
48 79 32 5 56 35 32 27 34 55 28 27 79 10 72 7
58 32 11 31 76 4 28 29 29 83 5 8 76 9 83 78
52 6 55 4 51 27 3 77 56 81 10 77 28 59 9 10
32 9 52 80 76 59 55 4 83 51 9 29 57 8 34 30
80 76 54 28 35 56 79 83 75 51 27 10 28 3 10 27
