0 0 2 1 2 2 2 2 3 0 2 1 3 0 3 3
0 3 2 1 3 1 0 3 2 3 1 0 1 3 2 2
2 3 3 3 0 2 0 0 0 2 1 0 3 2 0 0
2 3 3 1 2 2 1 2 1 0 0 1 1 3 2 0
2 0 3 1 2 0 0 1 0 2 0 0 1 1 1 2
2 3 3 0 0 2 0 3 3 3 1 3 0 0 0 1
0 3 2 3 1 1 1 1 3 0 0 1 2 1 0 1
2 3 3 1 3 1 1 3 3 2 1 0 1 2 1 1
1 2 2 0 1 1 2 2 0 1 2 1 3 0 1 3
2 0 0 2 0 3 1 0 3 0 0 2 0 3 1 0
0 0 3 3 1 3 1 1 3 3 0 3 2 3 0 2
3 1 0 1 3 0 1 1 1 2 2 1 2 2 1 2
2 3 1 0 3 3 1 1 1 3 2 3 3 1 0 2
0 1 2 0 0 2 1 2 3 3 2 1 3 1 2 3
0 3 3 1 2 0 3 1 2 0 3 2 0 2 1 0
1 3 0 2 3 2 1 3 2 0 0 2 2 0 2 3
5 7 59 28 56 59 55 55 82 7 51 33 82 11 72 76
9 78 48 28 78 31 3 76 52 81 31 10 27 72 52 54
56 80 79 77 8 58 8 10 5 52 31 3 79 56 6 4
57 76 77 28 54 55 30 48 30 9 3 35 28 76 48 11
54 7 78 34 51 5 4 31 9 58 9 3 34 29 32 57
52 82 76 6 6 57 11 79 77 80 31 72 8 9 10 35
5 82 59 72 29 31 27 31 72 4 10 28 55 33 7 35
58 78 77 35 75 29 31 75 77 57 29 3 31 54 28 30
29 59 57 11 28 31 58 56 8 31 55 33 80 5 29 81
57 9 4 56 9 76 32 5 82 11 5 55 7 75 31 10
5 5 78 83 29 76 32 30 83 79 8 75 54 77 10 51
79 33 10 30 75 10 29 32 31 54 52 33 57 56 31 58
53 77 30 9 83 75 35 35 30 80 52 72 79 35 5 56
4 28 56 7 6 58 28 54 77 78 58 34 79 33 51 75
10 80 72 35 51 8 83 33 48 5 77 51 11 59 35 4
33 81 8 54 75 55 35 75 57 6 3 54 56 3 54 80
