3 3 3 2 0 2 2 1 1 2 0 3 0 0 1 1
0 2 3 2 3 0 0 3 2 3 1 2 1 0 1 0
3 2 1 3 2 2 3 1 1 1 3 1 2 1 3 3
3 1 1 2 0 3 1 2 1 1 1 0 2 1 2 0
3 1 0 2 2 1 0 3 3 3 1 1 3 1 0 0
1 0 0 0 1 3 2 3 0 3 2 0 2 3 1 3
2 3 0 3 3 0 1 2 2 3 1 3 1 2 3 0
1 3 1 1 0 1 3 2 1 0 3 0 2 0 2 1
2 2 0 2 0 0 2 2 1 0 1 1 2 3 2 3
0 0 2 2 2 1 2 1 3 1 3 1 1 3 0 3
1 0 0 0 2 0 2 1 0 3 0 2 1 2 0 0
3 1 3 3 2 0 3 0 1 0 0 2 0 3 2 3
2 1 1 2 3 1 2 0 1 1 0 0 3 3 0 2
3 3 1 1 2 3 2 1 3 1 1 3 0 3 2 2
1 0 3 1 1 2 3 0 2 1 2 3 2 1 3 2
0 3 0 1 1 1 0 2 3 3 1 0 3 0 1 3
77 83 83 59 3 51 58 31 27 51 11 80 9 4 28 35
9 51 72 54 77 9 8 77 55 77 29 53 35 11 27 4
72 54 32 81 56 52 81 33 31 30 78 34 52 33 72 82
72 29 35 53 8 82 35 57 35 29 29 10 48 29 54 6
82 33 9 56 48 30 8 80 75 75 33 27 83 31 5 9
30 6 9 11 32 75 53 82 7 79 51 8 59 80 29 82
56 72 10 77 76 8 35 56 51 82 31 76 28 52 75 3
32 75 34 29 11 27 78 59 35 7 81 4 48 5 55 30
55 58 10 57 10 7 57 59 29 4 33 28 52 78 51 81
6 5 58 56 53 27 56 27 75 35 75 35 29 78 4 81
27 11 6 8 58 9 59 30 5 79 10 59 30 59 8 11
82 33 75 79 55 9 83 9 33 4 8 59 3 82 53 81
58 29 34 58 79 27 48 5 27 35 6 3 82 79 10 55
83 81 27 35 59 77 55 28 72 27 30 80 8 79 58 53
33 9 75 33 32 52 82 3 52 31 48 75 51 28 79 52
9 79 9 29 34 29 10 58 78 77 35 4 76 6 35 81
