3 3 0 2 2 2 1 2 0 1 1 1 2 2 3 0
3 2 0 3 0 0 3 1 0 0 1 0 0 3 3 1
3 0 1 3 0 1 3 1 0 0 2 2 2 2 3 0
2 3 2 2 3 2 2 3 3 1 0 0 2 1 2 2
2 3 2 0 2 3 1 3 0 0 2 0 3 0 3 3
3 2 1 3 3 0 3 0 1 0 2 2 1 2 2 0
0 1 3 2 0 0 3 2 2 3 1 3 3 1 1 3
1 3 1 1 2 2 1 2 2 0 3 1 3 2 0 1
2 2 2 2 1 1 1 1 0 3 3 3 1 1 1 0
1 0 2 0 0 2 1 2 1 1 2 1 1 1 0 3
2 3 2 0 0 2 3 0 1 3 1 1 3 1 3 0
1 0 3 3 1 1 0 0 0 0 0 2 0 1 1 2
3 0 3 0 3 0 0 2 1 3 1 3 0 0 0 1
0 0 3 0 1 1 3 2 1 3 3 2 2 2 0 3
1 1 2 2 3 3 3 2 1 0 2 0 1 0 3 2
1 2 2 2 0 0 0 0 1 2 2 1 2 1 2 3
79 80 9 58 56 51 35 54 4 35 28 29 51 48 72 3
77 53 4 78 9 7 72 27 5 8 28 10 6 80 78 27
81 5 28 76 6 32 78 35 11 10 53 58 55 57 82 4
58 80 53 55 81 52 58 72 83 33 7 5 59 34 53 51
58 77 59 4 48 75 30 78 7 9 55 9 76 7 77 72
72 48 27 81 81 4 78 5 27 9 59 51 27 52 53 10
6 33 80 48 7 8 83 48 51 80 28 82 81 33 30 75
27 75 28 27 56 52 31 57 48 5 83 30 72 53 7 35
48 56 59 53 33 30 30 29 10 83 83 78 33 35 27 4
31 3 59 9 10 57 30 54 35 33 57 35 33 28 9 80
58 72 58 7 6 54 76 11 35 80 28 33 72 28 78 8
27 6 82 72 34 31 9 8 4 7 5 59 8 28 31 55
72 9 75 10 76 9 8 48 28 75 28 80 6 4 11 34
6 9 72 4 33 28 81 53 32 75 79 57 57 48 9 80
32 27 53 56 82 83 81 57 29 4 55 6 27 7 75 55
30 53 48 55 11 6 6 10 30 48 51 28 55 28 51 79
