3 1 2 1 2 0 2 2 0 3 0 3 2 3 3 3
1 2 3 1 0 3 3 3 3 2 3 1 0 3 0 1
0 0 2 0 3 1 3 2 2 2 3 0 3 2 1 2
1 3 1 0 0 0 1 3 3 3 3 1 2 1 3 3
1 3 2 3 2 3 0 1 0 1 0 2 3 0 3 0
1 2 2 1 2 1 3 0 0 3 3 3 3 0 1 0
3 3 2 0 2 2 0 3 3 1 3 0 2 3 3 3
0 3 3 0 1 1 2 3 3 2 1 2 2 0 0 3
1 3 3 1 0 2 1 3 1 3 2 1 0 1 1 3
2 1 3 2 1 2 2 3 3 2 3 2 2 1 0 3
1 2 3 0 3 2 2 2 0 1 3 0 0 3 1 1
1 2 1 0 2 2 1 0 3 0 2 1 1 0 3 2
0 0 3 0 1 2 3 1 2 1 3 3 1 3 1 2
0 0 2 0 1 2 1 2 1 0 0 1 3 0 3 0
3 1 2 0 2 2 0 1 0 2 0 0 2 2 1 2
1 2 0 3 0 1 1 0 2 2 2 1 2 1 1 3
72 32 58 32 55 6 56 54 10 82 7 82 52 76 76 75
34 56 80 27 7 81 79 78 82 53 82 28 8 79 3 35
6 3 55 7 81 35 76 48 56 48 80 6 81 52 33 57
29 79 32 8 6 4 31 78 83 72 83 31 55 31 80 81
27 72 52 81 55 77 9 32 10 34 9 54 80 8 76 5
31 53 52 33 54 27 75 7 11 77 79 81 80 8 29 3
81 75 59 9 58 53 4 75 82 33 72 11 56 81 81 77
4 78 78 6 31 34 52 82 75 53 31 56 51 7 5 81
29 76 80 28 3 59 28 72 35 72 48 34 10 32 31 72
48 31 72 55 30 55 54 82 78 52 81 56 48 34 9 77
32 52 83 10 80 58 58 55 9 27 81 3 4 76 32 32
29 48 30 10 57 53 32 11 83 11 54 32 28 6 75 54
11 9 81 4 35 54 82 28 52 31 78 76 27 75 27 56
6 9 57 3 29 57 32 59 28 6 3 29 81 11 83 10
77 31 54 10 48 59 10 32 11 52 9 5 48 51 34 52
33 57 9 82 8 30 27 8 54 51 56 27 54 30 35 76
