0 1 3 0 3 2 3 3 2 0 0 1 2 2 1 0
3 2 2 3 0 1 2 2 1 3 1 0 0 0 0 3
1 1 3 3 3 1 2 0 0 0 1 2 3 3 1 1
0 2 3 3 2 2 3 1 2 3 1 0 0 1 1 1
1 1 3 3 1 1 2 2 1 3 0 0 1 2 2 2
0 0 1 2 3 2 2 1 1 2 2 2 2 0 1 3
1 2 3 3 2 3 1 2 1 0 1 3 3 3 2 0
1 2 3 2 2 0 1 2 2 2 0 2 0 1 3 2
3 1 2 0 3 3 2 0 1 0 1 1 0 0 3 3
3 0 0 1 0 0 1 3 3 2 0 3 0 1 3 0
2 1 3 0 2 3 0 1 3 1 2 2 2 2 0 0
3 2 0 0 2 0 1 0 3 0 0 0 1 2 2 2
0 3 1 3 0 3 1 2 2 3 1 0 1 0 2 2
3 3 3 1 1 2 2 1 1 2 0 1 3 2 0 1
1 2 2 2 2 0 1 1 1 3 0 0 3 0 0 2
2 2 1 3 2 0 3 3 1 1 1 2 2 1 1 1
6 30 81 9 79 52 78 78 57 10 8 31 59 59 35 6
80 56 59 72 4 32 54 57 31 76 32 11 9 9 8 76
32 33 82 75 80 28 55 8 11 3 33 51 75 75 31 27
4 51 78 82 56 54 79 33 56 83 32 11 11 28 34 34
30 27 72 72 27 30 54 59 33 82 5 5 35 58 55 48
8 10 29 53 78 57 58 30 30 52 54 55 51 10 27 72
33 55 82 78 56 82 34 58 32 3 28 72 75 83 57 9
33 48 79 53 56 3 33 52 54 52 5 59 8 30 78 57
83 28 56 9 72 77 58 9 30 9 30 31 8 9 80 78
79 6 7 27 3 5 30 83 79 56 4 78 4 32 76 6
51 35 83 5 57 80 11 33 79 29 58 56 56 59 3 5
75 55 11 9 55 8 28 7 75 7 3 7 28 52 58 53
6 72 28 78 8 72 34 55 59 83 31 6 31 4 58 48
72 81 79 28 27 57 53 28 32 51 9 27 80 55 8 33
29 58 54 58 53 4 35 32 31 72 9 4 76 8 5 55
48 48 29 78 48 6 72 77 35 31 27 51 51 29 33 32
