3 1 0 3 0 2 1 2 2 2 2 0 0 2 0 2
1 1 1 3 1 2 3 3 2 1 0 1 3 1 0 1
1 2 1 1 3 3 3 1 2 1 0 0 3 1 0 0
2 1 2 3 3 3 2 2 1 0 0 3 2 1 0 0
0 2 3 1 1 2 1 3 2 1 1 2 0 1 3 2
2 1 1 1 0 3 2 3 3 0 1 1 3 1 0 0
1 3 0 3 1 1 0 2 0 1 0 1 1 1 3 3
3 0 1 1 0 2 3 0 2 2 1 1 2 3 2 2
0 0 2 3 0 1 2 2 0 0 2 1 1 3 3 3
3 2 1 0 1 1 2 3 1 0 2 1 0 2 0 1
0 2 1 1 0 0 0 1 2 0 2 3 3 2 3 3
1 3 3 0 3 0 3 1 3 0 0 3 2 2 2 0
1 1 1 0 1 0 2 2 1 0 2 0 0 3 0 2
0 0 1 3 0 0 2 1 1 3 0 0 1 3 2 1
2 1 0 0 2 2 0 0 2 0 2 0 1 0 2 0
2 3 1 1 1 1 1 2 3 3 1 1 3 2 3 1
80 28 9 72 11 58 35 59 59 59 52 6 10 54 8 52
34 27 31 81 33 51 83 72 54 29 3 33 78 28 9 31
31 58 27 32 79 83 81 33 56 27 5 5 83 28 9 7
54 31 55 78 82 76 48 59 27 6 7 83 59 30 8 6
8 52 80 30 28 57 28 82 59 27 32 58 5 30 80 59
48 34 32 34 11 75 55 75 79 7 29 34 78 35 10 5
28 72 6 80 35 32 6 56 6 29 6 35 35 31 83 78
77 10 35 30 8 56 77 3 52 52 32 34 59 76 53 48
8 6 57 72 7 32 54 51 4 11 57 31 33 80 83 83
81 58 30 6 34 28 51 83 28 6 55 30 10 56 4 27
3 55 32 34 4 4 7 34 52 6 54 80 72 52 78 79
34 76 76 10 76 10 77 27 75 10 5 75 53 55 57 5
29 34 33 8 30 5 59 57 35 7 52 10 3 80 6 53
6 9 34 78 8 9 53 28 30 75 10 7 34 72 59 29
59 27 6 4 55 59 5 10 59 5 59 9 28 6 48 6
55 75 35 34 33 31 28 54 80 81 32 30 82 54 78 29
