2 1 3 1 3 1 0 0 0 2 3 0 0 0 0 0
1 0 0 1 1 3 2 3 1 1 2 1 2 3 2 2
2 3 0 0 1 3 1 1 0 3 1 3 0 3 1 3
2 3 2 3 0 2 2 0 0 2 3 1 3 2 3 3
0 1 1 0 3 1 1 1 3 3 0 2 2 0 2 0
3 3 2 0 2 0 2 3 2 0 2 2 2 2 2 0
1 3 1 3 1 1 3 1 2 1 0 3 1 1 0 2
2 3 1 3 0 2 0 1 1 1 1 3 3 3 1 1
1 3 2 3 3 1 2 0 2 0 2 0 0 2 2 0
3 0 0 2 3 1 3 3 0 2 2 1 0 0 1 0
3 1 1 0 0 3 0 3 2 0 0 1 2 0 3 0
1 2 2 1 2 1 1 3 0 3 2 0 0 3 2 3
3 3 1 1 2 1 0 1 3 2 1 2 1 1 0 0
1 1 0 2 1 1 3 1 2 0 2 2 1 2 2 0
3 1 3 2 0 2 2 3 0 2 2 3 1 1 0 3
0 0 3 1 1 0 1 2 3 1 1 1 1 0 3 2
51 29 77 33 82 29 10 5 11 55 72 7 5 4 5 6
31 5 6 34 30 78 55 80 32 27 56 31 55 83 52 53
55 76 7 11 29 77 28 27 10 77 28 79 7 81 32 83
57 83 52 75 3 57 56 10 11 56 75 35 81 48 75 81
8 28 29 7 75 33 35 27 82 77 8 54 53 6 59 6
72 75 52 11 56 6 53 72 53 3 57 59 51 57 52 10
32 81 32 79 31 29 75 35 52 33 4 72 30 28 8 59
59 72 33 81 8 55 5 28 32 28 35 78 76 75 32 28
27 83 56 80 80 33 57 9 48 11 52 3 6 57 52 8
76 3 5 58 79 30 78 83 3 56 48 35 5 4 29 10
78 30 28 5 10 72 3 77 53 3 10 30 54 4 82 5
32 52 48 34 53 27 33 80 4 72 48 9 9 83 57 76
78 75 27 31 48 29 4 35 82 48 27 57 30 30 5 3
34 28 7 51 27 29 77 35 57 5 51 59 28 51 55 3
76 31 72 53 6 56 56 75 9 48 55 72 34 34 9 78
5 9 80 33 35 5 27 48 72 30 34 32 29 8 81 54
