3 2 2 1 0 2 1 3 1 3 1 1 3 2 0 0
1 2 0 1 2 2 0 2 1 3 2 0 3 1 3 3
0 2 2 1 2 3 1 2 0 0 0 2 1 0 1 3
2 2 3 0 3 0 3 3 0 0 0 1 1 3 3 3
0 2 3 3 1 0 3 2 1 1 2 1 2 3 3 2
1 2 1 3 1 1 0 1 2 0 2 3 1 3 0 1
1 1 0 1 0 1 2 3 2 1 1 2 2 0 0 2
0 3 1 2 2 3 3 0 3 3 1 0 2 2 2 0
2 3 0 3 1 2 0 3 3 1 2 1 0 3 1 2
3 2 2 2 3 3 3 0 2 1 1 2 1 3 3 3
0 0 0 2 0 0 3 1 3 1 1 0 0 0 3 3
0 3 3 3 0 0 2 3 1 3 2 1 2 0 3 2
0 2 0 0 3 3 3 0 1 0 2 0 2 1 3 2
3 1 2 0 0 0 2 2 2 0 0 3 0 3 0 0
0 3 2 2 0 3 1 0 2 0 1 0 3 2 0 3
3 2 3 1 1 3 1 2 3 2 3 0 3 3 1 1
82 56 53 35 4 52 34 80 28 76 27 30 77 57 7 5
35 59 9 35 57 57 10 53 32 72 51 5 76 34 82 82
9 57 55 34 51 82 30 48 6 9 7 56 27 3 31 83
51 56 75 3 75 11 75 80 10 7 8 34 29 83 83 79
4 51 83 82 27 9 82 59 27 27 53 33 54 80 83 54
30 48 31 76 28 34 3 31 57 10 53 82 32 78 9 28
28 33 8 29 8 27 57 78 56 32 35 58 51 3 7 59
11 75 32 54 59 83 72 3 82 83 30 11 51 53 58 8
59 81 7 80 31 52 6 83 78 32 54 27 7 80 35 58
81 51 48 54 82 75 83 9 58 30 33 55 29 79 82 80
8 4 9 57 11 5 75 29 81 27 33 5 7 9 78 76
7 80 80 79 10 10 55 78 28 76 57 35 48 4 76 53
7 57 10 10 78 81 78 4 29 7 57 11 57 28 79 54
80 30 56 7 9 4 56 48 51 5 11 81 9 82 11 10
11 81 51 52 4 72 31 7 51 8 27 9 83 58 11 77
83 52 79 29 35 81 29 59 77 58 77 11 76 81 35 30
