2 1 2 1 2 2 3 3 1 3 2 2 3 1 2 3
3 0 3 3 1 3 1 3 3 2 1 3 2 0 2 0
1 1 1 3 3 3 1 0 1 2 3 0 0 1 2 1
0 2 0 1 3 0 0 0 2 1 2 0 3 1 2 0
0 0 0 0 3 0 3 0 2 3 1 3 3 1 2 2
3 1 3 3 3 2 1 1 1 3 3 2 3 2 2 3
0 3 0 3 3 3 1 1 0 3 2 3 0 1 3 3
0 1 3 1 0 3 0 0 1 2 1 0 0 3 2 2
2 1 3 2 3 2 1 1 0 3 1 3 2 3 0 2
0 0 2 0 3 1 0 1 2 0 3 3 0 2 0 0
1 3 1 1 0 0 3 1 2 3 1 1 0 2 2 3
2 3 0 0 3 1 3 3 3 0 1 1 2 0 1 0
3 3 0 0 2 1 2 2 0 1 0 1 1 0 1 1
2 1 3 1 2 1 0 2 2 1 1 3 3 3 3 3
2 0 1 3 2 1 2 1 0 1 1 1 2 3 1 1
3 2 2 1 2 2 3 1 1 3 0 1 2 3 3 3
51 34 52 31 54 57 76 82 30 79 57 56 82 31 51 82
81 4 76 77 34 81 28 81 79 51 27 76 57 6 48 3
27 27 29 78 79 82 32 5 31 57 75 5 10 35 52 28
9 53 3 27 76 6 7 8 58 34 51 6 80 34 52 4
7 11 3 4 72 6 76 4 56 80 28 78 78 35 55 56
78 35 75 83 83 55 28 33 30 76 76 56 83 54 55 78
3 83 10 76 79 80 33 28 3 78 53 72 6 35 78 76
8 27 81 33 10 76 8 9 32 59 28 8 4 83 59 52
55 35 76 56 80 53 28 34 8 83 34 78 53 81 10 48
8 5 56 10 81 34 11 29 59 5 81 82 11 51 11 3
34 77 35 32 11 3 80 28 58 82 32 29 6 52 48 81
54 72 3 3 76 32 77 83 76 8 30 28 51 6 29 6
82 76 6 5 55 29 54 57 10 31 10 34 35 4 34 30
56 35 76 35 57 31 6 52 48 33 33 81 80 76 75 83
57 10 32 83 57 29 55 35 11 30 30 34 59 75 35 27
81 59 57 33 59 51 81 30 35 76 3 33 54 83 75 79
