1 0 2 2 0 2 3 3 1 0 2 1 3 0 1 2
1 1 2 1 0 3 0 0 3 2 2 0 0 0 2 0
2 2 2 1 1 1 2 2 2 3 3 1 0 0 1 0
2 1 0 1 0 1 1 0 3 1 3 3 0 3 2 2
1 3 1 3 2 0 2 2 1 0 2 3 1 2 2 2
3 0 2 3 3 3 1 2 0 3 2 1 1 2 2 1
1 3 1 2 1 1 3 3 0 0 3 3 1 0 0 3
2 2 2 0 1 3 1 0 0 0 1 3 0 3 0 0
1 0 0 2 3 1 3 1 2 0 0 0 2 0 2 2
1 3 1 1 1 1 3 1 1 0 2 2 2 1 3 2
0 0 1 0 0 0 0 0 3 0 0 0 0 0 2 0
2 2 0 2 0 0 1 0 3 0 3 2 1 2 1 1
2 0 0 3 3 3 1 1 3 1 1 1 0 3 1 2
3 0 0 2 3 3 1 2 3 0 0 0 3 0 1 2
2 1 1 1 1 1 3 1 3 0 3 3 1 0 3 0
1 1 2 1 0 2 2 0 3 1 2 1 3 2 2 0
27 3 59 52 6 53 83 76 27 7 58 32 80 8 33 58
27 31 55 28 11 78 5 4 80 48 52 6 8 4 55 7
51 55 54 33 29 34 58 55 55 77 75 33 4 3 28 10
59 30 6 32 11 33 33 6 81 31 79 78 7 79 48 48
35 77 27 76 51 6 48 59 30 6 53 79 27 48 56 58
76 5 51 76 83 75 29 56 8 82 48 31 34 51 54 31
32 76 33 51 29 32 80 77 4 8 76 78 27 9 10 78
55 54 51 11 33 72 28 9 8 5 33 78 9 77 4 8
30 6 7 56 75 31 82 33 58 6 7 5 54 9 58 55
32 80 28 28 30 28 76 28 34 4 48 48 55 30 72 58
9 4 28 5 10 11 6 11 77 6 11 8 5 3 55 10
54 53 8 48 6 5 31 5 80 7 75 54 27 53 33 34
58 9 10 78 77 83 27 33 76 27 28 27 11 78 31 52
80 4 7 59 81 80 31 53 82 9 11 5 80 4 30 48
52 35 32 32 34 35 78 29 83 3 79 81 31 9 75 11
31 32 54 35 8 56 52 5 77 32 56 35 72 56 58 9
