3 1 0 0 1 3 3 2 3 0 2 1 2 2 0 0
2 3 2 3 1 2 1 2 3 3 2 0 0 2 1 0
3 2 2 1 0 1 2 3 0 0 0 3 0 0 1 1
2 0 0 3 2 3 0 1 2 1 3 0 0 2 1 0
0 1 2 2 2 2 1 3 0 1 3 2 0 2 0 1
2 0 3 3 1 1 2 3 2 2 1 2 1 2 1 3
3 2 3 0 3 1 3 3 1 3 0 2 3 2 0 3
1 0 0 2 2 3 0 0 3 0 1 3 1 3 3 0
1 3 2 1 2 3 0 1 0 3 1 1 2 0 3 2
2 2 2 0 3 2 3 2 0 3 2 0 2 2 1 3
1 1 0 3 3 0 1 2 0 1 1 0 3 1 2 1
1 1 2 3 3 2 2 3 1 2 3 2 2 0 2 3
3 3 1 0 2 0 2 0 1 2 2 3 3 3 3 1
3 2 3 0 1 1 3 3 2 0 1 1 2 3 1 1
2 3 2 3 1 3 3 3 2 1 2 1 2 1 1 1
1 1 3 3 2 3 0 3 3 0 1 3 1 3 0 3
79 33 6 6 29 76 79 56 81 10 59 31 51 59 4 8
55 76 57 79 31 56 31 51 75 83 56 9 5 59 27 4
83 48 51 35 5 30 51 82 10 3 6 72 6 10 34 27
54 9 7 72 57 79 9 35 48 31 82 3 11 48 29 6
11 31 56 52 56 52 31 81 11 34 76 58 7 56 5 34
56 8 77 78 31 29 59 72 52 54 30 53 32 52 30 76
80 54 77 10 81 34 79 72 35 81 10 59 72 58 7 75
28 6 9 56 54 80 10 4 82 4 30 77 34 83 83 8
33 83 53 35 48 78 6 28 4 82 33 31 48 9 78 54
56 59 52 8 72 53 75 53 11 76 53 11 52 54 30 80
28 27 6 78 72 4 27 55 7 32 32 4 82 28 57 32
27 30 48 79 80 57 56 72 33 48 77 52 55 8 59 77
82 75 34 6 54 3 56 10 30 53 48 81 77 83 83 33
79 48 81 3 35 28 72 75 58 9 32 33 52 77 29 28
52 81 54 80 27 76 77 79 54 32 56 35 56 34 32 32
34 29 78 76 48 78 11 72 76 8 31 79 30 81 3 77
