3 1 1 2 3 2 3 0 2 2 1 0 3 0 1 2
3 2 2 2 2 0 1 1 0 0 3 3 0 2 2 3
2 1 3 1 0 3 1 1 3 2 3 3 0 1 1 1
3 1 1 2 0 1 3 0 2 1 0 1 2 2 2 1
1 3 1 0 2 1 2 3 1 1 2 1 1 1 3 2
2 3 1 3 2 0 3 1 1 0 0 0 3 3 0 1
1 3 0 2 3 2 3 2 0 1 3 0 1 1 2 2
2 2 2 3 3 0 3 0 3 0 2 1 1 2 0 1
0 1 3 1 3 1 2 0 2 1 2 2 1 2 0 0
2 0 2 3 0 2 2 3 0 2 2 0 1 0 3 0
3 3 3 0 3 2 2 3 1 1 0 0 2 2 2 1
3 0 1 1 3 0 1 0 3 0 3 2 1 2 2 0
2 3 1 1 2 0 0 3 2 2 1 0 0 1 1 2
3 3 1 3 2 1 1 1 3 0 2 0 0 0 0 3
0 3 2 1 1 2 0 2 1 1 3 0 2 3 3 3
3 0 3 2 1 0 1 2 2 1 2 2 1 1 2 3
75 31 29 53 83 54 82 7 56 52 32 7 80 4 27 58
79 54 58 53 59 7 28 30 5 11 82 80 3 59 51 81
57 34 82 27 8 78 29 27 77 56 77 81 3 31 29 27
80 32 34 52 5 33 78 10 51 32 6 28 55 59 48 35
34 72 31 4 48 30 51 77 35 33 56 34 30 29 72 56
56 81 27 81 55 9 72 31 28 9 6 5 76 75 5 35
31 75 10 58 82 58 79 56 7 35 82 8 30 34 57 54
57 58 54 76 80 6 77 11 75 6 48 29 29 59 9 30
6 29 82 30 77 28 52 8 51 27 56 55 33 51 9 5
57 3 51 82 4 59 52 81 4 56 55 7 35 11 81 6
80 79 82 6 75 57 52 80 31 35 10 11 54 52 55 34
78 7 31 27 77 6 33 3 77 5 72 54 32 57 48 4
59 75 31 35 59 7 9 81 59 54 33 5 10 34 34 57
83 79 32 78 55 31 29 30 76 8 56 3 11 6 6 80
11 72 51 34 27 58 11 58 31 27 72 8 51 82 79 82
81 6 82 52 35 10 35 51 56 30 58 54 35 31 52 79
