3 2 0 0 3 1 3 2 1 2 3 2 3 2 0 3
2 1 1 1 1 0 0 3 1 2 3 3 1 0 2 0
1 3 0 2 1 3 1 2 3 3 0 0 0 1 0 2
2 1 3 0 0 3 3 1 1 1 1 0 1 2 2 0
0 0 3 3 0 3 3 0 1 1 0 2 3 0 0 0
1 0 2 0 3 3 2 1 1 2 0 3 2 0 2 0
1 1 2 3 0 1 1 3 0 2 1 0 3 1 0 1
3 2 3 0 0 0 2 3 3 2 0 3 1 0 2 3
0 2 3 2 1 1 2 2 1 2 0 3 3 1 0 1
1 2 0 0 1 0 3 1 2 3 3 2 0 3 2 3
2 0 3 3 2 1 0 1 3 1 3 1 2 3 3 2
2 2 2 0 2 3 1 1 2 3 1 0 0 2 3 3
3 0 3 1 2 2 0 0 0 2 0 0 0 1 1 2
1 0 2 0 2 0 0 1 1 0 3 1 3 0 2 1
2 0 0 3 0 2 3 2 1 3 2 3 1 0 1 0
2 1 3 0 3 0 0 2 2 1 1 2 0 2 1 2
77 52 4 3 77 32 77 48 33 56 79 55 79 54 6 80
56 30 30 33 32 5 8 76 29 53 77 81 28 8 56 11
30 83 10 57 31 77 34 54 83 72 9 10 4 34 8 57
52 28 80 3 9 75 82 28 27 31 32 10 35 53 52 11
10 5 83 82 7 76 77 10 31 33 4 56 77 7 9 5
32 7 59 10 81 76 52 33 33 53 11 78 52 5 54 3
35 35 55 75 5 31 35 72 10 59 30 7 82 29 4 29
72 55 76 10 6 11 56 77 76 57 6 76 30 4 56 72
10 53 80 52 34 34 57 48 27 55 6 81 82 33 11 34
34 56 9 8 33 4 79 27 52 81 80 55 3 83 52 80
54 3 78 82 52 27 7 32 79 29 83 27 58 79 83 48
59 57 52 6 51 76 28 27 58 82 28 4 8 48 83 83
72 5 83 34 58 53 10 11 5 51 6 6 3 34 33 59
30 11 55 8 54 3 7 28 32 6 72 30 72 4 52 35
58 3 6 79 7 59 81 59 34 78 57 82 35 8 32 6
55 33 72 4 76 5 8 48 59 32 31 57 10 57 28 48
