1 2 1 1 2 0 2 1 3 0 1 0 3 0 1 3
0 1 3 2 2 2 0 2 2 1 3 3 2 3 1 3
3 0 3 0 3 2 2 3 1 2 1 2 0 0 2 1
3 0 1 2 1 1 1 2 1 0 3 3 2 2 0 0
2 1 1 0 3 3 3 3 0 1 1 2 1 0 3 0
0 2 0 0 0 0 3 0 0 2 0 1 1 0 0 3
0 3 0 0 2 3 3 2 2 0 0 1 2 2 3 3
0 2 3 3 3 2 0 2 3 2 0 1 2 1 3 2
2 3 3 3 0 0 2 2 2 1 0 2 2 0 2 0
2 2 2 2 3 0 1 2 0 0 1 3 1 0 1 3
0 3 0 1 0 0 3 2 1 3 1 3 2 1 0 2
3 1 3 1 3 2 1 1 1 0 0 1 2 2 0 2
3 1 2 0 1 3 1 2 2 0 1 3 1 2 0 0
3 0 3 0 3 1 1 2 0 2 3 1 3 1 1 2
2 2 3 3 0 2 1 2 0 1 3 3 0 0 2 2
2 3 2 2 3 3 1 3 1 1 0 1 0 2 3 3
34 58 33 34 48 8 58 28 77 11 29 3 78 5 30 78
10 27 80 59 59 54 8 48 52 33 78 72 51 79 34 81
79 8 80 7 77 54 51 75 32 59 34 51 4 11 48 29
80 4 30 54 35 34 35 54 27 6 75 78 54 51 11 11
48 35 33 4 82 80 79 72 9 32 30 52 32 3 82 3
8 55 3 9 7 3 75 9 6 51 11 33 35 9 8 81
10 79 9 11 51 75 76 53 51 6 7 35 52 48 78 82
10 57 79 75 77 56 7 51 75 55 11 34 54 34 77 56
54 78 78 80 7 10 55 54 51 28 7 54 59 6 53 10
57 52 51 48 78 11 28 58 3 3 33 83 34 11 31 83
3 80 9 27 6 6 80 53 34 82 27 79 54 27 6 58
83 35 76 27 79 51 29 32 32 11 7 29 51 52 6 51
78 35 52 5 28 76 29 48 57 3 30 75 29 56 4 10
72 6 83 7 72 31 30 59 8 52 79 35 80 27 32 54
59 52 83 82 11 59 35 58 11 31 75 83 9 8 52 59
55 75 53 56 80 77 35 80 31 31 8 27 7 52 79 83
