1 1 2 3 2 3 0 2 1 2 2 2 3 2 2 3
1 3 0 1 1 1 2 1 2 2 0 1 2 1 1 0
2 0 3 1 0 0 0 2 3 0 1 3 0 1 2 1
0 3 3 2 1 0 0 3 1 3 1 2 1 0 3 1
0 0 2 0 2 2 1 3 1 2 1 3 3 2 2 0
1 1 0 3 3 2 3 0 1 3 2 3 3 1 2 3
2 3 0 3 1 3 0 3 1 2 1 0 2 1 2 1
3 3 2 0 1 0 2 1 3 0 2 1 1 0 3 1
0 2 0 1 1 3 3 1 0 1 1 2 2 2 3 0
3 0 1 1 0 2 3 3 0 0 2 0 2 1 1 1
0 2 0 3 1 1 0 1 3 2 2 0 1 3 0 1
3 0 3 1 1 1 3 2 2 0 3 1 0 2 1 0
0 1 2 1 0 3 1 1 2 0 2 0 3 1 0 2
0 2 1 2 0 1 3 0 0 1 1 0 3 1 3 0
2 0 2 0 1 3 2 2 2 0 1 2 1 3 3 2
2 1 2 1 2 0 0 2 1 2 1 0 0 0 3 1
28 28 53 78 52 80 7 51 30 55 58 56 81 59 57 82
34 77 6 31 29 29 51 32 59 55 5 32 59 33 28 3
59 9 83 29 4 8 11 53 76 9 34 78 8 27 52 29
8 72 82 55 34 8 9 78 33 78 32 53 27 3 72 30
10 3 58 7 59 58 28 76 28 52 27 75 72 54 57 7
29 31 10 79 80 58 76 7 33 83 56 80 77 29 59 78
54 77 4 79 33 81 10 76 31 54 28 7 51 33 53 29
78 76 54 5 34 8 48 31 83 6 57 28 35 6 77 32
4 51 9 33 29 79 83 32 5 33 32 56 55 51 75 3
83 8 30 30 8 58 75 81 8 5 52 5 56 30 33 35
9 48 9 82 28 34 7 35 76 51 51 10 32 81 3 31
78 4 81 35 33 33 81 48 51 5 76 28 7 51 27 11
9 29 55 34 11 78 31 35 57 6 59 7 76 28 8 53
6 48 31 56 4 28 78 4 9 30 28 10 81 34 76 6
48 4 59 10 27 77 52 57 53 9 33 59 31 75 81 51
55 29 51 28 56 10 3 56 31 58 33 11 11 9 72 29
