0 0 0 0 0 0 0 0 0 0 0 0 0 0 0 0
0 0 0 0 0 0 0 0 0 0 0 0 0 0 0 0
0 0 0 0 0 0 0 0 0 0 0 0 0 0 0 0
0 0 0 0 0 0 0 0 0 0 0 0 0 0 0 0
1 1 1 1 1 1 1 1 1 1 1 1 1 1 1 1
1 1 1 1 1 1 1 1 1 1 1 1 1 1 1 1
1 1 1 1 1 1 1 1 1 1 1 1 1 1 1 1
1 1 1 1 1 1 1 1 1 1 1 1 1 1 1 1
2 2 2 2 2 2 2 2 2 2 2 2 2 2 2 2
2 2 2 2 2 2 2 2 2 2 2 2 2 2 2 2
2 2 2 2 2 2 2 2 2 2 2 2 2 2 2 2
2 2 2 2 2 2 2 2 2 2 2 2 2 2 2 2
3 3 3 3 3 3 3 3 3 3 3 3 3 3 3 3
3 3 3 3 3 3 3 3 3 3 3 3 3 3 3 3
3 3 3 3 3 3 3 3 3 3 3 3 3 3 3 3
3 3 3 3 3 3 3 3 3 3 3 3 3 3 3 3
9 11 10 5 8 3 7 3 10 8 4 6 10 6 9 6
9 8 3 6 5 4 5 5 9 4 4 7 10 5 7 3
11 11 3 10 6 9 10 3 3 8 7 5 11 3 11 4
3 6 8 3 9 5 11 11 6 6 5 6 5 6 6 10
34 31 28 31 34 34 35 30 29 33 27 29 35 33 29 30
33 31 29 31 28 34 31 31 35 30 30 31 32 30 32 33
31 31 32 28 32 27 32 33 28 32 31 30 33 33 35 27
31 27 31 33 35 30 32 29 34 28 29 31 31 27 32 27
57 55 55 59 51 54 55 48 51 58 54 52 53 56 53 58
51 54 59 51 56 59 48 55 51 55 51 55 57 52 56 55
48 59 57 54 59 54 48 57 56 52 57 59 59 56 53 56
52 57 52 56 59 52 54 57 55 51 52 56 54 53 53 57
76 82 83 79 79 79 80 77 79 76 83 82 78 76 80 79
80 77 77 79 72 79 77 79 80 78 79 72 72 78 81 82
80 78 83 80 81 77 80 82 83 77 75 77 83 81 83 82
81 83 72 82 77 82 77 80 75 72 78 83 83 77 76 83
