0 0 0 0 0 0 0 0 0 0 0 0 0 0 0 0
0 0 0 0 0 0 0 0 0 0 0 0 0 0 0 0
0 0 0 0 0 0 0 0 0 0 0 0 0 0 0 0
0 0 0 0 0 0 0 0 0 0 0 0 0 0 0 0
1 1 1 1 1 1 1 1 1 1 1 1 1 1 1 1
1 1 1 1 1 1 1 1 1 1 1 1 1 1 1 1
1 1 1 1 1 1 1 1 1 1 1 1 1 1 1 1
1 1 1 1 1 1 1 1 1 1 1 1 1 1 1 1
2 2 2 2 2 2 2 2 2 2 2 2 2 2 2 2
2 2 2 2 2 2 2 2 2 2 2 2 2 2 2 2
2 2 2 2 2 2 2 2 2 2 2 2 2 2 2 2
2 2 2 2 2 2 2 2 2 2 2 2 2 2 2 2
3 3 3 3 3 3 3 3 3 3 3 3 3 3 3 3
3 3 3 3 3 3 3 3 3 3 3 3 3 3 3 3
3 3 3 3 3 3 3 3 3 3 3 3 3 3 3 3
3 3 3 3 3 3 3 3 3 3 3 3 3 3 3 3
4 4 5 5 4 9 3 3 6 11 5 6 3 3 4 5
6 3 11 6 7 4 3 11 8 9 8 4 7 8 6 7
8 4 11 4 10 3 5 10 4 3 5 3 11 5 4 7
10 9 10 5 3 7 9 5 5 4 6 7 8 9 5 4
35 29 35 27 28 32 32 32 30 30 35 31 31 34 30 33
32 28 35 32 28 35 30 33 28 31 28 27 29 30 32 32
32 28 35 35 35 31 33 30 27 34 29 33 29 31 33 31
27 33 34 31 30 30 34 30 29 31 28 28 34 28 32 30
48 59 51 59 48 56 58 58 58 57 52 57 59 58 51 48
53 57 57 52 59 57 55 59 57 57 55 54 48 48 57 56
54 55 57 51 56 56 52 56 56 55 52 54 55 58 54 58
57 55 52 48 57 51 53 48 58 54 51 56 58 58 48 53
81 82 79 82 78 81 77 77 72 77 80 80 77 77 77 82
72 80 81 82 72 83 82 82 80 75 75 81 82 81 77 81
79 79 81 80 72 78 76 79 78 81 78 77 79 75 82 77
81 72 80 77 78 78 83 77 83 83 77 75 78 78 83 82
