0 0 0 0 0 0 0 0 0 0 0 0 0 0 0 0
0 0 0 0 0 0 0 0 0 0 0 0 0 0 0 0
0 0 0 0 0 0 0 0 0 0 0 0 0 0 0 0
0 0 0 0 0 0 0 0 0 0 0 0 0 0 0 0
1 1 1 1 1 1 1 1 1 1 1 1 1 1 1 1
1 1 1 1 1 1 1 1 1 1 1 1 1 1 1 1
1 1 1 1 1 1 1 1 1 1 1 1 1 1 1 1
1 1 1 1 1 1 1 1 1 1 1 1 1 1 1 1
2 2 2 2 2 2 2 2 2 2 2 2 2 2 2 2
2 2 2 2 2 2 2 2 2 2 2 2 2 2 2 2
2 2 2 2 2 2 2 2 2 2 2 2 2 2 2 2
2 2 2 2 2 2 2 2 2 2 2 2 2 2 2 2
3 3 3 3 3 3 3 3 3 3 3 3 3 3 3 3
3 3 3 3 3 3 3 3 3 3 3 3 3 3 3 3
3 3 3 3 3 3 3 3 3 3 3 3 3 3 3 3
3 3 3 3 3 3 3 3 3 3 3 3 3 3 3 3
7 4 6 7 5 4 8 5 8 8 8 8 7 11 6 10
10 6 6 9 3 6 11 3 9 4 11 8 7 10 5 11
5 8 7 6 7 10 11 8 11 4 5 7 4 9 9 11
5 3 7 10 7 10 10 11 3 4 8 10 9 4 6 4
29 34 31 35 35 30 31 31 28 31 28 30 30 33 34 28
30 31 30 35 27 33 32 33 33 27 30 33 27 31 29 29
33 31 31 35 31 31 35 32 31 33 29 33 32 34 34 30
33 35 33 30 30 34 34 30 27 28 33 34 33 34 30 28
52 55 56 53 58 57 53 52 53 53 51 59 52 54 48 59
57 54 48 59 59 56 58 56 58 56 54 52 59 57 54 58
55 59 48 55 51 53 59 54 55 52 48 56 56 58 58 51
48 57 55 58 48 55 58 53 48 52 52 59 58 48 59 56
81 82 77 80 77 79 72 78 72 83 82 79 83 76 77 76
75 82 80 77 77 76 75 83 83 83 81 78 83 77 72 80
82 79 78 72 72 72 78 72 80 83 83 76 78 75 82 72
75 83 72 83 76 83 72 81 80 82 72 77 79 75 72 81
