0 0 0 0 0 0 0 0 0 0 0 0 0 0 0 0
0 0 0 0 0 0 0 0 0 0 0 0 0 0 0 0
0 0 0 0 0 0 0 0 0 0 0 0 0 0 0 0
0 0 0 0 0 0 0 0 0 0 0 0 0 0 0 0
1 1 1 1 1 1 1 1 1 1 1 1 1 1 1 1
1 1 1 1 1 1 1 1 1 1 1 1 1 1 1 1
1 1 1 1 1 1 1 1 1 1 1 1 1 1 1 1
1 1 1 1 1 1 1 1 1 1 1 1 1 1 1 1
2 2 2 2 2 2 2 2 2 2 2 2 2 2 2 2
2 2 2 2 2 2 2 2 2 2 2 2 2 2 2 2
2 2 2 2 2 2 2 2 2 2 2 2 2 2 2 2
2 2 2 2 2 2 2 2 2 2 2 2 2 2 2 2
3 3 3 3 3 3 3 3 3 3 3 3 3 3 3 3
3 3 3 3 3 3 3 3 3 3 3 3 3 3 3 3
3 3 3 3 3 3 3 3 3 3 3 3 3 3 3 3
3 3 3 3 3 3 3 3 3 3 3 3 3 3 3 3
7 10 7 7 5 8 6 10 10 7 3 11 6 3 11 4
5 8 5 6 5 8 5 6 10 5 7 10 4 4 8 10
4 4 9 8 3 6 5 9 7 9 3 7 7 10 8 11
7 11 4 11 7 10 4 8 3 6 6 3 3 10 8 3
31 35 28 30 35 32 28 30 29 30 27 33 32 34 30 33
35 30 28 31 32 27 35 31 34 32 31 27 32 35 33 28
33 35 33 32 34 32 33 33 30 31 27 31 32 31 32 34
31 35 28 33 33 30 30 35 29 32 33 28 29 30 33 32
54 52 59 58 51 48 58 58 56 52 59 56 54 51 53 53
48 58 54 58 54 58 53 54 53 54 54 59 52 48 56 55
52 57 56 58 53 51 56 53 52 56 56 58 55 59 51 54
54 59 51 55 52 55 58 56 53 58 55 52 57 57 54 57
72 77 80 76 77 81 75 76 77 80 76 75 76 82 75 77
77 76 81 79 75 78 82 75 82 78 78 77 77 79 78 80
72 82 80 80 82 76 83 77 83 79 79 82 77 75 76 82
77 75 75 79 80 83 76 78 81 76 77 81 72 80 76 78
