0 0 0 0 0 0 0 0 0 0 0 0 0 0 0 0
0 0 0 0 0 0 0 0 0 0 0 0 0 0 0 0
0 0 0 0 0 0 0 0 0 0 0 0 0 0 0 0
0 0 0 0 0 0 0 0 0 0 0 0 0 0 0 0
1 1 1 1 1 1 1 1 1 1 1 1 1 1 1 1
1 1 1 1 1 1 1 1 1 1 1 1 1 1 1 1
1 1 1 1 1 1 1 1 1 1 1 1 1 1 1 1
1 1 1 1 1 1 1 1 1 1 1 1 1 1 1 1
2 2 2 2 2 2 2 2 2 2 2 2 2 2 2 2
2 2 2 2 2 2 2 2 2 2 2 2 2 2 2 2
2 2 2 2 2 2 2 2 2 2 2 2 2 2 2 2
2 2 2 2 2 2 2 2 2 2 2 2 2 2 2 2
3 3 3 3 3 3 3 3 3 3 3 3 3 3 3 3
3 3 3 3 3 3 3 3 3 3 3 3 3 3 3 3
3 3 3 3 3 3 3 3 3 3 3 3 3 3 3 3
3 3 3 3 3 3 3 3 3 3 3 3 3 3 3 3
9 8 8 8 5 6 8 3 11 11 3 11 6 10 9 4
3 4 10 4 3 11 8 9 3 6 10 3 4 5 9 7
4 9 7 9 6 3 9 5 9 7 11 7 9 4 7 10
11 11 5 7 11 6 4 11 3 11 5 9 5 6 6 6
32 33 31 33 30 34 29 30 27 30 28 28 32 29 32 31
31 30 33 31 35 35 35 28 35 33 29 34 32 31 34 28
31 32 31 30 30 29 27 30 29 31 29 30 27 35 30 34
30 34 31 33 31 34 35 28 31 33 33 29 33 28 27 34
55 51 48 57 59 53 59 51 54 51 56 54 57 56 57 58
57 52 54 59 57 59 48 58 59 52 55 59 56 55 52 58
48 52 48 55 56 58 57 55 56 52 53 56 54 59 51 54
52 53 59 48 52 48 57 56 54 57 55 56 56 57 48 54
78 81 83 80 83 81 81 79 77 78 77 83 78 79 83 81
76 80 82 72 82 77 79 77 81 76 78 75 78 72 79 81
76 76 81 79 72 75 80 72 80 80 82 83 82 72 83 75
72 72 78 77 78 82 72 77 76 72 76 83 79 79 78 81
