0 0 0 0 0 0 0 0 0 0 0 0 0 0 0 0
0 0 0 0 0 0 0 0 0 0 0 0 0 0 0 0
0 0 0 0 0 0 0 0 0 0 0 0 0 0 0 0
0 0 0 0 0 0 0 0 0 0 0 0 0 0 0 0
1 1 1 1 1 1 1 1 1 1 1 1 1 1 1 1
1 1 1 1 1 1 1 1 1 1 1 1 1 1 1 1
1 1 1 1 1 1 1 1 1 1 1 1 1 1 1 1
1 1 1 1 1 1 1 1 1 1 1 1 1 1 1 1
2 2 2 2 2 2 2 2 2 2 2 2 2 2 2 2
2 2 2 2 2 2 2 2 2 2 2 2 2 2 2 2
2 2 2 2 2 2 2 2 2 2 2 2 2 2 2 2
2 2 2 2 2 2 2 2 2 2 2 2 2 2 2 2
3 3 3 3 3 3 3 3 3 3 3 3 3 3 3 3
3 3 3 3 3 3 3 3 3 3 3 3 3 3 3 3
3 3 3 3 3 3 3 3 3 3 3 3 3 3 3 3
3 3 3 3 3 3 3 3 3 3 3 3 3 3 3 3
7 10 3 5 11 8 5 8 8 10 4 6 8 9 8 4
4 3 8 10 10 5 3 8 9 4 10 3 10 5 4 6
4 7 8 11 8 10 6 3 4 10 7 5 11 11 11 3
11 9 5 11 9 6 8 10 9 10 3 7 4 3 9 10
27 29 29 35 28 32 27 29 32 32 31 27 28 30 32 32
35 32 30 31 29 30 30 28 29 34 28 29 31 35 30 31
29 32 33 28 35 28 31 33 29 33 29 32 35 31 33 34
33 33 30 34 34 29 33 31 29 33 35 31 30 27 27 31
59 53 51 52 56 51 48 48 51 54 54 48 54 53 57 52
53 57 56 58 56 54 48 55 58 51 58 55 57 59 56 55
51 54 55 48 57 59 56 57 59 54 56 56 52 57 59 56
56 51 55 53 53 48 52 56 59 55 52 54 48 53 53 57
80 77 78 76 79 78 82 78 79 80 83 77 81 82 77 80
80 78 78 77 82 81 81 72 72 79 78 82 83 83 82 72
81 72 81 72 80 76 77 77 81 81 81 81 82 75 76 77
78 79 72 79 82 81 83 76 72 82 72 76 76 76 78 83
