0 0 0 0 0 0 0 0 0 0 0 0 0 0 0 0
0 0 0 0 0 0 0 0 0 0 0 0 0 0 0 0
0 0 0 0 0 0 0 0 0 0 0 0 0 0 0 0
0 0 0 0 0 0 0 0 0 0 0 0 0 0 0 0
1 1 1 1 1 1 1 1 1 1 1 1 1 1 1 1
1 1 1 1 1 1 1 1 1 1 1 1 1 1 1 1
1 1 1 1 1 1 1 1 1 1 1 1 1 1 1 1
1 1 1 1 1 1 1 1 1 1 1 1 1 1 1 1
2 2 2 2 2 2 2 2 2 2 2 2 2 2 2 2
2 2 2 2 2 2 2 2 2 2 2 2 2 2 2 2
2 2 2 2 2 2 2 2 2 2 2 2 2 2 2 2
2 2 2 2 2 2 2 2 2 2 2 2 2 2 2 2
3 3 3 3 3 3 3 3 3 3 3 3 3 3 3 3
3 3 3 3 3 3 3 3 3 3 3 3 3 3 3 3
3 3 3 3 3 3 3 3 3 3 3 3 3 3 3 3
3 3 3 3 3 3 3 3 3 3 3 3 3 3 3 3
6 9 8 11 9 9 8 9 11 5 8 3 11 5 3 9
5 5 10 11 3 11 8 6 3 10 5 11 10 4 7 7
5 10 6 4 10 6 9 7 5 5 10 4 6 8 7 7
5 10 4 7 5 6 10 4 8 3 3 8 7 9 11 9
31 32 29 33 35 28 33 28 28 27 34 34 32 29 35 31
35 30 27 30 32 27 29 30 35 29 32 34 35 32 34 28
27 29 33 34 30 29 32 32 29 28 27 27 35 28 28 33
30 35 27 29 28 33 32 27 35 35 34 34 31 28 33 34
59 54 57 52 59 48 48 52 52 55 52 52 54 57 59 54
53 55 57 55 53 52 52 59 57 59 51 56 56 57 53 59
53 54 58 57 56 55 56 56 56 55 59 57 54 51 52 58
59 51 52 57 51 55 54 52 52 56 57 56 48 58 52 59
80 76 78 77 78 76 77 80 82 77 82 75 80 78 80 81
78 72 72 78 80 77 82 82 76 75 75 76 82 75 81 79
80 75 72 77 77 81 76 83 80 72 82 78 77 75 76 75
79 83 72 80 78 77 80 83 83 75 83 78 80 81 79 83
