0 0 0 0 0 0 0 0 0 0 0 0 0 0 0 0
0 0 0 0 0 0 0 0 0 0 0 0 0 0 0 0
0 0 0 0 0 0 0 0 0 0 0 0 0 0 0 0
0 0 0 0 0 0 0 0 0 0 0 0 0 0 0 0
1 1 1 1 1 1 1 1 1 1 1 1 1 1 1 1
1 1 1 1 1 1 1 1 1 1 1 1 1 1 1 1
1 1 1 1 1 1 1 1 1 1 1 1 1 1 1 1
1 1 1 1 1 1 1 1 1 1 1 1 1 1 1 1
2 2 2 2 2 2 2 2 2 2 2 2 2 2 2 2
2 2 2 2 2 2 2 2 2 2 2 2 2 2 2 2
2 2 2 2 2 2 2 2 2 2 2 2 2 2 2 2
2 2 2 2 2 2 2 2 2 2 2 2 2 2 2 2
3 3 3 3 3 3 3 3 3 3 3 3 3 3 3 3
3 3 3 3 3 3 3 3 3 3 3 3 3 3 3 3
3 3 3 3 3 3 3 3 3 3 3 3 3 3 3 3
3 3 3 3 3 3 3 3 3 3 3 3 3 3 3 3
4 9 6 4 7 9 8 10 7 8 8 7 11 7 9 6
9 7 4 3 4 3 4 3 7 6 10 3 4 3 10 9
10 5 10 4 8 8 4 7 4 6 4 6 6 6 9 3
6 7 3 10 7 5 9 9 10 5 3 7 9 8 3 5
28 27 31 29 27 32 31 30 34 28 34 29 27 28 34 27
33 33 32 31 28 32 34 31 28 34 33 29 29 27 35 34
35 33 31 33 31 27 35 31 31 27 28 35 29 30 35 29
33 33 29 32 34 34 29 33 32 30 35 33 32 29 33 27
53 52 51 59 55 58 59 57 55 59 48 52 59 52 58 59
52 51 57 57 56 51 58 54 48 58 52 48 57 58 56 58
48 53 59 59 59 51 55 51 58 57 59 59 54 59 56 57
58 59 48 59 51 48 51 53 48 53 51 56 51 59 51 54
75 79 77 82 76 80 72 78 82 80 75 82 72 76 81 81
79 78 75 79 72 80 81 81 80 76 77 83 76 82 79 80
79 72 83 79 83 80 83 78 75 80 83 82 79 76 76 75
80 82 78 79 76 77 79 79 76 83 81 75 77 80 81 82
