0 0 0 0 0 0 0 0 0 0 0 0 0 0 0 0
0 0 0 0 0 0 0 0 0 0 0 0 0 0 0 0
0 0 0 0 0 0 0 0 0 0 0 0 0 0 0 0
0 0 0 0 0 0 0 0 0 0 0 0 0 0 0 0
1 1 1 1 1 1 1 1 1 1 1 1 1 1 1 1
1 1 1 1 1 1 1 1 1 1 1 1 1 1 1 1
1 1 1 1 1 1 1 1 1 1 1 1 1 1 1 1
1 1 1 1 1 1 1 1 1 1 1 1 1 1 1 1
2 2 2 2 2 2 2 2 2 2 2 2 2 2 2 2
2 2 2 2 2 2 2 2 2 2 2 2 2 2 2 2
2 2 2 2 2 2 2 2 2 2 2 2 2 2 2 2
2 2 2 2 2 2 2 2 2 2 2 2 2 2 2 2
3 3 3 3 3 3 3 3 3 3 3 3 3 3 3 3
3 3 3 3 3 3 3 3 3 3 3 3 3 3 3 3
3 3 3 3 3 3 3 3 3 3 3 3 3 3 3 3
3 3 3 3 3 3 3 3 3 3 3 3 3 3 3 3
11 11 10 7 4 5 6 3 3 7 9 11 10 6 5 6
8 9 8 4 9 9 6 4 7 4 4 10 8 7 7 10
9 10 9 9 6 10 11 8 7 8 3 6 4 5 8 5
8 9 8 10 5 3 5 8 3 3 6 11 10 10 10 6
27 27 28 35 34 35 32 35 32 33 31 28 32 34 28 28
33 35 27 32 30 28 29 27 27 31 29 32 29 28 35 33
29 30 33 32 31 34 33 27 28 33 32 34 30 29 27 31
27 28 29 30 28 29 27 29 33 35 30 30 31 33 29 27
59 51 51 53 55 51 48 51 52 57 55 53 58 52 56 57
54 48 53 57 52 56 53 51 55 59 59 56 56 48 52 48
52 58 54 58 55 59 51 53 54 52 54 48 56 51 55 52
54 54 48 48 53 54 53 56 57 56 51 55 55 59 54 59
80 83 77 82 78 83 75 78 83 77 81 78 79 79 75 72
75 81 75 77 77 83 75 82 72 81 79 78 80 82 77 80
83 76 81 76 80 80 78 81 83 75 81 82 79 78 75 78
83 75 75 76 83 75 78 83 77 79 75 76 83 78 82 81
