0 0 0 0 0 0 0 0 0 0 0 0 0 0 0 0
0 0 0 0 0 0 0 0 0 0 0 0 0 0 0 0
0 0 0 0 0 0 0 0 0 0 0 0 0 0 0 0
0 0 0 0 0 0 0 0 0 0 0 0 0 0 0 0
1 1 1 1 1 1 1 1 1 1 1 1 1 1 1 1
1 1 1 1 1 1 1 1 1 1 1 1 1 1 1 1
1 1 1 1 1 1 1 1 1 1 1 1 1 1 1 1
1 1 1 1 1 1 1 1 1 1 1 1 1 1 1 1
2 2 2 2 2 2 2 2 2 2 2 2 2 2 2 2
2 2 2 2 2 2 2 2 2 2 2 2 2 2 2 2
2 2 2 2 2 2 2 2 2 2 2 2 2 2 2 2
2 2 2 2 2 2 2 2 2 2 2 2 2 2 2 2
3 3 3 3 3 3 3 3 3 3 3 3 3 3 3 3
3 3 3 3 3 3 3 3 3 3 3 3 3 3 3 3
3 3 3 3 3 3 3 3 3 3 3 3 3 3 3 3
3 3 3 3 3 3 3 3 3 3 3 3 3 3 3 3
7 10 6 11 8 4 11 11 9 5 11 5 7 7 7 11
11 4 8 9 5 6 5 8 3 7 8 6 8 7 4 9
9 6 4 9 9 10 7 9 10 6 5 9 11 7 7 6
4 6 3 10 7 11 5 3 5 6 5 11 9 11 4 3
34 35 33 27 28 31 33 29 30 33 32 33 28 30 27 35
35 34 32 29 33 34 34 28 33 33 29 28 34 33 29 34
35 30 30 28 34 27 28 32 29 28 30 34 31 30 32 27
33 28 35 34 30 33 32 27 30 30 31 28 33 35 33 31
52 54 54 48 57 57 56 56 52 53 58 59 52 56 55 48
57 55 56 58 54 52 51 51 57 51 57 58 54 48 58 53
56 53 57 53 57 53 51 51 55 58 51 55 52 55 57 54
53 57 53 52 53 54 57 59 48 54 55 55 54 55 58 51
72 82 83 78 77 79 82 80 83 82 81 72 79 75 82 78
79 83 72 80 81 76 81 72 81 77 83 72 81 80 83 81
76 75 83 76 80 83 83 77 80 80 72 77 83 80 75 80
78 80 83 82 76 79 76 72 76 76 83 79 78 75 76 83
