3 2 1 0 0 0 3 0 2 0 0 2 3 2 2 3
3 2 1 3 2 3 3 0 0 1 2 3 3 3 1 1
0 0 1 0 1 3 2 3 2 0 0 3 3 3 3 3
1 3 2 2 1 3 2 0 1 3 0 1 3 0 2 2
0 0 2 2 0 3 0 2 1 0 1 1 2 2 3 3
2 3 3 0 2 0 3 1 3 1 1 2 3 0 3 0
0 0 3 2 2 0 1 0 1 3 2 2 0 2 2 1
1 3 3 2 1 2 3 3 0 0 1 2 2 3 2 1
3 0 2 1 0 2 1 2 0 3 1 2 1 0 3 0
1 3 1 3 1 1 1 0 2 3 3 1 3 1 1 0
2 1 3 2 2 2 1 2 2 3 3 0 3 2 2 0
2 0 3 0 3 2 0 1 3 3 1 3 3 0 2 1
1 2 3 0 0 3 1 3 2 1 1 2 0 2 2 3
0 1 2 3 0 2 3 1 3 1 2 2 1 1 0 2
1 2 2 2 0 0 2 0 0 0 3 1 2 0 3 0
0 2 1 3 1 2 2 0 3 0 1 0 0 1 1 1
76 48 29 11 4 4 82 3 52 9 9 59 72 58 57 81
80 58 27 83 51 81 72 7 11 31 51 75 76 77 30 30
5 3 29 7 29 77 54 79 54 8 9 81 72 72 80 77
33 79 48 53 31 79 53 3 31 75 5 34 77 11 53 58
11 7 57 54 8 75 3 51 30 5 35 33 54 52 80 78
53 81 75 10 54 10 83 32 80 33 30 56 76 7 72 10
10 7 77 52 59 6 31 8 34 83 48 58 8 51 52 30
34 76 77 54 29 53 78 82 5 11 32 51 59 78 57 28
77 11 55 27 11 51 31 59 10 83 33 54 31 7 83 3
30 77 33 77 30 30 35 7 54 76 81 29 76 35 28 6
48 35 82 55 53 58 30 55 55 75 79 4 78 55 57 7
55 6 78 4 75 59 6 34 80 75 31 83 79 5 57 27
34 56 82 5 10 80 34 79 52 33 32 55 3 53 55 75
7 34 57 76 6 56 80 29 75 30 48 59 33 32 3 55
31 55 56 56 11 3 57 4 11 3 77 29 58 11 75 9
9 53 28 76 31 54 58 3 77 6 29 3 10 27 27 35
