0 0 0 0 0 0 0 0 0 0 0 0 0 0 0 0
1 1 1 1 1 1 1 1 1 1 1 1 1 1 1 1
2 2 2 2 2 2 2 2 2 2 2 2 2 2 2 2
3 3 3 3 3 3 3 3 3 3 3 3 3 3 3 3
0 0 0 0 0 0 0 0 0 0 0 0 0 0 0 0
1 1 1 1 1 1 1 1 1 1 1 1 1 1 1 1
2 2 2 2 2 2 2 2 2 2 2 2 2 2 2 2
3 3 3 3 3 3 3 3 3 3 3 3 3 3 3 3
0 0 0 0 0 0 0 0 0 0 0 0 0 0 0 0
1 1 1 1 1 1 1 1 1 1 1 1 1 1 1 1
2 2 2 2 2 2 2 2 2 2 2 2 2 2 2 2
3 3 3 3 3 3 3 3 3 3 3 3 3 3 3 3
0 0 0 0 0 0 0 0 0 0 0 0 0 0 0 0
1 1 1 1 1 1 1 1 1 1 1 1 1 1 1 1
2 2 2 2 2 2 2 2 2 2 2 2 2 2 2 2
3 3 3 3 3 3 3 3 3 3 3 3 3 3 3 3
5 5 5 7 7 11 3 11 10 8 8 10 11 8 5 11
31 29 29 32 27 35 28 34 35 27 28 32 29 33 29 35
52 52 55 55 56 51 58 58 53 51 54 48 51 51 53 52
79 72 82 80 83 79 79 80 78 76 76 72 76 76 80 80
3 3 6 4 11 3 3 10 9 5 6 8 9 11 8 3
30 28 33 31 32 31 35 27 29 27 34 28 28 27 30 28
53 55 57 54 53 56 53 58 56 57 54 48 55 51 52 51
75 77 82 78 83 80 82 79 75 75 82 83 80 75 75 81
4 8 3 6 7 5 7 8 10 7 9 10 8 4 6 5
33 30 35 27 31 35 30 27 28 31 35 31 29 33 27 32
57 51 56 52 53 59 52 51 59 52 48 56 51 54 55 55
76 80 82 75 75 78 81 81 75 75 80 76 81 82 81 79
11 5 4 9 6 7 7 9 8 6 8 4 4 3 10 7
35 30 28 35 31 30 31 28 29 29 30 34 34 34 27 30
54 52 56 52 51 59 55 54 58 54 56 51 58 57 48 51
83 81 82 83 83 81 72 80 76 79 78 77 75 72 72 78
