0 0 0 0 0 0 0 0 0 0 0 0 0 0 0 0
1 1 1 1 1 1 1 1 1 1 1 1 1 1 1 1
2 2 2 2 2 2 2 2 2 2 2 2 2 2 2 2
3 3 3 3 3 3 3 3 3 3 3 3 3 3 3 3
0 0 0 0 0 0 0 0 0 0 0 0 0 0 0 0
1 1 1 1 1 1 1 1 1 1 1 1 1 1 1 1
2 2 2 2 2 2 2 2 2 2 2 2 2 2 2 2
3 3 3 3 3 3 3 3 3 3 3 3 3 3 3 3
0 0 0 0 0 0 0 0 0 0 0 0 0 0 0 0
1 1 1 1 1 1 1 1 1 1 1 1 1 1 1 1
2 2 2 2 2 2 2 2 2 2 2 2 2 2 2 2
3 3 3 3 3 3 3 3 3 3 3 3 3 3 3 3
0 0 0 0 0 0 0 0 0 0 0 0 0 0 0 0
1 1 1 1 1 1 1 1 1 1 1 1 1 1 1 1
2 2 2 2 2 2 2 2 2 2 2 2 2 2 2 2
3 3 3 3 3 3 3 3 3 3 3 3 3 3 3 3
11 4 9 7 11 6 9 5 4 9 5 5 10 4 9 7
35 29 28 29 35 31 30 33 35 30 35 29 29 28 34 28
48 55 58 59 53 53 51 57 53 58 51 59 57 58 54 57
79 75 80 80 76 83 77 81 82 76 82 81 78 77 81 82
5 8 11 3 9 11 3 8 7 11 3 11 9 5 11 3
30 32 35 28 33 30 34 33 29 30 27 27 32 34 35 28
55 55 59 58 59 53 54 57 54 52 52 57 59 59 56 57
77 82 82 83 80 76 82 75 77 72 75 72 75 81 75 78
3 6 9 4 9 4 5 10 6 6 4 3 5 4 3 10
30 27 29 28 30 30 32 30 35 27 28 32 27 27 31 33
53 59 52 59 52 48 51 58 59 51 59 55 57 56 53 57
81 75 76 76 82 76 83 75 79 77 75 80 83 78 81 81
8 7 7 9 7 11 10 9 7 11 8 4 11 11 7 3
28 31 28 34 32 28 31 30 35 27 28 32 28 29 27 28
57 48 48 53 55 56 57 52 51 55 55 52 54 57 55 53
77 72 82 75 76 72 75 76 78 75 75 75 76 80 76 83
