0 0 0 0 0 0 0 0 0 0 0 0 0 0 0 0
1 1 1 1 1 1 1 1 1 1 1 1 1 1 1 1
2 2 2 2 2 2 2 2 2 2 2 2 2 2 2 2
3 3 3 3 3 3 3 3 3 3 3 3 3 3 3 3
0 0 0 0 0 0 0 0 0 0 0 0 0 0 0 0
1 1 1 1 1 1 1 1 1 1 1 1 1 1 1 1
2 2 2 2 2 2 2 2 2 2 2 2 2 2 2 2
3 3 3 3 3 3 3 3 3 3 3 3 3 3 3 3
0 0 0 0 0 0 0 0 0 0 0 0 0 0 0 0
1 1 1 1 1 1 1 1 1 1 1 1 1 1 1 1
2 2 2 2 2 2 2 2 2 2 2 2 2 2 2 2
3 3 3 3 3 3 3 3 3 3 3 3 3 3 3 3
0 0 0 0 0 0 0 0 0 0 0 0 0 0 0 0
1 1 1 1 1 1 1 1 1 1 1 1 1 1 1 1
2 2 2 2 2 2 2 2 2 2 2 2 2 2 2 2
3 3 3 3 3 3 3 3 3 3 3 3 3 3 3 3
7 3 6 5 3 11 7 4 4 3 3 11 5 9 5 8
28 32 27 31 27 35 32 32 28 33 28 28 29 32 28 28
52 52 59 56 53 48 58 57 55 55 48 56 48 51 51 55
79 79 78 78 76 72 83 82 82 75 75 79 78 83 75 81
11 8 10 4 4 10 11 4 10 10 8 4 6 4 11 7
29 29 30 27 35 34 32 31 32 28 32 29 33 35 32 35
52 53 55 48 56 58 57 57 57 54 56 58 53 51 56 53
76 83 82 81 76 77 76 82 79 82 75 75 83 78 75 78
5 3 10 3 4 7 8 5 9 7 3 9 7 3 4 7
28 30 31 35 31 29 35 27 35 28 35 30 33 33 27 33
51 56 57 59 53 56 53 53 54 57 58 52 54 59 53 51
83 81 77 80 81 77 72 76 72 83 83 82 75 81 72 81
6 8 8 3 3 3 4 11 3 10 11 10 11 4 3 11
35 30 35 35 27 34 28 29 29 33 32 33 27 32 33 27
54 56 58 58 59 59 56 52 58 51 48 59 57 56 59 51
78 75 77 82 75 75 78 75 72 75 83 83 80 72 79 72
