0 0 0 0 0 0 0 0 0 0 0 0 0 0 0 0
1 1 1 1 1 1 1 1 1 1 1 1 1 1 1 1
2 2 2 2 2 2 2 2 2 2 2 2 2 2 2 2
3 3 3 3 3 3 3 3 3 3 3 3 3 3 3 3
0 0 0 0 0 0 0 0 0 0 0 0 0 0 0 0
1 1 1 1 1 1 1 1 1 1 1 1 1 1 1 1
2 2 2 2 2 2 2 2 2 2 2 2 2 2 2 2
3 3 3 3 3 3 3 3 3 3 3 3 3 3 3 3
0 0 0 0 0 0 0 0 0 0 0 0 0 0 0 0
1 1 1 1 1 1 1 1 1 1 1 1 1 1 1 1
2 2 2 2 2 2 2 2 2 2 2 2 2 2 2 2
3 3 3 3 3 3 3 3 3 3 3 3 3 3 3 3
0 0 0 0 0 0 0 0 0 0 0 0 0 0 0 0
1 1 1 1 1 1 1 1 1 1 1 1 1 1 1 1
2 2 2 2 2 2 2 2 2 2 2 2 2 2 2 2
3 3 3 3 3 3 3 3 3 3 3 3 3 3 3 3
3 6 10 5 7 11 11 10 5 6 4 9 9 6 3 8
35 27 33 31 27 30 29 34 33 30 32 35 31 32 33 27
53 59 58 48 55 57 51 54 52 51 59 57 53 54 57 59
80 77 72 75 81 78 77 81 78 81 81 81 77 76 83 75
6 10 7 9 10 9 4 10 3 7 6 3 5 6 6 7
33 35 34 32 31 33 31 31 29 34 35 32 31 27 34 35
57 59 56 54 51 54 51 54 58 56 51 53 53 52 52 59
78 78 81 75 77 78 72 83 83 78 83 82 72 72 78 79
10 7 3 6 4 3 7 6 5 8 11 11 8 6 3 3
35 32 35 33 28 30 32 28 35 28 29 29 33 31 31 27
48 57 59 55 48 54 56 48 48 55 57 54 55 59 51 55
72 76 75 83 82 83 75 72 79 80 77 72 81 72 79 83
10 11 6 6 10 7 10 8 10 7 6 7 3 4 3 9
31 28 35 31 32 30 32 33 32 34 35 30 31 29 31 28
59 52 48 58 56 54 54 58 54 58 53 52 52 55 58 48
76 76 80 77 76 79 79 82 81 76 78 75 82 76 77 79
