0 0 0 0 0 0 0 0 0 0 0 0 0 0 0 0
1 1 1 1 1 1 1 1 1 1 1 1 1 1 1 1
2 2 2 2 2 2 2 2 2 2 2 2 2 2 2 2
3 3 3 3 3 3 3 3 3 3 3 3 3 3 3 3
0 0 0 0 0 0 0 0 0 0 0 0 0 0 0 0
1 1 1 1 1 1 1 1 1 1 1 1 1 1 1 1
2 2 2 2 2 2 2 2 2 2 2 2 2 2 2 2
3 3 3 3 3 3 3 3 3 3 3 3 3 3 3 3
0 0 0 0 0 0 0 0 0 0 0 0 0 0 0 0
1 1 1 1 1 1 1 1 1 1 1 1 1 1 1 1
2 2 2 2 2 2 2 2 2 2 2 2 2 2 2 2
3 3 3 3 3 3 3 3 3 3 3 3 3 3 3 3
0 0 0 0 0 0 0 0 0 0 0 0 0 0 0 0
1 1 1 1 1 1 1 1 1 1 1 1 1 1 1 1
2 2 2 2 2 2 2 2 2 2 2 2 2 2 2 2
3 3 3 3 3 3 3 3 3 3 3 3 3 3 3 3
9 6 5 6 6 5 5 11 6 11 4 5 6 5 11 11
30 32 33 27 27 34 27 32 35 28 28 30 33 27 27 31
48 56 56 53 55 51 52 54 54 57 56 57 59 54 59 57
83 78 78 78 75 80 82 77 75 81 77 76 76 72 75 81
9 7 9 9 11 3 5 3 10 4 11 8 10 9 3 3
32 27 32 30 34 33 33 35 29 28 33 32 33 32 33 33
51 57 53 59 51 56 48 51 51 56 58 57 51 53 59 54
75 72 80 83 78 76 81 80 83 72 80 83 72 79 75 77
8 4 9 6 11 5 10 6 6 10 4 8 9 3 11 6
31 33 33 28 28 32 34 35 28 32 33 31 35 28 29 35
58 51 54 52 48 52 56 51 52 55 55 48 52 52 57 53
72 76 78 76 81 83 79 78 76 79 78 75 81 80 82 80
3 4 10 11 5 11 8 4 5 4 11 10 11 3 10 7
31 27 27 30 31 31 29 35 27 27 35 31 32 27 34 33
55 55 59 48 58 58 53 59 48 48 53 56 59 48 52 59
80 76 81 81 78 79 79 78 80 72 79 82 76 82 77 79
