0 0 0 0 0 0 0 0 0 0 0 0 0 0 0 0
1 1 1 1 1 1 1 1 1 1 1 1 1 1 1 1
2 2 2 2 2 2 2 2 2 2 2 2 2 2 2 2
3 3 3 3 3 3 3 3 3 3 3 3 3 3 3 3
0 0 0 0 0 0 0 0 0 0 0 0 0 0 0 0
1 1 1 1 1 1 1 1 1 1 1 1 1 1 1 1
2 2 2 2 2 2 2 2 2 2 2 2 2 2 2 2
3 3 3 3 3 3 3 3 3 3 3 3 3 3 3 3
0 0 0 0 0 0 0 0 0 0 0 0 0 0 0 0
1 1 1 1 1 1 1 1 1 1 1 1 1 1 1 1
2 2 2 2 2 2 2 2 2 2 2 2 2 2 2 2
3 3 3 3 3 3 3 3 3 3 3 3 3 3 3 3
0 0 0 0 0 0 0 0 0 0 0 0 0 0 0 0
1 1 1 1 1 1 1 1 1 1 1 1 1 1 1 1
2 2 2 2 2 2 2 2 2 2 2 2 2 2 2 2
3 3 3 3 3 3 3 3 3 3 3 3 3 3 3 3
8 11 11 3 8 5 5 6 7 8 9 6 9 7 11 3
29 35 29 34 34 32 31 31 29 30 31 30 30 30 35 33
53 58 58 59 52 51 53 56 59 56 51 48 56 48 51 51
77 82 80 82 80 83 78 80 81 76 76 80 76 75 80 76
11 9 11 4 5 9 9 5 4 11 9 9 10 7 8 10
28 35 27 34 28 34 31 28 29 29 31 32 29 29 32 27
58 55 52 52 54 56 54 54 55 57 55 53 58 52 55 58
78 76 81 72 78 72 82 80 81 72 82 82 79 83 83 78
7 7 11 8 3 4 4 10 5 6 10 9 10 9 7 9
28 29 30 31 34 34 32 30 32 35 27 33 34 29 30 32
53 55 57 59 57 52 55 55 51 58 55 53 58 55 57 57
82 83 81 80 80 78 72 82 77 83 76 77 75 83 76 81
7 6 5 6 5 5 8 9 11 7 3 5 10 5 8 3
27 29 32 28 30 34 29 33 32 34 35 27 27 34 33 32
57 58 51 57 52 56 54 56 57 52 57 54 52 48 48 55
83 76 72 81 83 78 77 76 78 76 77 72 72 83 78 75
