0 0 0 0 0 0 0 0 0 0 0 0 0 0 0 0
1 1 1 1 1 1 1 1 1 1 1 1 1 1 1 1
2 2 2 2 2 2 2 2 2 2 2 2 2 2 2 2
3 3 3 3 3 3 3 3 3 3 3 3 3 3 3 3
0 0 0 0 0 0 0 0 0 0 0 0 0 0 0 0
1 1 1 1 1 1 1 1 1 1 1 1 1 1 1 1
2 2 2 2 2 2 2 2 2 2 2 2 2 2 2 2
3 3 3 3 3 3 3 3 3 3 3 3 3 3 3 3
0 0 0 0 0 0 0 0 0 0 0 0 0 0 0 0
1 1 1 1 1 1 1 1 1 1 1 1 1 1 1 1
2 2 2 2 2 2 2 2 2 2 2 2 2 2 2 2
3 3 3 3 3 3 3 3 3 3 3 3 3 3 3 3
0 0 0 0 0 0 0 0 0 0 0 0 0 0 0 0
1 1 1 1 1 1 1 1 1 1 1 1 1 1 1 1
2 2 2 2 2 2 2 2 2 2 2 2 2 2 2 2
3 3 3 3 3 3 3 3 3 3 3 3 3 3 3 3
7 11 3 6 8 8 7 7 6 4 8 7 11 5 3 7
32 33 35 27 29 29 35 33 28 29 30 33 27 30 29 32
52 53 54 54 57 48 53 56 52 54 48 58 56 53 56 59
79 78 81 72 81 80 81 79 76 83 82 79 77 82 82 76
11 6 9 3 4 3 10 10 4 6 8 9 10 6 4 8
29 31 27 29 30 31 28 35 29 30 29 33 31 33 33 30
58 54 58 57 54 58 58 57 58 54 57 48 51 52 48 48
81 75 81 72 83 80 72 77 83 72 77 81 76 81 75 72
10 9 7 11 7 3 8 10 11 9 11 4 6 11 3 5
35 35 32 28 35 27 30 27 33 27 27 27 34 32 35 34
54 53 54 53 58 51 54 51 51 52 54 48 57 54 52 56
82 78 76 81 75 83 82 78 78 83 83 82 78 78 76 80
11 8 6 6 4 8 11 6 3 10 11 6 9 5 8 10
27 27 28 27 32 31 33 35 29 28 33 28 31 31 35 32
52 48 53 53 52 53 51 51 54 48 57 57 52 53 51 58
75 81 83 75 80 75 76 72 76 77 82 83 78 82 83 80
