0 0 0 0 0 0 0 0 0 0 0 0 0 0 0 0
1 1 1 1 1 1 1 1 1 1 1 1 1 1 1 1
2 2 2 2 2 2 2 2 2 2 2 2 2 2 2 2
3 3 3 3 3 3 3 3 3 3 3 3 3 3 3 3
0 0 0 0 0 0 0 0 0 0 0 0 0 0 0 0
1 1 1 1 1 1 1 1 1 1 1 1 1 1 1 1
2 2 2 2 2 2 2 2 2 2 2 2 2 2 2 2
3 3 3 3 3 3 3 3 3 3 3 3 3 3 3 3
0 0 0 0 0 0 0 0 0 0 0 0 0 0 0 0
1 1 1 1 1 1 1 1 1 1 1 1 1 1 1 1
2 2 2 2 2 2 2 2 2 2 2 2 2 2 2 2
3 3 3 3 3 3 3 3 3 3 3 3 3 3 3 3
0 0 0 0 0 0 0 0 0 0 0 0 0 0 0 0
1 1 1 1 1 1 1 1 1 1 1 1 1 1 1 1
2 2 2 2 2 2 2 2 2 2 2 2 2 2 2 2
3 3 3 3 3 3 3 3 3 3 3 3 3 3 3 3
11 6 11 7 11 3 7 5 8 7 5 7 8 11 6 4
30 27 27 29 35 30 32 29 30 28 32 35 31 29 35 27
51 51 52 55 53 55 59 52 59 57 58 56 51 48 53 54
76 79 81 78 77 76 78 83 75 81 72 83 77 77 81 81
3 9 7 11 9 5 6 8 8 9 4 3 8 4 7 7
30 29 28 34 31 29 35 28 35 30 27 32 34 28 29 27
58 54 53 56 51 57 57 54 58 52 53 51 56 59 58 54
76 72 80 80 78 79 76 82 80 83 78 79 82 83 80 76
11 3 10 3 7 10 10 10 6 3 9 7 10 6 9 10
31 34 28 30 31 34 32 31 32 28 30 28 34 35 32 30
53 59 54 48 55 58 51 58 58 55 53 48 58 55 55 53
78 72 81 75 75 81 77 75 82 75 78 81 83 76 75 78
3 10 7 5 11 6 10 8 6 7 5 5 10 9 8 6
32 32 29 32 32 33 27 31 28 28 35 35 32 28 34 28
57 58 55 54 52 51 53 55 59 59 54 53 56 53 54 54
82 82 82 83 72 76 82 78 78 82 82 77 75 82 75 78
