0 0 0 0 0 0 0 0 0 0 0 0 0 0 0 0
1 1 1 1 1 1 1 1 1 1 1 1 1 1 1 1
2 2 2 2 2 2 2 2 2 2 2 2 2 2 2 2
3 3 3 3 3 3 3 3 3 3 3 3 3 3 3 3
0 0 0 0 0 0 0 0 0 0 0 0 0 0 0 0
1 1 1 1 1 1 1 1 1 1 1 1 1 1 1 1
2 2 2 2 2 2 2 2 2 2 2 2 2 2 2 2
3 3 3 3 3 3 3 3 3 3 3 3 3 3 3 3
0 0 0 0 0 0 0 0 0 0 0 0 0 0 0 0
1 1 1 1 1 1 1 1 1 1 1 1 1 1 1 1
2 2 2 2 2 2 2 2 2 2 2 2 2 2 2 2
3 3 3 3 3 3 3 3 3 3 3 3 3 3 3 3
0 0 0 0 0 0 0 0 0 0 0 0 0 0 0 0
1 1 1 1 1 1 1 1 1 1 1 1 1 1 1 1
2 2 2 2 2 2 2 2 2 2 2 2 2 2 2 2
3 3 3 3 3 3 3 3 3 3 3 3 3 3 3 3
10 10 5 5 11 4 5 8 5 6 8 6 7 8 9 8
30 27 34 29 33 30 29 29 27 29 31 35 35 33 30 29
57 55 58 57 57 55 53 59 59 57 57 59 58 48 56 51
72 83 80 80 72 75 75 83 80 75 72 72 83 72 80 79
6 3 9 3 5 6 8 6 6 11 7 8 8 4 5 3
35 28 32 32 27 30 28 35 33 30 31 32 27 32 32 34
54 57 57 56 54 59 54 54 53 54 52 54 59 56 58 52
81 72 81 82 80 81 83 75 77 77 76 76 81 82 80 78
6 3 9 5 3 3 3 3 8 5 11 11 10 4 10 9
34 35 29 32 28 32 27 34 33 28 35 35 29 30 35 35
57 54 57 57 58 53 56 59 59 57 52 58 54 55 48 52
79 75 78 82 79 78 72 78 78 80 75 81 75 77 82 72
8 6 3 11 6 8 4 11 7 4 10 6 11 3 3 11
32 31 33 28 30 34 32 31 32 34 29 29 33 27 29 30
58 48 56 54 54 51 59 57 58 54 52 51 55 57 55 51
82 82 81 72 79 76 76 72 81 82 81 82 81 78 78 72
