0 0 0 0 0 0 0 0 0 0 0 0 0 0 0 0
1 1 1 1 1 1 1 1 1 1 1 1 1 1 1 1
2 2 2 2 2 2 2 2 2 2 2 2 2 2 2 2
3 3 3 3 3 3 3 3 3 3 3 3 3 3 3 3
0 0 0 0 0 0 0 0 0 0 0 0 0 0 0 0
1 1 1 1 1 1 1 1 1 1 1 1 1 1 1 1
2 2 2 2 2 2 2 2 2 2 2 2 2 2 2 2
3 3 3 3 3 3 3 3 3 3 3 3 3 3 3 3
0 0 0 0 0 0 0 0 0 0 0 0 0 0 0 0
1 1 1 1 1 1 1 1 1 1 1 1 1 1 1 1
2 2 2 2 2 2 2 2 2 2 2 2 2 2 2 2
3 3 3 3 3 3 3 3 3 3 3 3 3 3 3 3
0 0 0 0 0 0 0 0 0 0 0 0 0 0 0 0
1 1 1 1 1 1 1 1 1 1 1 1 1 1 1 1
2 2 2 2 2 2 2 2 2 2 2 2 2 2 2 2
3 3 3 3 3 3 3 3 3 3 3 3 3 3 3 3
9 5 4 6 4 8 7 11 9 10 4 10 9 8 8 10
33 28 33 32 33 29 35 34 27 28 33 27 32 28 35 27
53 57 51 51 55 53 55 57 48 55 56 51 48 51 48 53
80 79 82 77 78 76 76 81 79 77 82 72 75 77 76 75
3 9 11 7 5 8 9 7 4 9 5 3 6 5 9 6
29 28 29 33 30 29 35 35 29 32 31 33 29 35 27 28
55 57 48 53 52 57 57 57 48 48 52 48 54 52 51 57
76 77 81 83 72 81 75 80 80 80 76 83 83 77 81 76
5 6 11 9 7 7 9 6 6 4 8 11 4 3 11 6
27 33 33 33 27 28 28 27 33 29 29 35 29 29 28 34
55 57 54 52 56 48 59 59 56 58 48 48 51 58 51 56
75 79 79 76 82 79 78 83 79 79 78 76 78 72 81 80
11 5 11 6 3 10 9 5 8 5 4 3 3 10 3 5
31 32 35 29 28 29 33 31 34 28 28 31 29 34 31 27
56 57 55 57 59 48 55 53 54 51 56 59 54 54 58 57
82 82 81 82 76 78 79 79 77 81 77 82 82 81 78 72
