2 2 3 0 0 1 3 3 2 0 3 2 3 0 2 2
2 0 0 2 2 0 1 3 1 1 3 3 3 0 1 0
1 3 3 0 3 2 3 3 3 2 1 3 0 3 1 2
0 2 1 3 3 0 3 2 3 0 3 3 2 2 1 1
2 0 2 2 2 0 3 3 3 2 2 1 3 0 2 2
2 2 3 1 1 2 2 3 0 3 1 2 2 3 3 2
1 1 0 1 2 3 3 3 1 2 0 2 2 0 1 1
0 2 0 2 1 0 3 3 0 1 1 0 2 2 3 0
2 0 1 3 1 1 2 3 0 2 2 0 3 2 2 2
3 1 2 0 0 3 2 2 3 0 0 3 2 2 0 3
2 3 2 3 1 2 1 0 3 1 3 2 2 1 1 1
1 2 1 3 1 1 3 1 3 0 0 3 0 3 0 1
0 2 1 2 3 1 1 1 2 2 3 0 2 2 3 0
1 0 2 1 3 2 0 3 0 3 3 2 0 1 1 3
1 1 3 3 1 3 3 3 3 1 3 3 2 1 2 2
3 1 1 3 0 3 0 2 1 2 3 0 1 1 2 0
55 59 72 7 11 28 77 78 56 6 79 54 80 9 57 59
56 8 3 56 59 7 32 77 34 32 72 77 76 6 30 5
31 81 79 9 82 56 72 78 78 57 35 83 9 81 29 58
4 59 27 72 78 11 76 57 72 8 76 79 56 52 27 32
54 10 54 59 56 3 80 79 81 52 55 27 76 9 51 48
55 51 83 34 31 51 58 72 4 79 32 56 55 72 79 51
32 31 3 27 57 78 83 78 32 58 5 55 48 9 34 34
10 48 7 55 32 4 82 83 10 27 33 3 53 59 79 8
54 6 27 78 33 27 59 81 4 48 52 5 79 56 52 59
80 33 48 9 10 76 56 58 79 3 5 77 55 54 9 80
54 72 55 72 30 48 29 4 83 28 79 51 54 28 30 34
29 53 35 81 31 34 75 27 72 9 7 77 6 82 4 29
10 56 28 54 82 27 32 27 48 48 82 7 58 55 83 9
29 10 56 34 72 53 10 75 8 78 76 51 9 29 35 75
34 30 81 78 35 83 72 80 82 34 80 83 58 33 55 48
80 35 35 82 6 76 6 53 29 59 77 8 27 27 55 6
