0 0 0 0 0 0 0 0 1 1 1 1 1 1 1 1
2 2 2 2 2 2 2 2 3 3 3 3 3 3 3 3
0 0 0 0 0 0 0 0 1 1 1 1 1 1 1 1
2 2 2 2 2 2 2 2 3 3 3 3 3 3 3 3
0 0 0 0 0 0 0 0 1 1 1 1 1 1 1 1
2 2 2 2 2 2 2 2 3 3 3 3 3 3 3 3
0 0 0 0 0 0 0 0 1 1 1 1 1 1 1 1
2 2 2 2 2 2 2 2 3 3 3 3 3 3 3 3
0 0 0 0 0 0 0 0 1 1 1 1 1 1 1 1
2 2 2 2 2 2 2 2 3 3 3 3 3 3 3 3
0 0 0 0 0 0 0 0 1 1 1 1 1 1 1 1
2 2 2 2 2 2 2 2 3 3 3 3 3 3 3 3
0 0 0 0 0 0 0 0 1 1 1 1 1 1 1 1
2 2 2 2 2 2 2 2 3 3 3 3 3 3 3 3
0 0 0 0 0 0 0 0 1 1 1 1 1 1 1 1
2 2 2 2 2 2 2 2 3 3 3 3 3 3 3 3
3 6 6 9 8 9 11 10 31 33 27 27 34 27 30 31
56 51 55 51 56 57 53 54 77 77 81 78 72 81 81 79
10 8 3 4 9 5 5 7 31 35 29 33 27 35 31 29
57 52 54 51 51 59 48 51 79 77 78 75 75 78 76 75
6 6 4 11 3 4 3 11 35 33 34 33 35 31 32 34
53 48 53 57 57 48 48 53 81 78 78 83 80 83 82 72
3 6 11 4 5 8 10 11 33 28 30 32 35 27 35 30
52 51 59 56 58 48 57 52 72 82 81 82 72 76 82 77
5 7 4 5 10 6 4 5 29 34 32 34 28 35 29 28
58 54 58 56 51 56 51 58 82 72 83 81 75 72 82 83
9 9 11 8 7 8 7 6 34 28 33 35 33 34 35 32
53 57 57 55 58 53 56 55 79 81 80 76 83 79 82 77
11 11 5 9 9 5 9 8 32 30 28 35 34 30 33 33
58 56 51 59 59 52 55 52 82 78 79 81 82 78 76 76
5 11 4 10 5 11 11 6 28 35 33 31 32 35 28 32
58 55 58 52 51 54 51 56 81 79 83 83 78 72 79 79
