0 0 0 0 0 0 0 0 1 1 1 1 1 1 1 1
2 2 2 2 2 2 2 2 3 3 3 3 3 3 3 3
0 0 0 0 0 0 0 0 1 1 1 1 1 1 1 1
2 2 2 2 2 2 2 2 3 3 3 3 3 3 3 3
0 0 0 0 0 0 0 0 1 1 1 1 1 1 1 1
2 2 2 2 2 2 2 2 3 3 3 3 3 3 3 3
0 0 0 0 0 0 0 0 1 1 1 1 1 1 1 1
2 2 2 2 2 2 2 2 3 3 3 3 3 3 3 3
0 0 0 0 0 0 0 0 1 1 1 1 1 1 1 1
2 2 2 2 2 2 2 2 3 3 3 3 3 3 3 3
0 0 0 0 0 0 0 0 1 1 1 1 1 1 1 1
2 2 2 2 2 2 2 2 3 3 3 3 3 3 3 3
0 0 0 0 0 0 0 0 1 1 1 1 1 1 1 1
2 2 2 2 2 2 2 2 3 3 3 3 3 3 3 3
0 0 0 0 0 0 0 0 1 1 1 1 1 1 1 1
2 2 2 2 2 2 2 2 3 3 3 3 3 3 3 3
11 6 9 4 11 5 4 5 29 32 33 32 32 33 31 30
51 58 58 48 53 57 56 52 77 79 80 75 79 76 83 79
5 6 6 10 11 7 4 3 27 30 29 35 32 30 33 33
55 58 54 56 59 51 53 53 80 78 83 72 83 76 80 76
5 9 9 11 5 5 5 3 27 34 33 27 27 31 35 27
56 59 58 56 51 51 55 51 82 72 82 79 76 83 82 79
8 11 11 10 11 8 11 7 32 28 34 31 33 35 27 35
54 54 58 55 48 54 55 57 80 77 79 76 83 72 75 80
3 6 7 8 3 4 3 7 34 28 31 28 30 27 32 31
54 54 54 54 54 55 56 51 81 81 78 82 82 82 75 80
5 3 9 8 5 5 8 6 27 35 31 35 29 28 34 34
48 58 56 52 55 52 53 52 72 83 79 80 79 76 80 76
3 9 10 6 3 11 3 3 34 31 31 31 28 32 35 32
56 57 55 57 52 59 51 53 75 75 81 82 72 79 77 77
3 8 6 9 6 5 4 9 30 31 32 28 35 27 29 33
59 53 54 57 59 51 52 54 81 80 75 76 76 83 76 82
