0 0 0 0 0 0 0 0 1 1 1 1 1 1 1 1
2 2 2 2 2 2 2 2 3 3 3 3 3 3 3 3
0 0 0 0 0 0 0 0 1 1 1 1 1 1 1 1
2 2 2 2 2 2 2 2 3 3 3 3 3 3 3 3
0 0 0 0 0 0 0 0 1 1 1 1 1 1 1 1
2 2 2 2 2 2 2 2 3 3 3 3 3 3 3 3
0 0 0 0 0 0 0 0 1 1 1 1 1 1 1 1
2 2 2 2 2 2 2 2 3 3 3 3 3 3 3 3
0 0 0 0 0 0 0 0 1 1 1 1 1 1 1 1
2 2 2 2 2 2 2 2 3 3 3 3 3 3 3 3
0 0 0 0 0 0 0 0 1 1 1 1 1 1 1 1
2 2 2 2 2 2 2 2 3 3 3 3 3 3 3 3
0 0 0 0 0 0 0 0 1 1 1 1 1 1 1 1
2 2 2 2 2 2 2 2 3 3 3 3 3 3 3 3
0 0 0 0 0 0 0 0 1 1 1 1 1 1 1 1
2 2 2 2 2 2 2 2 3 3 3 3 3 3 3 3
11 10 6 8 5 6 4 11 31 30 35 32 31 27 32 29
53 48 54 51 59 51 54 51 80 72 79 77 78 76 81 83
5 7 5 5 9 7 5 8 28 33 30 30 29 31 30 30
59 55 53 58 59 52 54 52 80 76 75 77 81 75 72 78
9 3 9 3 10 3 9 11 29 34 29 33 31 34 29 28
48 59 52 53 55 58 56 48 72 80 76 81 75 79 78 82
8 4 5 7 3 10 7 7 32 32 28 32 27 32 34 35
56 59 57 52 51 53 59 53 83 76 83 82 75 75 75 79
4 9 10 9 4 10 11 11 33 35 28 28 34 32 35 32
59 55 51 57 56 56 58 58 78 82 83 78 72 75 83 82
8 9 3 10 6 4 6 11 27 33 33 34 34 29 34 35
59 57 54 48 55 52 59 58 83 78 83 72 82 83 75 81
5 6 9 6 9 8 6 11 30 35 35 28 27 31 27 33
52 56 55 56 53 52 48 54 77 83 76 80 76 72 72 81
10 8 8 9 5 8 11 3 28 35 27 35 27 33 35 33
52 51 51 52 54 54 58 51 83 80 79 82 81 75 83 75
