0 0 0 0 0 0 0 0 1 1 1 1 1 1 1 1
2 2 2 2 2 2 2 2 3 3 3 3 3 3 3 3
0 0 0 0 0 0 0 0 1 1 1 1 1 1 1 1
2 2 2 2 2 2 2 2 3 3 3 3 3 3 3 3
0 0 0 0 0 0 0 0 1 1 1 1 1 1 1 1
2 2 2 2 2 2 2 2 3 3 3 3 3 3 3 3
0 0 0 0 0 0 0 0 1 1 1 1 1 1 1 1
2 2 2 2 2 2 2 2 3 3 3 3 3 3 3 3
0 0 0 0 0 0 0 0 1 1 1 1 1 1 1 1
2 2 2 2 2 2 2 2 3 3 3 3 3 3 3 3
0 0 0 0 0 0 0 0 1 1 1 1 1 1 1 1
2 2 2 2 2 2 2 2 3 3 3 3 3 3 3 3
0 0 0 0 0 0 0 0 1 1 1 1 1 1 1 1
2 2 2 2 2 2 2 2 3 3 3 3 3 3 3 3
0 0 0 0 0 0 0 0 1 1 1 1 1 1 1 1
2 2 2 2 2 2 2 2 3 3 3 3 3 3 3 3
10 6 6 10 3 6 6 10 29 31 33 28 29 32 34 33
58 58 58 51 58 52 54 58 81 81 79 76 83 75 81 81
4 5 3 7 10 10 11 9 34 35 31 28 35 32 28 27
52 52 53 55 48 57 51 51 78 76 78 83 76 81 77 79
3 4 10 8 9 11 8 8 30 29 28 33 32 28 35 32
52 51 59 58 55 58 53 58 80 83 82 76 75 77 78 72
11 7 7 11 10 11 3 11 33 35 30 33 29 33 27 28
59 58 58 51 56 55 59 57 75 77 81 76 81 76 79 81
10 3 4 3 10 10 11 8 34 32 35 27 31 28 28 35
54 52 51 51 56 52 51 48 82 80 82 80 80 75 83 75
6 5 5 11 6 10 4 10 28 32 35 32 28 34 31 34
52 48 48 51 53 57 58 48 82 76 75 82 80 81 76 72
5 9 3 11 9 9 4 8 31 33 27 33 28 29 29 30
56 59 48 53 53 48 51 53 83 81 79 82 78 77 80 79
7 4 8 9 4 7 7 9 33 27 28 34 28 29 33 28
57 59 54 59 52 48 52 59 72 78 75 75 77 82 76 77
