0 0 0 0 0 0 0 0 1 1 1 1 1 1 1 1
2 2 2 2 2 2 2 2 3 3 3 3 3 3 3 3
0 0 0 0 0 0 0 0 1 1 1 1 1 1 1 1
2 2 2 2 2 2 2 2 3 3 3 3 3 3 3 3
0 0 0 0 0 0 0 0 1 1 1 1 1 1 1 1
2 2 2 2 2 2 2 2 3 3 3 3 3 3 3 3
0 0 0 0 0 0 0 0 1 1 1 1 1 1 1 1
2 2 2 2 2 2 2 2 3 3 3 3 3 3 3 3
0 0 0 0 0 0 0 0 1 1 1 1 1 1 1 1
2 2 2 2 2 2 2 2 3 3 3 3 3 3 3 3
0 0 0 0 0 0 0 0 1 1 1 1 1 1 1 1
2 2 2 2 2 2 2 2 3 3 3 3 3 3 3 3
0 0 0 0 0 0 0 0 1 1 1 1 1 1 1 1
2 2 2 2 2 2 2 2 3 3 3 3 3 3 3 3
0 0 0 0 0 0 0 0 1 1 1 1 1 1 1 1
2 2 2 2 2 2 2 2 3 3 3 3 3 3 3 3
11 7 4 4 9 4 3 7 27 31 29 29 28 29 33 35
51 57 48 55 48 48 57 54 76 81 79 75 77 83 81 72
11 6 8 10 3 10 8 4 27 35 35 35 31 31 27 30
55 53 59 48 48 53 51 51 75 78 81 77 72 81 83 77
3 10 11 6 8 6 3 3 34 34 29 30 32 27 28 33
56 51 51 53 51 48 56 52 82 72 79 77 82 79 72 77
6 7 3 10 11 3 8 11 31 35 35 32 29 28 28 29
55 58 56 57 51 56 56 52 82 75 83 82 75 82 82 76
10 9 10 9 7 6 4 7 30 35 35 28 34 27 33 34
56 55 55 52 54 54 52 58 79 77 77 72 75 80 80 81
3 8 6 8 4 3 3 7 34 34 29 31 35 28 34 28
51 55 52 56 54 57 51 56 76 82 77 76 79 77 83 82
11 9 5 4 10 10 4 5 31 31 32 35 34 31 31 29
52 55 48 57 56 57 58 51 78 79 78 72 83 78 80 76
4 9 11 9 3 5 7 3 30 34 28 27 27 31 31 28
57 55 56 57 59 55 51 56 80 79 83 76 76 83 77 72
