0 0 0 0 0 0 0 0 1 1 1 1 1 1 1 1
2 2 2 2 2 2 2 2 3 3 3 3 3 3 3 3
0 0 0 0 0 0 0 0 1 1 1 1 1 1 1 1
2 2 2 2 2 2 2 2 3 3 3 3 3 3 3 3
0 0 0 0 0 0 0 0 1 1 1 1 1 1 1 1
2 2 2 2 2 2 2 2 3 3 3 3 3 3 3 3
0 0 0 0 0 0 0 0 1 1 1 1 1 1 1 1
2 2 2 2 2 2 2 2 3 3 3 3 3 3 3 3
0 0 0 0 0 0 0 0 1 1 1 1 1 1 1 1
2 2 2 2 2 2 2 2 3 3 3 3 3 3 3 3
0 0 0 0 0 0 0 0 1 1 1 1 1 1 1 1
2 2 2 2 2 2 2 2 3 3 3 3 3 3 3 3
0 0 0 0 0 0 0 0 1 1 1 1 1 1 1 1
2 2 2 2 2 2 2 2 3 3 3 3 3 3 3 3
0 0 0 0 0 0 0 0 1 1 1 1 1 1 1 1
2 2 2 2 2 2 2 2 3 3 3 3 3 3 3 3
5 11 6 8 7 10 9 4 35 32 32 31 29 30 29 30
56 52 56 55 58 52 53 52 77 75 75 82 79 77 76 79
8 3 7 10 9 10 8 4 30 33 30 33 32 28 30 28
52 53 56 51 57 51 58 56 81 81 76 72 78 83 78 83
6 5 7 10 8 11 11 5 35 33 28 31 33 32 27 30
53 55 51 52 51 52 56 48 77 81 81 81 80 79 81 78
7 4 10 8 10 11 8 4 27 33 34 27 30 28 29 27
52 48 59 54 52 52 55 48 83 76 83 83 83 80 79 75
10 8 9 11 4 9 4 8 35 28 33 35 35 29 31 35
53 52 59 58 53 53 59 48 75 76 80 76 79 75 78 72
10 7 7 8 6 7 8 7 27 32 32 34 29 31 35 28
56 48 53 56 54 59 51 54 83 83 82 81 81 77 77 82
3 6 11 10 6 3 6 5 32 27 31 32 28 27 30 28
55 55 57 59 57 52 48 48 77 77 76 75 83 83 76 78
4 9 4 10 7 9 10 9 33 30 27 34 28 35 33 27
54 56 54 57 48 56 56 55 80 83 72 82 81 78 79 78
