0 0 0 0 0 0 0 0 1 1 1 1 1 1 1 1
2 2 2 2 2 2 2 2 3 3 3 3 3 3 3 3
0 0 0 0 0 0 0 0 1 1 1 1 1 1 1 1
2 2 2 2 2 2 2 2 3 3 3 3 3 3 3 3
0 0 0 0 0 0 0 0 1 1 1 1 1 1 1 1
2 2 2 2 2 2 2 2 3 3 3 3 3 3 3 3
0 0 0 0 0 0 0 0 1 1 1 1 1 1 1 1
2 2 2 2 2 2 2 2 3 3 3 3 3 3 3 3
0 0 0 0 0 0 0 0 1 1 1 1 1 1 1 1
2 2 2 2 2 2 2 2 3 3 3 3 3 3 3 3
0 0 0 0 0 0 0 0 1 1 1 1 1 1 1 1
2 2 2 2 2 2 2 2 3 3 3 3 3 3 3 3
0 0 0 0 0 0 0 0 1 1 1 1 1 1 1 1
2 2 2 2 2 2 2 2 3 3 3 3 3 3 3 3
0 0 0 0 0 0 0 0 1 1 1 1 1 1 1 1
2 2 2 2 2 2 2 2 3 3 3 3 3 3 3 3
6 4 6 11 4 10 6 11 33 27 28 35 32 30 35 35
51 54 58 56 53 54 51 53 78 82 83 77 78 76 72 75
4 4 7 5 11 5 11 6 33 32 29 29 31 31 29 27
59 57 51 48 56 55 57 56 77 82 75 80 76 76 80 72
4 11 3 10 5 10 3 4 34 31 30 33 27 33 35 32
54 56 51 48 59 52 53 58 82 80 81 77 77 81 83 72
5 9 3 8 11 4 3 6 29 35 28 35 34 34 33 30
54 55 55 51 54 51 54 48 76 77 80 75 83 80 75 72
4 10 11 4 9 5 6 8 33 35 34 32 31 35 35 27
55 52 56 59 54 59 57 48 83 79 81 83 81 77 82 77
7 10 11 5 8 10 7 8 31 32 34 29 33 27 27 33
48 53 55 56 53 51 48 51 83 83 82 78 83 79 81 80
5 11 11 8 10 3 5 9 29 32 35 35 28 32 33 29
56 52 51 59 57 58 56 59 76 80 79 80 72 78 82 78
3 5 6 9 5 6 3 5 32 30 33 35 29 29 35 34
53 48 48 56 57 58 55 55 82 75 78 83 82 76 80 72
