0 0 0 0 0 0 0 0 1 1 1 1 1 1 1 1
2 2 2 2 2 2 2 2 3 3 3 3 3 3 3 3
0 0 0 0 0 0 0 0 1 1 1 1 1 1 1 1
2 2 2 2 2 2 2 2 3 3 3 3 3 3 3 3
0 0 0 0 0 0 0 0 1 1 1 1 1 1 1 1
2 2 2 2 2 2 2 2 3 3 3 3 3 3 3 3
0 0 0 0 0 0 0 0 1 1 1 1 1 1 1 1
2 2 2 2 2 2 2 2 3 3 3 3 3 3 3 3
0 0 0 0 0 0 0 0 1 1 1 1 1 1 1 1
2 2 2 2 2 2 2 2 3 3 3 3 3 3 3 3
0 0 0 0 0 0 0 0 1 1 1 1 1 1 1 1
2 2 2 2 2 2 2 2 3 3 3 3 3 3 3 3
0 0 0 0 0 0 0 0 1 1 1 1 1 1 1 1
2 2 2 2 2 2 2 2 3 3 3 3 3 3 3 3
0 0 0 0 0 0 0 0 1 1 1 1 1 1 1 1
2 2 2 2 2 2 2 2 3 3 3 3 3 3 3 3
3 6 10 3 7 9 3 7 34 29 35 32 27 28 31 30
56 53 57 53 57 54 57 48 78 78 80 78 80 79 82 72
11 5 11 4 3 11 4 8 33 30 33 32 31 31 31 34
53 52 53 51 48 57 54 57 77 79 80 82 80 76 77 79
6 10 10 6 10 11 6 6 30 35 30 28 34 31 28 33
57 56 54 54 48 51 58 54 72 80 83 72 77 81 81 82
3 9 6 5 5 5 9 4 28 27 34 34 31 31 31 28
56 59 48 55 55 52 59 52 75 75 81 78 78 81 80 80
8 8 9 6 4 4 4 6 35 32 31 27 33 33 34 34
51 56 55 55 55 56 51 48 78 78 81 83 76 80 75 78
10 7 11 6 3 8 11 3 30 35 29 32 32 32 32 33
54 53 54 57 57 58 58 54 76 79 79 76 78 83 80 78
5 3 3 5 9 8 10 4 32 31 29 31 28 34 29 35
52 59 54 56 57 59 58 52 81 81 76 80 77 72 81 75
5 8 10 6 11 7 8 9 35 29 32 31 34 28 35 31
52 55 52 53 53 48 48 58 82 72 76 72 83 76 72 75
