0 0 0 0 0 0 0 0 1 1 1 1 1 1 1 1
2 2 2 2 2 2 2 2 3 3 3 3 3 3 3 3
0 0 0 0 0 0 0 0 1 1 1 1 1 1 1 1
2 2 2 2 2 2 2 2 3 3 3 3 3 3 3 3
0 0 0 0 0 0 0 0 1 1 1 1 1 1 1 1
2 2 2 2 2 2 2 2 3 3 3 3 3 3 3 3
0 0 0 0 0 0 0 0 1 1 1 1 1 1 1 1
2 2 2 2 2 2 2 2 3 3 3 3 3 3 3 3
0 0 0 0 0 0 0 0 1 1 1 1 1 1 1 1
2 2 2 2 2 2 2 2 3 3 3 3 3 3 3 3
0 0 0 0 0 0 0 0 1 1 1 1 1 1 1 1
2 2 2 2 2 2 2 2 3 3 3 3 3 3 3 3
0 0 0 0 0 0 0 0 1 1 1 1 1 1 1 1
2 2 2 2 2 2 2 2 3 3 3 3 3 3 3 3
0 0 0 0 0 0 0 0 1 1 1 1 1 1 1 1
2 2 2 2 2 2 2 2 3 3 3 3 3 3 3 3
4 10 9 4 11 9 10 11 33 30 28 34 27 29 33 34
54 48 54 54 56 55 54 55 76 75 80 77 82 78 76 76
11 6 10 10 11 5 4 7 35 30 28 29 33 35 34 33
56 51 59 58 58 51 48 48 78 79 78 75 80 72 80 81
7 7 5 3 3 10 5 9 31 33 32 33 32 29 31 35
51 53 57 57 54 58 55 57 83 77 80 79 79 80 83 80
5 5 3 5 9 11 3 6 33 27 31 35 35 29 30 28
56 58 54 51 55 59 51 52 78 79 75 78 72 72 81 72
5 5 10 3 5 10 4 9 29 29 34 35 28 32 32 29
54 58 48 59 55 54 58 54 79 76 80 82 81 77 82 79
4 9 6 9 10 8 10 8 29 34 34 34 28 31 32 35
57 51 53 55 48 58 53 52 81 77 72 83 76 83 79 78
4 3 10 3 9 11 4 6 32 29 32 33 34 33 27 27
54 53 55 52 53 55 51 52 72 75 72 80 81 72 82 77
4 8 7 9 10 4 7 4 35 34 29 27 31 33 29 29
52 56 58 53 58 55 58 55 83 82 72 75 83 79 83 75
