0 0 0 0 0 0 0 0 1 1 1 1 1 1 1 1
2 2 2 2 2 2 2 2 3 3 3 3 3 3 3 3
0 0 0 0 0 0 0 0 1 1 1 1 1 1 1 1
2 2 2 2 2 2 2 2 3 3 3 3 3 3 3 3
0 0 0 0 0 0 0 0 1 1 1 1 1 1 1 1
2 2 2 2 2 2 2 2 3 3 3 3 3 3 3 3
0 0 0 0 0 0 0 0 1 1 1 1 1 1 1 1
2 2 2 2 2 2 2 2 3 3 3 3 3 3 3 3
0 0 0 0 0 0 0 0 1 1 1 1 1 1 1 1
2 2 2 2 2 2 2 2 3 3 3 3 3 3 3 3
0 0 0 0 0 0 0 0 1 1 1 1 1 1 1 1
2 2 2 2 2 2 2 2 3 3 3 3 3 3 3 3
0 0 0 0 0 0 0 0 1 1 1 1 1 1 1 1
2 2 2 2 2 2 2 2 3 3 3 3 3 3 3 3
0 0 0 0 0 0 0 0 1 1 1 1 1 1 1 1
2 2 2 2 2 2 2 2 3 3 3 3 3 3 3 3
6 7 7 9 8 10 6 9 34 32 30 31 33 29 35 30
59 59 57 59 58 57 52 51 81 83 75 77 78 82 72 77
5 11 9 6 11 3 3 7 33 31 33 32 34 30 29 32
59 53 48 54 52 54 58 53 81 77 83 82 80 81 79 76
6 4 3 7 9 6 6 3 31 33 30 31 29 30 34 35
53 48 53 58 52 52 57 55 80 78 77 81 72 80 83 77
9 7 5 8 11 9 4 6 29 32 31 28 33 29 33 35
57 56 58 48 53 53 54 58 72 76 77 78 75 76 79 82
6 7 4 10 5 5 4 9 30 27 30 32 32 32 28 35
57 56 57 55 57 48 58 58 83 76 80 78 80 72 83 76
9 3 7 5 10 11 11 8 34 34 30 29 34 35 35 28
58 48 55 58 54 55 48 58 76 76 76 77 72 81 76 79
4 11 8 7 5 5 10 10 27 30 35 30 33 31 27 32
56 54 56 55 58 59 57 58 75 82 75 79 83 76 75 77
9 7 8 9 7 11 9 5 32 35 27 30 28 29 34 33
59 59 48 52 59 48 55 57 79 76 78 79 72 82 77 82
