0 0 1 3 3 2 2 2 2 0 3 0 3 1 0 0
2 2 2 0 0 1 3 2 1 0 2 1 0 2 2 1
0 3 1 2 1 0 2 3 0 0 0 1 3 1 3 3
2 0 1 3 3 0 2 0 2 1 1 3 0 0 0 0
0 0 0 1 2 1 3 2 3 1 3 0 2 0 0 1
2 3 1 0 0 3 3 2 2 2 0 3 3 1 1 3
3 2 3 0 0 0 0 0 1 3 2 1 1 1 1 0
1 3 1 0 3 2 0 1 1 0 3 1 2 3 1 0
1 3 1 2 1 1 2 1 2 3 1 2 0 2 1 1
1 1 1 2 2 2 3 3 3 1 1 0 3 2 0 1
3 2 1 2 0 0 3 1 3 0 0 2 3 3 0 3
0 3 0 0 3 1 2 1 2 2 2 3 2 0 1 1
3 1 0 3 3 3 2 0 0 0 0 2 2 3 1 1
2 1 0 0 3 2 3 2 2 1 2 0 2 3 0 0
1 0 0 3 3 3 1 3 0 3 1 3 2 3 3 0
1 3 2 1 0 3 0 1 2 2 1 3 2 3 3 3
8 6 29 72 82 58 54 56 54 10 76 5 76 31 9 8
52 48 48 9 7 27 79 57 33 3 52 33 9 52 54 27
6 79 31 52 31 11 54 75 5 6 8 27 80 34 76 81
53 8 35 75 78 11 58 4 59 30 27 75 7 5 11 10
6 4 4 35 54 32 80 54 78 31 80 3 58 8 6 30
56 76 35 11 4 79 81 52 57 55 11 82 75 30 33 77
72 58 82 11 5 9 9 4 32 80 55 30 31 27 30 4
31 81 33 4 83 53 9 27 32 7 83 31 58 76 27 3
31 83 30 51 34 35 58 30 51 72 28 53 7 56 28 30
35 28 28 53 51 55 76 78 81 31 33 8 77 59 8 29
81 51 31 53 3 9 80 28 82 11 9 48 81 75 4 83
10 76 4 4 76 35 56 34 54 54 57 80 57 11 31 30
83 32 8 77 77 76 55 3 6 3 4 52 57 72 32 31
55 31 10 4 83 53 76 52 51 27 56 10 57 76 3 5
33 3 3 82 79 78 35 82 7 76 31 76 57 79 72 6
35 77 53 31 10 83 8 32 54 56 28 78 48 72 77 76
