0 3 0 2 3 0 1 3 3 2 3 3 2 3 3 3
2 2 2 0 2 3 3 1 2 1 2 2 3 2 3 0
3 3 0 0 0 2 0 2 0 1 1 2 1 1 3 2
2 0 0 0 1 0 2 3 2 0 2 0 1 2 1 3
3 1 1 2 0 2 2 0 3 3 3 1 1 2 2 0
2 3 1 0 2 2 1 0 1 2 0 3 2 0 1 2
2 0 3 0 2 1 0 1 1 3 3 0 2 0 2 0
2 0 1 2 2 3 2 0 1 1 1 1 0 3 0 1
3 0 1 0 2 1 2 1 2 2 3 0 2 0 3 3
0 2 2 3 0 3 1 1 2 1 3 3 3 1 0 3
0 3 2 3 1 3 3 0 2 2 0 0 0 1 0 2
2 2 2 1 0 2 1 3 2 1 1 0 3 1 0 3
2 1 0 0 1 1 1 2 0 1 2 3 3 2 1 2
0 2 2 2 3 1 3 0 0 3 1 0 1 3 0 3
3 0 1 1 3 3 0 2 0 3 0 2 2 0 3 1
1 0 0 2 3 2 3 3 3 3 3 0 2 1 2 0
4 76 4 53 82 9 29 76 75 52 82 77 51 76 79 79
48 52 58 6 48 75 83 27 52 34 53 59 76 55 82 7
79 76 9 10 8 52 6 53 11 28 30 52 31 35 76 56
48 11 10 9 33 8 56 80 48 11 54 4 31 53 32 81
72 31 35 56 3 55 54 3 80 77 76 27 30 59 59 7
55 77 34 6 57 48 34 3 31 59 7 83 57 3 27 51
53 11 80 4 53 27 9 30 35 78 79 4 55 4 57 8
52 4 29 56 59 82 57 5 31 27 27 33 9 76 4 35
83 6 33 3 52 35 59 27 52 57 80 11 52 10 82 78
6 52 59 80 4 80 34 34 52 28 79 75 83 32 9 79
10 76 58 80 32 79 76 11 48 54 6 5 10 27 6 57
56 48 58 30 4 53 34 76 51 28 35 7 82 32 7 77
48 31 9 5 27 27 33 55 5 30 57 78 78 57 33 53
9 56 48 52 82 32 75 9 6 72 31 6 32 75 4 83
83 5 29 28 72 83 11 59 11 75 6 58 56 10 82 28
31 5 10 52 83 53 75 75 79 78 79 3 56 28 58 4
