2 2 1 3 0 1 3 0 1 2 0 1 2 3 0 3
3 0 3 3 3 3 3 2 1 2 2 2 0 2 3 0
1 0 0 1 0 3 1 2 1 2 2 3 2 3 0 0
2 2 1 0 1 2 1 3 3 3 1 3 2 2 1 3
0 1 1 2 2 1 3 2 2 0 0 3 0 3 2 1
2 3 1 2 2 2 3 3 2 3 0 0 0 0 1 2
0 0 1 1 3 3 0 3 2 2 0 1 1 0 1 3
3 3 1 3 2 2 3 0 1 3 3 3 0 0 0 2
1 2 3 3 1 0 3 1 0 1 3 1 1 3 2 2
0 1 0 2 0 0 2 3 1 3 0 2 1 0 2 3
1 3 1 1 1 0 3 1 1 0 3 1 3 2 0 1
3 2 3 3 1 2 1 3 2 1 3 2 2 0 3 1
1 1 1 0 2 2 3 0 1 3 0 1 3 2 1 0
2 0 1 3 3 2 3 3 1 3 0 3 0 3 0 3
1 2 3 1 0 1 1 3 3 3 3 3 2 1 3 2
0 0 0 0 3 2 3 0 0 0 1 0 0 2 1 1
52 55 32 80 4 28 78 9 32 55 3 34 57 78 11 80
83 9 75 75 75 80 81 48 29 55 51 59 3 53 72 4
27 4 9 30 10 72 33 58 34 59 59 77 57 82 8 11
55 59 29 8 33 56 30 76 79 75 35 75 55 48 35 75
11 33 27 58 48 34 82 52 51 7 4 82 7 75 57 28
48 79 33 48 51 54 79 72 48 80 9 7 5 3 35 48
4 9 33 34 83 79 9 72 56 59 6 30 27 6 33 72
78 81 33 83 58 53 75 9 27 78 81 80 11 6 6 57
30 58 83 77 30 6 76 33 11 28 75 34 35 77 58 57
4 33 8 52 3 8 48 72 32 83 11 57 35 4 58 72
29 82 33 32 31 3 82 33 35 4 78 30 78 56 8 28
83 58 75 76 27 48 29 81 55 31 78 56 54 3 83 27
33 31 28 10 58 54 83 7 31 77 7 28 79 51 32 5
57 11 33 82 83 56 83 75 29 76 5 76 3 75 7 78
30 56 83 30 3 32 28 72 79 77 82 79 56 30 76 56
8 3 8 10 82 52 80 4 9 8 32 4 10 51 27 28
