1 2 1 0 1 3 3 0 2 1 0 0 1 1 2 1
2 0 3 2 2 3 1 1 3 0 0 2 2 2 3 2
2 2 3 0 3 0 1 0 2 3 0 2 3 1 0 1
2 1 0 0 1 1 1 2 2 2 3 0 3 1 1 2
0 3 2 0 2 0 1 1 2 1 3 2 2 3 2 2
0 2 0 1 1 3 2 2 0 3 2 3 0 3 0 1
2 3 1 0 1 0 0 1 1 0 3 1 2 3 3 0
0 1 1 2 0 3 3 0 3 1 2 0 1 0 2 2
3 1 2 0 3 1 1 3 1 1 2 3 3 1 3 0
2 1 0 0 1 2 3 0 3 0 0 3 3 0 3 0
0 3 2 2 2 2 1 0 0 1 2 2 2 2 0 2
2 1 3 0 3 2 1 3 3 2 2 3 1 3 0 1
3 2 1 3 0 0 3 0 2 2 2 0 0 3 0 2
1 0 0 0 3 1 2 1 2 0 2 1 1 0 3 1
3 0 3 1 3 2 3 0 2 2 0 1 1 3 0 0
2 3 2 1 1 2 0 1 0 1 1 2 3 3 0 3
34 51 30 10 29 77 75 9 54 29 7 3 32 32 56 35
48 11 79 48 54 79 28 34 78 6 7 55 57 56 75 48
51 57 81 8 80 9 31 5 48 72 7 57 72 27 4 33
58 31 11 9 28 33 31 51 53 59 77 10 83 30 30 59
3 81 48 8 56 5 35 31 55 27 78 58 54 81 59 48
5 58 5 32 31 80 55 48 7 80 57 80 11 80 11 33
54 78 28 6 30 3 9 35 32 8 81 28 54 80 76 11
9 30 27 59 9 72 76 11 83 32 48 9 35 9 52 55
75 35 59 9 83 33 28 79 30 33 56 79 75 33 76 9
57 27 7 9 29 52 79 9 72 4 3 81 76 6 80 3
11 78 58 59 58 52 35 5 4 27 51 58 48 59 9 59
58 33 79 7 72 55 32 80 79 59 59 83 30 80 6 31
81 48 27 75 8 7 79 4 55 53 48 3 3 80 11 57
33 5 10 9 72 29 58 31 58 3 52 32 29 5 72 27
79 10 77 34 83 48 80 4 52 52 10 28 30 79 4 11
57 77 56 30 28 54 11 33 9 33 35 48 72 81 5 82
