1 1 0 0 2 3 3 3 1 3 1 1 2 2 2 3
1 0 0 0 3 3 2 0 3 3 0 3 0 0 1 0
3 3 1 2 0 0 0 2 1 3 1 3 3 3 3 0
0 1 1 1 3 1 2 1 2 0 0 3 1 3 1 2
1 2 2 3 2 0 1 2 3 1 2 0 2 2 2 2
2 2 1 3 3 3 0 2 1 3 1 3 3 2 2 0
0 2 3 0 0 0 0 1 3 0 0 3 0 1 1 0
2 3 1 2 2 3 2 0 0 1 0 2 1 0 3 3
1 0 2 1 3 3 3 2 3 3 1 2 1 3 0 2
1 3 0 3 0 3 2 2 2 3 2 0 3 2 0 2
0 3 2 2 3 0 2 3 0 2 1 2 3 3 3 3
2 0 2 3 1 0 3 0 3 3 3 2 0 0 1 0
0 3 1 3 0 3 1 2 2 2 1 2 0 2 0 1
1 2 2 3 1 3 1 2 2 3 0 3 2 3 2 2
2 0 1 3 0 2 0 0 1 1 0 3 2 0 1 2
0 2 0 1 3 3 2 1 2 2 3 2 3 1 1 1
29 35 10 11 58 79 81 83 29 77 30 32 54 54 52 75
32 4 6 3 82 81 48 5 77 82 8 79 8 7 31 7
75 78 30 55 4 10 4 52 27 83 31 80 79 82 76 9
3 29 31 34 75 32 56 35 51 3 3 72 29 75 28 56
34 51 55 80 55 3 27 59 75 30 58 8 48 54 56 53
58 51 28 82 72 72 9 48 32 76 30 76 77 54 54 4
3 57 72 3 10 10 10 27 72 6 3 77 8 27 31 11
51 76 31 57 58 77 58 11 11 35 11 51 34 9 72 79
29 10 57 29 75 82 79 57 82 75 32 58 30 72 5 58
31 72 8 83 5 78 58 54 57 80 52 7 76 58 10 48
11 75 52 57 75 10 56 82 10 48 31 58 83 79 75 79
51 6 54 82 34 9 75 4 80 80 76 57 5 6 35 3
5 78 32 83 8 72 31 56 58 48 28 55 5 51 8 27
35 55 51 80 33 72 27 57 59 82 9 75 51 81 51 58
56 3 30 78 8 53 7 9 30 30 11 78 58 4 35 53
5 58 8 31 80 76 52 35 48 58 75 58 79 27 30 35
