7 6 3 4 0 5 4 2 2 5 7 7 4 4 6 5
3 3 7 3 0 5 0 0 2 6 6 6 5 4 0 5
3 3 2 5 0 5 7 3 0 6 0 6 3 1 6 5
7 6 2 0 2 2 2 0 0 3 3 3 1 3 4 6
4 6 6 6 7 0 3 7 1 2 1 1 0 0 6 6
2 0 6 3 7 2 0 6 6 7 6 6 2 2 3 3
3 2 2 2 2 2 2 2 0 4 2 5 7 5 7 6
1 1 1 4 1 4 4 4 4 5 6 5 4 7 6 0
4 6 1 2 6 6 4 6 0 0 6 0 0 7 7 7
7 2 6 4 7 0 6 7 6 6 6 6 7 1 0 2
6 7 7 6 7 6 6 6 0 2 5 6 1 6 7 6
6 6 0 0 6 7 1 7 1 6 0 6 6 0 1 0
1 0 1 6 6 1 7 5 7 6 1 0 7 6 6 7
7 2 7 7 7 3 0 7 3 6 7 5 6 7 3 1
0 6 5 5 6 1 1 6 2 6 2 5 6 5 6 6
6 2 2 1 5 1 2 0 4 2 5 6 2 0 7 6
51 20 27 56 60 39 7 72 24 95 10 21 28 7 78 47
55 83 79 83 32 8 80 80 16 30 58 40 19 28 42 47
45 45 92 19 52 29 59 6 52 9 52 30 45 4 48 19
51 48 44 52 54 16 16 90 52 55 27 27 81 27 28 30
36 88 30 30 51 42 35 51 71 64 63 63 60 70 40 40
44 42 40 65 31 44 52 88 30 31 40 30 5 5 55 55
55 5 24 5 24 24 24 34 22 7 16 29 51 29 51 20
53 53 53 7 53 7 7 7 7 57 30 57 7 51 20 60
7 20 43 5 30 30 7 30 22 22 30 22 22 51 51 51
51 54 58 46 51 90 48 59 20 58 48 58 59 43 60 5
48 51 51 88 51 58 20 30 42 54 57 20 15 58 51 30
58 58 11 42 58 51 63 51 63 20 70 20 20 70 71 52
15 11 43 48 40 15 89 19 89 48 71 52 89 48 48 89
21 34 89 89 89 35 60 89 35 40 69 57 40 31 35 81
42 48 19 67 40 15 71 58 44 20 16 47 40 95 40 40
20 16 16 15 57 15 16 52 36 16 87 20 16 52 89 40
