6 1 6 1 4 4 3 7 7 5 4 4 4 3 7 3
7 3 3 4 4 4 3 3 3 6 6 4 4 2 2 2
2 4 6 4 6 6 0 5 4 4 2 0 0 0 4 0
0 3 3 3 4 0 0 0 6 3 7 3 3 5 4 7
0 6 6 2 7 5 4 4 3 5 3 0 5 2 5 1
5 6 5 6 2 4 7 6 6 6 5 4 4 1 1 1
3 6 0 6 4 3 0 3 1 1 5 0 1 1 1 7
3 3 6 3 5 5 1 1 4 7 5 5 4 3 1 1
5 4 1 0 5 5 6 0 7 6 1 3 6 1 5 1
1 7 4 3 5 3 6 5 0 2 3 5 5 0 7 4
5 4 5 5 1 3 3 4 0 3 2 5 1 2 2 3
3 1 4 5 7 5 5 5 2 6 4 2 2 3 2 3
6 6 0 4 7 0 0 5 2 6 5 6 5 2 2 2
0 7 0 0 5 5 2 0 4 1 6 0 1 0 6 7
4 4 5 7 2 6 1 0 0 6 1 0 2 6 1 2
4 2 0 1 1 1 7 6 1 6 7 5 6 2 0 2
58 4 58 71 28 28 45 41 41 47 46 46 18 45 41 45
41 27 45 46 46 36 27 27 27 88 9 28 28 16 16 16
16 36 88 36 58 58 22 47 36 66 44 22 22 32 18 22
32 6 6 93 18 32 32 80 40 6 51 93 6 47 66 51
80 9 40 44 51 47 66 18 93 67 93 80 19 44 57 81
57 88 57 9 44 76 51 88 9 40 57 66 76 23 23 81
35 20 80 40 76 35 90 17 53 91 19 70 71 91 53 21
55 35 30 17 39 39 15 53 84 21 95 95 84 55 23 53
67 76 71 90 19 19 20 90 10 20 23 35 20 81 8 91
81 21 94 83 39 55 68 95 90 5 55 67 95 11 21 7
39 7 8 29 91 17 75 84 70 75 34 8 71 92 92 83
17 33 7 67 59 29 8 29 34 68 7 92 92 75 82 75
68 78 42 84 89 42 11 87 82 48 29 68 77 34 82 64
42 10 11 70 77 77 82 42 94 33 78 70 15 11 78 10
94 94 77 10 34 30 63 60 3 78 15 60 24 48 63 64
56 24 60 63 63 33 59 30 15 48 69 87 48 24 60 5
