1 4 2 1 7 1 2 2 6 3 3 1 3 3 1 3
1 1 3 1 0 1 3 3 3 0 1 6 7 7 0 6
7 7 2 6 6 0 2 5 4 0 5 5 5 2 6 0
2 5 4 0 4 0 2 5 5 5 5 4 7 7 2 3
6 3 1 2 5 2 1 6 3 4 2 4 6 4 6 3
6 3 4 6 2 7 1 1 7 4 1 4 4 6 4 3
4 5 4 0 4 1 3 3 6 0 6 3 3 1 0 3
5 3 1 1 2 2 0 3 6 5 3 3 2 1 4 1
7 3 2 2 1 0 5 5 2 7 0 0 6 4 6 5
3 2 2 2 6 2 4 7 4 6 6 0 7 5 7 3
6 2 6 6 2 2 2 6 0 1 4 3 3 5 7 4
6 4 3 7 2 5 5 4 7 6 0 2 2 7 7 7
4 4 0 4 3 2 6 6 0 5 0 3 0 4 2 1
5 4 3 0 1 1 7 0 4 3 3 5 5 5 5 1
3 4 5 4 1 1 0 5 1 5 5 1 6 2 1 0
1 5 1 7 7 1 5 0 1 0 7 1 1 5 6 5
71 28 5 4 59 4 5 5 30 35 83 71 93 83 15 83
71 71 83 15 80 15 93 93 93 80 15 48 51 51 80 48
51 51 16 48 48 80 16 77 36 32 47 19 19 92 40 32
16 19 36 32 36 32 16 77 77 19 77 36 69 69 34 45
9 55 43 34 87 34 43 40 55 76 72 76 40 76 40 55
30 55 66 9 34 69 43 43 69 66 81 66 66 9 28 17
28 95 28 70 76 81 45 17 30 70 30 45 17 23 70 27
39 35 81 81 44 44 90 17 9 87 35 35 72 23 84 23
79 45 72 72 23 70 39 39 24 21 42 42 20 84 20 39
6 24 82 24 20 24 84 21 84 68 20 42 79 67 21 27
68 92 78 68 44 64 44 78 42 63 18 75 75 67 89 18
68 18 6 79 64 67 67 18 89 78 90 92 92 79 89 89
7 7 90 7 27 64 88 78 3 57 11 6 90 56 64 91
57 7 27 3 33 63 21 3 56 6 75 95 29 95 87 33
75 56 29 56 33 4 3 95 33 87 8 4 88 82 63 22
63 57 53 10 10 91 8 22 53 22 31 91 91 29 88 29
