7 7 7 7 3 3 5 3 3 5 5 6 5 2 6 1
6 6 4 4 4 4 5 4 5 7 7 5 7 5 4 1
7 1 1 0 1 5 5 1 7 3 7 3 0 1 1 5
4 7 7 1 4 5 1 4 5 5 4 7 3 1 1 5
4 5 1 2 2 7 1 1 3 5 4 1 4 1 5 0
0 5 5 3 5 4 1 1 0 5 6 1 5 1 1 5
0 3 1 5 7 4 3 7 3 5 3 1 0 7 0 1
4 0 1 0 0 1 6 1 1 0 2 2 5 6 4 4
5 2 2 1 2 2 7 4 1 1 7 6 6 7 3 2
5 3 2 7 3 6 2 7 4 6 2 4 7 2 6 2
2 2 3 0 4 0 4 3 3 2 3 1 7 4 2 3
7 7 7 7 0 5 4 7 2 0 4 5 5 4 7 0
4 3 7 0 1 4 4 3 2 5 4 7 2 6 3 3
2 2 1 4 5 3 6 1 5 1 1 6 3 5 6 3
2 0 3 3 1 6 6 6 1 0 4 2 2 4 2 6
6 7 2 0 0 4 5 2 6 0 5 4 0 2 3 7
31 31 31 31 75 75 29 75 75 29 29 40 29 5 40 15
40 40 66 66 66 56 67 66 95 69 69 95 69 95 56 43
69 71 71 52 43 87 95 71 59 45 59 35 42 43 43 57
7 59 51 53 56 87 15 56 87 87 7 59 45 15 33 8
84 8 15 64 64 89 33 71 45 19 28 91 7 33 19 52
42 67 67 45 8 7 53 53 22 8 88 33 57 23 23 67
42 35 23 77 89 84 35 89 35 57 55 4 22 89 22 53
84 52 4 42 22 91 88 91 91 52 54 72 19 88 84 46
57 64 24 4 24 64 51 46 4 23 51 88 48 21 55 72
19 55 54 10 55 48 54 51 46 48 24 76 10 54 48 72
72 5 93 90 46 90 36 93 93 24 93 81 21 36 82 17
10 79 21 10 60 47 28 79 44 60 76 77 77 76 79 60
76 17 21 60 81 28 36 17 82 47 28 79 82 20 27 17
82 5 81 36 47 65 58 63 47 81 63 20 65 77 58 27
92 80 27 27 63 58 9 58 63 80 18 44 34 18 92 9
9 41 92 11 80 18 39 92 9 3 39 18 3 5 83 41
