3 1 2 1 1 1 3 3 0 3 2 2 2 3 6 2
1 1 1 1 3 3 7 1 6 4 4 2 2 4 2 4
4 5 1 6 6 7 5 4 1 1 1 7 7 5 6 1
1 5 1 1 4 4 4 2 2 2 2 5 5 2 0 0
0 0 2 0 5 0 2 0 0 3 3 5 5 6 1 5
2 0 2 0 0 5 3 3 3 5 5 5 1 1 6 5
6 6 7 6 6 3 5 3 5 6 0 3 7 3 5 5
5 3 6 4 7 7 7 7 7 6 7 6 6 7 0 6
0 0 5 4 3 5 1 5 3 3 1 1 1 0 5 1
1 2 4 0 1 0 1 0 4 4 3 4 4 3 0 4
6 3 2 0 2 6 6 7 0 0 2 0 2 2 4 4
2 3 7 7 7 0 7 7 6 7 7 6 0 6 3 6
4 0 0 7 7 7 3 3 0 3 0 4 4 4 4 2
2 0 2 2 7 7 7 7 6 6 1 1 1 1 6 4
6 4 5 5 5 5 4 4 4 4 6 4 4 7 7 2
2 2 2 6 6 2 6 5 5 5 2 2 2 7 5 7
65 33 16 33 33 33 65 65 32 35 16 16 16 35 30 5
53 53 53 53 35 35 21 23 30 28 28 5 5 28 5 28
46 57 15 30 48 21 57 56 23 23 23 21 21 29 30 63
63 47 63 63 56 56 56 44 44 24 44 47 47 24 60 32
32 32 24 42 47 42 44 42 42 27 17 57 57 48 15 39
24 22 34 22 22 29 17 17 17 29 29 39 15 15 48 8
9 9 51 9 9 27 39 27 39 58 22 27 41 6 8 8
8 6 48 18 31 31 31 31 41 58 41 58 58 41 60 40
60 60 19 18 45 19 43 19 6 6 43 43 43 11 19 4
4 54 18 11 4 11 4 11 7 7 45 7 7 45 52 18
40 45 54 3 34 40 40 51 52 52 54 52 54 34 46 46
34 55 51 51 59 3 10 10 20 10 10 20 3 20 55 20
46 3 70 59 59 59 55 55 70 65 70 36 36 36 36 64
64 70 64 64 69 69 69 69 68 68 71 71 71 71 68 94
68 94 67 67 67 67 66 66 66 66 88 94 94 89 89 82
82 82 82 88 88 72 88 77 77 77 72 72 72 89 87 89
