0 0 0 0 1 3 4 4 4 4 1 1 1 3 2 3
3 5 2 2 5 5 5 6 6 6 7 2 2 7 6 4
4 4 2 2 2 2 6 3 1 7 6 6 6 6 7 7
7 7 3 1 1 6 1 5 1 5 5 4 5 5 0 5
5 3 3 1 2 2 2 1 0 1 7 7 7 1 3 0
0 1 1 1 5 3 1 3 3 3 7 3 2 2 4 2
3 2 3 5 1 5 5 5 4 7 7 7 4 4 4 4
4 4 5 5 5 0 0 0 0 0 0 0 2 2 2 2
7 6 5 5 5 4 5 3 3 3 7 0 7 6 7 5
7 7 7 6 6 0 6 7 7 7 7 0 0 3 3 0
0 2 3 4 4 4 4 3 0 4 6 6 6 1 1 0
2 5 1 0 0 2 2 2 2 5 5 5 1 0 3 0
4 1 7 7 7 7 0 2 2 2 5 0 0 6 6 1
5 6 6 1 4 4 4 4 6 4 5 5 2 2 6 5
4 2 5 5 0 6 0 1 1 4 1 3 1 3 3 3
1 7 7 7 1 5 1 1 3 3 3 3 0 2 4 0
3 3 3 3 4 6 7 7 7 7 4 4 4 6 5 6
6 8 5 5 8 8 8 9 9 9 10 5 16 10 9 56
56 56 44 44 44 44 30 45 15 21 20 30 30 30 31 31
31 31 27 15 15 68 71 19 15 19 19 28 29 29 22 29
19 27 27 63 16 16 16 23 22 23 21 21 21 23 93 11
11 71 71 71 87 65 91 65 65 65 89 93 92 92 94 92
93 92 93 95 91 87 87 87 94 89 89 89 84 84 84 84
94 94 95 95 95 90 60 11 70 60 60 60 24 24 24 24
59 88 77 77 77 66 77 45 45 45 10 11 59 88 79 67
79 79 79 68 68 70 68 69 69 69 69 70 70 75 75 90
22 64 75 36 36 36 36 75 22 56 20 20 20 43 43 52
54 47 43 90 90 82 82 82 82 47 47 47 91 42 27 42
46 91 51 51 51 51 32 54 54 54 57 32 32 88 88 33
57 48 48 33 76 76 66 76 48 76 67 67 64 64 48 57
66 64 67 57 42 58 42 81 81 66 81 55 23 55 55 55
81 59 10 59 33 29 63 33 35 35 35 35 32 72 18 80
