0 0 0 0 1 1 1 1 4 4 7 4 1 6 4 3
7 3 7 7 3 3 6 1 4 4 6 0 5 5 0 6
6 0 2 2 2 2 0 0 0 5 5 6 6 5 5 7
6 3 3 7 3 3 3 3 7 7 7 5 3 7 4 4
2 4 4 2 2 2 2 2 4 4 2 4 4 5 4 3
3 3 1 4 4 4 4 7 7 7 5 5 7 7 6 6
2 3 1 5 5 5 5 0 0 0 0 2 5 5 5 6
2 2 2 1 2 2 1 1 5 7 5 5 7 7 5 7
1 1 1 6 6 0 1 1 1 1 3 4 4 4 4 7
7 7 7 5 0 0 0 6 0 6 6 3 3 3 3 7
7 7 7 6 6 3 3 3 4 4 4 5 5 4 3 3
5 5 5 5 6 6 5 2 2 2 6 3 1 1 1 1
1 0 0 0 7 0 0 0 7 7 5 2 2 2 7 7
4 3 4 4 2 5 3 5 5 5 2 2 6 5 3 3
6 3 3 3 3 3 7 0 5 5 0 1 1 3 3 3
3 1 1 6 4 4 4 3 1 6 6 5 4 4 4 1
3 3 3 3 4 4 4 4 7 7 10 7 43 9 7 6
10 6 10 10 6 6 9 15 18 46 30 22 77 77 22 30
30 11 5 5 5 5 11 11 11 8 8 9 9 8 8 69
20 17 17 21 55 55 55 55 51 51 51 95 17 51 56 56
54 56 56 92 92 92 16 16 66 66 16 66 66 67 28 45
45 45 15 36 46 46 46 21 21 21 29 29 41 41 58 20
24 35 53 47 47 47 47 32 32 32 32 54 39 19 19 30
34 34 34 23 54 54 15 15 39 31 19 19 31 31 57 31
23 23 23 78 78 42 91 91 91 91 93 94 94 94 94 89
89 89 89 87 90 90 90 88 90 88 88 75 75 75 75 79
79 79 79 78 78 93 93 93 84 84 84 87 87 84 35 35
87 95 95 95 20 20 77 24 24 24 88 17 43 33 33 33
33 52 52 52 59 42 42 42 41 41 39 64 64 64 59 59
18 35 18 18 92 39 83 57 57 57 44 44 40 67 83 83
48 83 65 65 65 65 59 22 67 67 52 81 63 27 27 27
27 53 53 48 36 36 36 45 53 48 48 77 28 28 28 81
