0 1 1 1 1 3 3 0 0 0 4 0 3 3 7 4
4 7 7 7 4 7 4 7 1 4 1 2 2 1 6 7
7 0 0 4 4 2 1 6 1 6 6 2 0 1 1 1
6 5 6 5 6 0 0 0 6 6 6 6 5 5 5 5
5 1 2 6 1 2 2 0 2 3 0 1 1 7 7 2
2 5 5 2 1 5 5 1 1 2 1 4 3 2 4 4
3 4 6 6 7 7 3 7 7 2 6 6 4 4 3 6
0 0 7 7 0 1 0 0 5 0 0 7 0 0 0 4
7 4 0 7 7 4 4 4 6 4 3 4 3 3 3 3
6 6 5 5 3 6 3 6 3 6 5 6 1 5 5 5
1 5 4 1 6 3 3 6 3 6 2 6 2 2 2 5
5 4 4 0 0 0 0 7 7 7 7 5 1 2 2 6
5 5 2 2 2 0 2 1 0 3 0 0 2 1 1 5
5 5 5 3 6 6 5 6 1 5 5 2 5 3 2 2
3 3 7 0 7 1 1 1 2 7 2 4 7 4 4 4
3 3 3 3 2 6 6 6 2 0 6 4 0 3 3 3
22 23 23 23 23 17 17 22 52 22 28 22 17 17 21 56
56 21 21 21 28 31 28 31 4 28 4 5 5 4 58 31
31 3 3 56 56 5 63 58 63 58 58 5 3 4 63 15
88 57 88 57 88 52 52 52 20 20 20 20 57 57 8 8
8 53 24 88 63 24 24 60 24 6 3 15 15 59 59 16
92 8 87 92 53 87 87 53 53 16 15 46 6 16 18 46
6 18 48 48 51 51 6 51 51 16 48 40 36 36 27 48
60 60 41 41 60 33 42 42 29 11 42 59 11 11 42 18
59 18 11 41 41 7 7 7 40 7 55 36 27 27 27 35
9 40 19 29 35 9 35 9 35 9 19 40 33 29 29 19
33 19 36 33 30 55 55 30 55 30 54 30 54 54 54 87
95 46 46 32 32 32 32 10 89 89 89 95 43 44 34 68
95 95 92 44 44 80 44 43 80 65 80 80 34 43 43 39
39 39 39 45 68 68 47 68 71 47 47 34 47 45 64 34
45 45 10 70 10 71 71 71 64 89 92 84 10 84 84 84
93 93 93 93 64 78 78 78 64 70 78 94 70 75 83 83
