0 4 4 1 2 5 4 6 7 0 5 7 0 4 2 0
2 3 2 2 0 7 4 0 1 0 0 0 1 4 3 4
1 4 3 5 4 1 2 7 4 0 2 1 2 6 4 2
7 4 3 5 3 3 6 4 7 7 5 5 6 1 7 2
6 4 5 1 1 7 1 5 0 4 1 3 0 2 0 0
6 7 1 6 6 0 1 3 3 1 3 2 1 0 5 0
1 3 2 3 0 2 7 1 6 2 2 6 0 2 1 6
1 2 1 5 2 5 3 2 3 2 6 3 5 6 6 2
7 7 5 2 3 6 6 6 6 2 1 1 6 5 2 5
0 0 0 0 5 5 3 3 0 4 0 0 7 0 0 4
4 4 6 6 6 7 2 7 6 4 6 7 5 5 7 4
5 1 6 5 4 6 3 4 5 0 2 2 2 5 1 3
6 5 6 5 7 0 4 6 7 2 5 2 7 6 5 2
0 4 7 7 5 7 1 7 6 6 7 1 3 3 7 1
0 1 1 5 1 4 4 4 3 0 5 6 6 3 7 6
0 1 4 7 7 4 1 7 5 6 7 7 3 0 7 3
3 36 7 4 5 8 7 9 10 11 8 10 11 7 16 11
54 17 54 5 60 10 46 60 43 60 32 60 33 28 65 36
71 56 65 19 56 71 34 59 66 42 34 4 16 40 56 16
21 66 35 29 6 6 40 56 59 21 47 47 40 15 21 54
40 66 29 15 15 59 53 39 22 66 15 35 22 16 3 3
68 59 43 58 20 42 23 17 35 23 27 24 43 42 39 3
43 17 44 27 52 54 10 23 68 24 44 9 52 24 33 9
23 5 33 39 24 39 93 44 17 44 20 45 19 58 78 92
69 89 57 5 35 30 30 30 68 34 4 4 20 19 34 8
70 22 22 11 29 8 27 27 32 7 52 52 31 32 32 28
36 36 48 88 48 31 64 69 88 84 20 31 67 47 31 28
87 33 78 19 28 9 93 84 57 70 64 64 82 57 71 45
78 57 78 67 51 70 18 88 51 64 67 82 51 30 77 82
70 76 51 89 95 79 91 89 48 48 79 71 6 6 21 81
90 53 53 67 53 46 46 84 55 90 77 58 58 83 41 68
42 91 84 41 79 46 63 41 29 88 69 69 83 90 89 83
