4 4 3 3 1 2 2 4 2 1 1 1 5 4 2 1
0 1 0 2 0 0 0 0 3 2 6 6 0 6 0 2
1 3 3 5 7 7 2 4 7 2 5 5 1 5 4 2
2 5 3 1 2 1 0 6 1 6 1 0 4 5 7 7
1 7 4 3 0 2 6 3 1 3 1 7 2 5 6 0
5 0 5 0 1 0 2 3 5 0 2 5 0 3 5 2
1 1 7 5 5 1 1 7 7 1 7 6 6 7 6 6
6 2 6 6 6 6 6 6 5 3 4 1 3 7 3 3
0 2 6 2 6 5 2 4 4 2 5 2 0 2 5 1
1 5 0 1 1 0 3 0 6 7 4 4 4 6 4 1
6 4 4 6 3 7 7 0 4 3 1 5 2 4 7 3
5 6 6 3 7 7 1 4 5 4 4 0 4 7 1 0
3 7 6 3 1 3 0 5 3 5 0 3 1 6 3 4
6 4 7 7 7 3 0 7 6 3 7 7 7 7 3 4
7 7 0 6 5 1 5 0 1 0 5 1 6 3 4 6
3 1 2 0 7 6 0 5 4 5 5 5 6 0 7 3
7 7 6 6 4 5 5 7 5 4 4 4 8 7 5 15
70 15 3 16 70 70 70 11 17 16 40 9 11 20 22 54
53 17 17 19 21 21 44 18 21 44 19 57 53 57 46 54
54 67 45 43 44 43 3 48 71 40 23 42 56 19 21 59
23 59 56 45 3 44 20 6 15 6 15 10 54 29 20 3
39 42 19 11 53 42 16 45 57 42 16 57 11 45 39 64
43 33 31 67 29 33 33 31 31 33 31 58 30 10 30 30
48 34 58 58 48 48 30 58 8 17 46 43 27 51 35 35
32 34 40 34 40 39 34 46 46 64 39 64 32 64 29 63
23 29 32 63 63 90 27 52 9 10 66 56 66 9 56 63
9 66 76 88 35 59 59 32 66 27 23 47 72 76 89 27
87 78 78 75 69 69 71 84 87 18 18 52 18 10 71 52
75 69 78 65 71 65 22 8 65 8 22 55 81 88 65 36
68 76 79 89 41 55 22 89 78 55 51 51 51 41 55 36
41 41 52 20 47 53 95 60 91 90 77 91 88 83 28 68
93 91 92 60 79 68 80 77 36 95 87 95 68 90 89 83
