7 2 6 6 5 0 1 2 5 6 4 4 2 2 5 6
7 6 2 3 0 7 6 0 2 2 0 4 5 0 5 3
6 1 7 1 4 3 2 2 5 5 7 3 2 7 0 0
3 3 1 7 1 4 1 1 5 1 4 5 6 4 7 2
3 0 5 4 3 3 0 1 4 7 1 0 4 5 0 0
0 7 7 6 6 7 7 4 3 2 1 4 2 4 0 0
7 5 7 0 5 3 3 1 0 0 5 1 4 2 2 0
2 3 3 3 2 5 6 1 3 4 5 4 0 2 5 5
4 1 6 5 1 6 2 7 0 5 6 3 7 1 7 4
7 2 0 0 0 0 0 3 2 2 5 5 7 2 0 5
2 4 6 4 3 7 6 7 5 1 4 1 4 0 7 7
1 6 4 2 5 1 4 4 1 4 4 4 4 6 5 7
4 1 1 5 3 3 5 5 1 6 4 1 4 1 1 5
3 2 6 4 4 6 0 1 2 7 7 5 4 5 1 3
0 3 3 3 7 5 7 0 3 3 5 3 0 1 1 3
3 3 2 6 6 4 0 0 3 7 5 3 3 0 1 7
10 16 9 88 77 42 81 72 77 9 76 76 72 16 47 48
21 30 34 6 3 10 68 22 16 16 42 56 77 32 77 35
40 33 69 53 46 55 5 34 8 8 89 45 34 21 11 22
83 83 53 51 53 28 53 15 87 43 36 47 58 18 21 64
65 70 29 46 83 83 11 23 76 59 15 70 76 47 32 32
52 79 79 78 30 79 79 56 93 54 71 7 82 36 3 3
21 29 59 3 29 17 17 91 22 22 57 63 28 24 44 80
44 35 27 55 92 19 88 33 27 56 95 28 52 64 95 67
28 43 58 95 4 30 24 31 11 19 30 17 51 63 31 18
41 54 32 90 90 90 90 17 24 64 67 67 31 44 60 67
64 66 68 84 35 89 68 51 29 4 56 4 18 70 59 59
15 68 36 24 8 23 36 94 15 84 94 94 18 48 19 31
66 91 91 8 27 27 19 47 91 48 46 33 66 23 43 87
35 34 20 84 84 58 11 33 72 69 69 57 7 57 71 6
42 55 6 55 89 95 51 52 75 6 57 65 60 63 71 75
75 93 54 48 58 94 80 52 65 41 87 65 75 80 23 41
