7 6 3 4 0 5 4 2 2 5 7 7 4 4 6 5
3 3 7 3 0 5 0 0 2 6 6 6 5 4 0 5
3 3 2 5 0 5 7 3 0 6 0 6 3 1 6 5
7 6 2 0 2 2 2 0 7 3 3 5 3 3 4 0
4 0 7 0 0 7 6 2 3 6 2 5 3 0 6 5
6 0 1 0 3 6 5 7 3 1 7 1 2 2 6 2
3 5 1 6 0 4 4 6 5 4 6 0 6 2 4 6
5 1 0 0 1 2 2 0 1 7 0 6 1 1 3 0
0 6 1 6 6 1 2 0 6 0 6 0 5 5 7 7
7 1 1 7 4 0 4 4 1 7 1 5 7 1 1 5
4 4 5 4 7 7 6 7 7 4 1 1 1 7 6 1
7 5 5 5 7 7 1 3 1 6 2 4 4 3 1 5
1 3 1 5 1 2 5 7 1 2 0 2 1 6 5 5
3 1 0 1 1 2 0 4 7 0 7 6 3 6 4 1
5 5 3 7 5 1 5 4 7 0 3 3 2 4 3 6
6 1 1 3 7 3 3 3 6 3 0 4 3 5 2 6
51 20 27 56 60 39 7 72 24 95 10 21 28 7 78 47
55 83 79 83 32 8 80 80 16 30 58 40 19 28 42 47
45 45 92 19 52 29 59 6 52 9 52 30 45 4 48 19
51 48 44 52 54 16 16 90 59 55 27 57 27 27 28 60
36 60 51 60 11 31 40 5 45 58 16 57 55 42 58 67
68 42 43 42 83 58 77 21 35 33 51 33 24 24 30 64
55 57 53 48 70 56 7 48 57 7 20 22 20 44 56 20
29 71 22 70 43 5 5 70 53 10 11 68 15 71 65 3
70 88 71 88 68 71 5 3 68 3 30 11 29 29 10 31
31 33 33 10 66 11 28 36 23 21 23 47 89 23 23 19
84 84 47 84 89 89 40 89 59 84 15 81 15 21 40 15
59 95 95 67 41 31 63 35 63 88 44 36 36 35 63 95
53 35 43 67 91 34 39 69 91 64 22 64 53 88 39 87
83 63 32 43 4 54 32 66 69 32 69 9 6 78 66 81
87 67 17 69 87 4 87 66 41 90 6 65 64 18 17 9
9 91 4 17 79 93 65 17 78 6 22 18 65 8 34 78
