3 1 1 1 2 2 0 3 1 1 1 2 2 3 1 1
1 1 1 2 1 2 2 2 0 3 3 3 3 3 1 3
0 0 3 3 3 3 2 2 2 2 2 2 0 1 2 0
1 2 2 2 0 2 0 1 0 0 1 1 1 2 0 2
1 2 1 1 1 1 1 0 1 1 1 1 2 0 0 1
2 2 2 2 0 1 2 0 1 3 2 2 1 1 2 1
0 1 0 3 0 1 0 1 3 3 3 2 0 3 0 3
3 2 0 2 3 0 0 3 2 3 2 1 2 3 3 0
0 2 0 0 2 2 0 0 1 2 0 3 1 2 2 0
0 3 3 0 3 3 2 2 1 1 1 0 1 3 3 3
3 3 3 1 3 3 3 2 3 3 3 2 1 2 0 2
3 0 3 2 3 3 1 2 2 2 3 2 2 2 0 2
3 3 0 2 2 0 3 3 1 2 1 2 0 0 0 0
2 0 1 1 0 0 0 1 0 3 2 3 1 0 3 3
3 3 0 3 2 1 3 2 0 1 1 1 1 1 3 0
0 0 1 3 3 1 0 3 1 1 3 1 0 0 0 1
46 31 31 63 52 26 27 37 31 31 31 35 17 23 13 13
13 13 13 19 48 35 35 35 25 37 37 37 46 37 38 46
18 27 46 46 30 30 58 26 26 58 26 2 41 38 26 41
38 58 2 58 18 58 41 32 41 41 38 38 22 2 18 51
45 36 45 32 45 45 45 18 32 32 32 61 2 28 57 22
2 51 36 51 44 61 51 18 22 40 19 51 47 22 36 22
57 61 57 40 44 61 57 61 62 40 40 19 44 40 44 55
55 35 25 17 39 44 57 53 36 21 36 63 49 62 23 27
34 17 27 27 49 49 28 28 47 20 25 23 47 49 49 50
12 55 53 25 39 55 19 19 16 16 47 25 47 23 21 62
53 53 55 29 14 39 62 17 23 14 62 17 29 20 28 20
53 28 14 33 39 14 16 33 33 33 39 52 33 42 12 20
21 14 60 42 42 34 21 21 63 20 29 42 34 34 12 50
42 60 16 63 34 60 60 63 60 24 52 30 15 12 24 24
24 24 50 56 52 29 56 52 3 48 15 15 48 16 30 50
50 12 15 56 30 29 59 56 15 48 56 48 3 59 43 54
