1 1 1 1 1 0 0 3 0 1 0 0 1 0 3 1
3 3 1 2 1 2 2 2 3 3 3 3 2 3 3 3
2 3 3 0 3 0 2 0 0 3 3 3 3 0 3 0
3 3 3 3 2 3 1 2 0 2 1 3 0 1 2 3
0 3 0 2 1 2 2 3 0 2 3 2 2 2 1 2
0 2 3 1 1 1 3 3 1 2 1 1 0 3 2 0
2 2 3 1 2 0 3 3 3 0 3 3 3 2 1 1
2 2 3 1 3 2 3 1 2 1 1 1 2 1 2 3
3 1 2 0 2 2 2 0 0 0 1 2 3 3 1 1
2 2 0 3 2 3 0 2 3 1 1 1 0 0 2 1
0 0 2 2 1 2 1 0 1 1 0 0 3 1 1 0
1 0 0 0 0 1 0 0 0 0 0 1 2 1 0 0
2 0 3 1 2 3 1 3 0 1 1 1 1 2 0 2
3 0 1 2 1 2 1 1 2 2 1 2 2 0 0 0
1 0 0 2 1 0 2 3 2 0 2 0 0 0 1 2
2 0 0 0 0 0 3 0 1 0 3 3 3 2 3 1
31 31 31 31 31 25 25 40 25 29 25 57 29 25 40 29
40 40 29 33 29 52 42 52 40 62 62 62 33 56 56 62
52 56 62 12 56 12 42 12 59 37 53 37 37 12 37 12
56 37 24 14 33 14 15 33 59 33 15 14 59 15 35 53
59 14 59 51 15 35 42 24 57 35 53 35 52 35 45 42
57 42 14 45 15 45 53 53 22 2 45 13 57 23 19 43
2 2 23 45 2 43 55 24 55 57 55 24 46 2 22 48
51 51 23 13 23 51 24 13 17 38 13 38 17 48 52 46
55 13 26 41 17 17 51 28 43 41 22 17 23 46 22 22
19 26 43 55 19 46 43 19 46 48 61 61 3 60 26 61
27 60 19 26 38 26 38 28 61 48 3 3 21 38 61 28
48 3 27 3 27 47 28 60 44 60 28 47 49 63 27 60
36 27 21 47 49 21 54 21 44 47 63 54 63 20 18 49
21 41 47 36 54 49 54 63 36 20 63 36 49 50 18 41
54 41 34 36 32 34 58 39 58 34 58 44 50 18 32 58
58 18 34 18 34 50 39 50 32 50 39 39 39 20 30 32
