0 0 0 1 0 1 1 0 1 3 1 1 1 2 1 1
1 1 1 3 3 3 3 2 2 0 3 0 0 3 0 3
0 0 0 3 0 0 3 1 2 3 3 0 3 1 1 3
3 3 2 1 3 3 2 3 3 3 3 2 2 2 3 3
2 1 3 3 0 3 0 0 0 0 3 3 1 2 1 1
2 2 3 2 2 2 2 2 1 1 1 1 1 1 1 1
1 1 2 1 1 1 1 3 3 0 2 3 3 1 1 1
1 1 1 1 1 1 3 3 1 3 3 3 3 2 3 3
0 0 2 2 0 0 0 0 1 1 0 1 2 2 1 0
0 2 0 0 0 0 0 1 0 0 0 0 0 0 0 0
0 0 0 0 2 0 2 2 2 0 1 0 0 0 0 1
0 0 0 0 0 0 1 2 2 2 2 1 2 2 3 3
3 3 3 3 3 2 1 1 1 2 1 1 2 2 3 3
0 2 2 0 0 2 1 2 2 2 2 2 1 2 2 2
1 2 2 2 3 2 2 2 1 3 3 3 2 0 2 0
1 2 1 0 1 3 1 1 3 3 1 3 2 3 2 2
12 12 12 48 12 16 16 12 16 37 16 16 13 17 45 13
13 13 13 23 53 23 23 35 35 44 30 44 50 23 44 56
50 44 28 14 50 44 56 48 35 21 56 57 53 47 47 53
53 53 17 47 37 30 35 37 21 21 23 17 35 17 37 37
17 47 30 30 57 30 57 57 57 50 21 21 47 42 38 29
42 42 24 42 42 26 26 26 61 61 61 61 61 15 29 15
29 15 51 15 15 29 38 24 24 50 51 24 24 63 38 29
38 38 63 63 63 63 39 56 48 56 39 55 39 2 39 39
41 34 51 33 27 27 25 25 32 32 34 48 26 26 48 27
25 33 27 25 25 27 43 22 34 34 3 43 43 43 28 3
3 28 28 18 52 43 52 52 52 60 32 60 60 60 60 22
41 18 41 28 41 41 22 58 51 58 58 22 58 58 40 40
14 14 40 14 14 19 31 32 31 19 31 31 19 19 40 40
34 2 19 3 3 2 22 2 52 2 33 49 31 33 51 33
32 20 20 20 62 20 20 49 54 62 62 62 49 18 49 18
54 49 45 18 54 62 54 45 55 55 54 55 36 46 36 36
