0 0 2 2 1 1 1 1 1 0 0 0 2 2 2 0
0 0 3 0 0 0 3 3 3 3 2 0 3 1 0 2
3 1 1 1 1 1 2 2 3 3 1 0 0 2 2 2
1 3 1 1 1 1 1 1 3 0 2 2 0 0 0 0
0 0 2 2 2 2 1 1 1 3 3 3 3 2 3 3
3 3 3 1 1 3 3 3 3 3 1 3 3 0 0 0
2 2 0 0 3 3 2 2 2 2 3 3 0 0 0 0
0 1 1 1 0 0 0 0 0 0 0 1 0 1 2 1
1 0 1 1 1 1 2 0 0 1 1 1 0 0 0 0
0 0 0 2 2 3 0 3 2 0 2 3 1 3 1 3
3 1 1 1 3 3 3 3 0 3 0 0 3 2 0 0
2 0 2 2 2 2 2 0 0 3 3 3 3 2 2 2
2 2 2 2 2 3 3 3 3 1 1 1 3 1 1 1
3 3 3 2 3 1 1 1 1 3 0 3 3 0 2 2
3 2 2 0 0 0 1 1 3 3 3 3 3 1 1 0
1 0 0 1 0 0 1 2 2 2 2 2 1 1 1 1
28 60 20 20 16 16 16 16 16 44 44 44 20 20 20 28
44 28 56 12 28 12 56 56 56 56 2 60 30 45 25 36
40 48 48 48 48 48 2 2 40 21 22 28 43 19 19 19
29 39 54 54 54 54 54 61 62 3 2 2 50 50 50 3
50 50 58 58 58 58 63 63 63 55 55 55 55 58 62 62
62 62 37 61 61 23 23 23 23 40 61 37 23 60 60 60
19 19 57 57 21 21 33 33 33 33 21 21 43 43 12 12
12 22 22 22 18 18 18 18 3 3 3 61 43 32 33 32
32 59 32 32 47 47 35 25 25 47 47 47 25 59 59 59
44 25 59 35 35 24 57 24 35 43 35 55 15 24 15 40
24 15 15 15 24 37 37 37 57 40 57 27 30 52 27 27
17 18 51 51 51 51 51 27 27 39 39 39 39 17 17 17
17 52 52 52 52 14 14 30 30 13 13 13 14 13 13 22
14 30 14 42 53 29 29 29 29 53 41 53 53 41 42 42
53 42 42 41 41 41 63 31 46 46 46 46 46 38 38 34
38 34 34 38 34 34 38 26 26 26 26 26 63 31 31 31
