3 3 3 3 3 0 2 2 2 2 2 0 0 2 2 1
2 1 3 2 2 3 3 3 3 3 1 1 1 3 1 3
3 3 1 2 1 1 0 2 0 0 0 0 0 3 3 0
1 1 0 3 1 2 3 3 3 3 3 3 0 0 0 0
0 3 1 3 0 1 1 1 1 1 1 1 3 2 3 3
3 3 2 2 1 2 2 2 2 2 2 2 2 2 2 2
1 1 3 0 1 1 2 2 3 1 3 3 0 0 0 0
1 1 1 2 2 1 1 1 0 0 0 0 0 3 2 0
2 2 2 2 2 2 3 3 3 3 1 1 1 0 0 0
3 0 0 0 0 0 1 1 1 1 1 0 1 1 0 0
0 1 1 1 1 1 2 0 3 3 3 3 3 3 3 2
2 2 3 3 3 2 2 2 0 0 0 1 0 1 2 1
2 2 2 2 3 3 2 2 2 0 0 0 0 2 1 1
0 1 1 3 1 1 1 1 1 1 2 3 3 3 3 1
1 0 3 3 0 3 3 2 2 2 2 0 0 0 3 3
0 0 0 2 2 2 2 1 1 1 1 1 0 0 0 0
24 24 24 24 24 60 52 52 52 52 52 60 12 35 35 63
35 63 21 35 35 21 39 21 21 21 16 16 16 39 16 39
39 39 16 26 54 54 59 17 3 59 59 59 59 55 55 27
15 15 57 23 22 17 23 46 46 46 46 46 41 41 41 41
41 30 47 23 60 22 22 22 22 15 15 15 56 58 56 56
56 56 51 51 54 36 36 36 36 36 51 51 51 42 42 42
31 31 14 27 31 31 33 33 55 45 55 55 18 27 27 27
29 31 61 2 20 47 29 29 57 57 57 57 18 23 42 18
19 19 2 2 2 2 62 62 62 62 61 61 61 25 25 25
62 43 43 43 43 43 45 45 45 45 47 44 47 47 44 44
44 38 38 38 38 38 42 44 53 53 53 40 40 53 53 49
49 49 40 40 40 49 49 58 50 50 50 61 34 54 20 32
58 58 58 20 37 37 33 33 33 18 18 50 50 20 63 63
25 32 54 37 48 48 48 48 48 63 20 30 30 30 30 29
29 12 14 14 25 14 14 26 17 17 17 12 12 12 37 37
60 60 34 26 19 26 26 13 13 13 13 13 3 3 3 3
