2 1 2 2 2 2 2 2 2 2 3 3 1 2 0 0
0 1 1 1 1 3 1 1 3 3 3 3 3 0 3 1
1 1 1 0 0 2 3 2 0 3 0 3 2 2 3 2
3 2 2 2 2 2 2 3 3 3 3 3 3 0 3 0
3 0 3 0 0 3 3 0 3 1 0 0 0 3 3 0
2 2 1 1 0 1 0 3 0 0 0 0 0 2 2 3
2 2 1 0 1 2 2 0 0 0 1 1 1 1 3 1
1 1 1 1 1 1 1 1 2 1 1 1 0 0 2 2
1 0 1 0 2 0 0 0 2 2 2 3 0 0 2 2
2 2 2 2 2 3 1 3 2 3 3 2 3 2 2 2
2 2 2 1 1 2 1 3 3 3 3 2 2 2 2 1
3 0 3 2 0 2 2 2 0 0 0 0 0 0 0 0
0 3 3 0 1 1 0 1 0 1 1 3 0 0 3 0
1 1 3 0 0 1 3 1 1 3 2 1 1 1 1 1
1 2 2 1 2 1 1 0 3 3 3 0 0 2 3 3
0 0 0 0 0 3 3 3 3 3 0 3 1 3 0 0
33 13 17 33 33 33 17 17 17 17 24 24 32 33 25 25
25 13 32 13 48 24 13 13 21 37 24 37 24 25 21 48
32 32 32 25 34 58 40 19 34 40 34 21 58 58 40 19
40 26 26 26 26 58 26 23 21 23 23 23 23 28 21 28
56 28 56 50 18 37 37 57 37 16 57 28 28 56 56 57
49 49 48 48 12 48 57 56 57 12 12 12 12 52 52 53
52 58 22 50 22 49 49 50 50 50 15 15 63 22 40 63
63 63 22 22 15 15 15 63 49 31 31 31 3 3 52 52
31 3 31 3 20 3 18 18 19 19 19 62 18 18 35 2
2 2 2 2 35 14 38 14 35 14 14 42 14 20 20 51
20 51 20 16 16 51 16 30 30 62 62 35 51 35 51 16
30 27 30 42 27 42 42 42 60 60 41 60 41 59 41 41
59 62 62 59 38 38 59 38 41 54 38 53 27 27 53 60
29 29 53 60 59 29 30 29 29 53 36 61 61 54 54 61
54 36 36 54 36 61 61 34 55 55 55 27 34 36 55 55
44 44 44 44 44 46 46 46 46 46 43 39 47 39 43 43
