0 1 3 1 2 3 0 3 3 1 3 1 1 2 1 0
2 1 2 0 1 2 2 0 0 3 1 3 0 0 1 1
3 0 2 1 3 1 2 1 2 0 2 2 0 2 1 2
2 2 2 0 1 2 1 3 3 3 3 3 3 1 3 0
3 2 3 0 0 0 1 3 1 0 2 0 0 0 2 1
2 0 2 0 3 3 1 3 2 0 0 1 1 2 1 3
2 2 2 1 1 1 0 0 0 3 3 0 2 1 3 2
1 0 0 1 3 2 3 3 1 3 3 2 1 1 1 3
1 1 1 2 3 1 1 0 3 2 0 3 1 0 2 0
2 1 0 3 1 1 3 1 3 3 2 0 1 1 1 3
0 3 1 2 3 3 1 1 2 2 0 1 0 3 0 0
0 2 0 2 0 1 1 2 0 1 3 2 1 1 3 2
2 2 2 2 2 2 0 2 1 1 2 2 1 2 3 1
2 0 1 2 0 2 1 1 3 3 3 0 3 0 0 2
0 2 0 2 1 3 2 0 0 1 1 1 2 0 3 3
0 3 3 3 3 3 3 0 0 3 3 3 2 0 3 2
34 22 55 32 26 62 12 62 23 13 40 29 38 19 63 25
36 16 19 34 15 52 52 59 34 30 29 46 57 44 47 54
30 27 58 38 56 31 2 29 17 44 49 36 34 49 29 36
36 20 33 27 45 52 15 24 24 30 37 21 37 22 21 3
30 42 37 3 12 44 47 30 22 43 36 44 43 12 17 32
35 27 49 27 62 62 54 56 26 12 27 32 29 42 54 46
17 17 20 54 45 54 43 34 41 24 24 41 33 48 62 58
48 25 44 16 24 58 55 55 22 56 53 58 63 31 31 55
13 13 61 58 55 13 22 25 56 51 25 37 61 3 42 3
17 45 60 46 63 45 53 48 21 53 19 57 47 47 13 14
57 21 16 33 14 37 48 47 42 49 3 48 12 21 50 41
59 42 41 20 41 15 63 33 25 63 39 20 61 15 46 19
51 35 51 51 51 52 59 35 31 32 49 33 15 35 56 38
2 57 31 52 50 35 38 38 40 40 46 57 39 18 43 26
18 20 43 26 45 39 26 18 50 16 16 61 19 18 39 39
60 23 14 14 23 14 53 60 18 53 40 23 2 28 40 2
