2 2 0 3 3 3 3 1 2 1 1 1 1 1 0 2
0 2 1 2 0 3 0 3 0 3 1 2 0 1 2 0
1 0 3 0 0 3 2 0 3 1 2 3 3 1 3 2
2 3 3 3 3 3 2 3 1 1 0 2 0 0 3 3
3 1 2 1 2 2 3 2 1 0 1 0 1 3 3 1
1 0 0 0 3 1 1 2 1 0 2 2 2 0 1 0
2 3 0 3 1 3 0 3 1 3 2 2 3 2 2 3
1 1 0 2 1 0 3 0 3 2 2 0 0 0 0 2
2 3 1 0 3 3 0 0 0 0 0 2 1 1 1 0
2 3 1 2 3 1 3 1 2 3 1 1 0 3 3 0
0 2 3 1 3 3 2 3 1 2 0 2 3 1 1 1
3 0 1 2 3 1 1 1 1 3 2 1 0 1 2 1
1 1 2 1 3 0 2 0 0 0 3 2 0 1 0 0
2 0 0 0 3 1 1 3 1 0 2 0 3 3 3 2
2 0 2 0 2 0 0 0 1 2 3 0 2 1 2 2
2 1 2 0 2 0 3 0 0 1 2 2 1 2 2 2
51 20 27 56 39 37 53 29 51 31 13 22 15 45 59 58
34 42 63 35 3 39 50 37 12 24 31 33 57 13 51 44
29 3 23 57 28 14 58 27 14 15 17 24 23 32 46 36
42 24 55 62 24 62 58 56 31 29 43 42 44 18 21 14
14 29 58 29 35 20 53 35 22 12 15 41 16 37 37 16
13 59 50 3 14 31 31 52 47 12 52 58 52 3 38 3
52 46 18 55 15 55 18 62 15 23 36 20 46 36 36 37
48 48 57 20 48 57 24 28 30 51 51 27 12 44 59 26
26 23 61 34 62 30 44 12 34 59 59 26 38 38 38 50
52 53 22 26 23 61 53 47 49 53 13 13 41 40 39 41
57 42 46 38 55 55 49 46 47 49 41 49 39 47 63 63
56 41 47 42 21 16 63 32 63 30 19 22 25 32 19 48
32 22 26 48 40 43 33 43 50 44 56 33 34 54 27 50
35 34 18 18 21 54 61 39 61 27 36 60 21 30 21 17
17 25 17 25 33 25 25 60 61 20 56 28 2 45 19 35
2 45 2 28 19 60 62 43 43 16 2 2 16 49 19 33
