0 2 1 3 0 0 1 1 0 2 1 2 0 1 3 1
3 0 0 1 0 1 1 1 2 0 1 1 2 0 3 3
3 0 3 3 2 0 2 1 1 1 1 2 2 2 1 2
0 2 2 2 0 1 2 3 1 3 2 1 0 0 3 1
2 2 1 2 2 3 3 1 1 3 0 2 3 1 3 2
0 2 2 1 0 1 0 0 2 3 3 2 1 2 3 3
2 2 2 2 3 0 1 0 1 1 3 1 2 2 1 1
3 1 1 3 0 2 1 2 3 1 3 2 1 2 0 1
1 1 0 2 2 1 0 0 2 0 0 0 3 2 3 0
0 1 0 0 1 1 0 3 1 2 2 1 3 0 0 2
2 0 0 0 1 3 2 1 2 2 3 2 0 2 0 0
1 1 3 2 3 0 3 1 3 3 2 0 1 3 3 0
0 2 3 0 3 0 0 2 2 3 3 2 0 3 3 0
3 0 1 3 0 1 1 0 3 3 0 3 2 1 3 0
3 3 2 1 3 3 0 3 0 3 0 1 1 3 1 1
1 3 3 0 2 1 3 3 1 2 2 3 2 2 0 0
28 36 22 21 12 50 63 31 50 26 45 2 60 61 53 15
53 44 3 29 60 45 48 61 2 34 22 22 33 18 24 53
53 25 24 37 35 41 2 29 16 15 32 33 17 33 54 52
28 58 33 52 28 29 52 37 16 24 51 29 44 28 21 47
36 58 54 2 51 24 56 32 16 40 3 36 30 38 24 35
27 42 49 38 34 38 12 27 33 23 37 17 16 42 39 21
52 58 52 2 30 57 38 34 38 32 53 29 49 35 13 13
56 63 13 56 12 26 15 36 21 15 55 19 63 51 12 48
16 22 43 26 58 63 28 44 58 18 60 12 14 35 55 60
18 54 27 41 47 47 27 30 32 26 19 63 55 43 60 19
35 41 41 57 48 62 49 32 36 49 62 49 18 26 43 27
15 22 23 42 56 3 21 48 56 23 51 57 48 40 39 3
3 20 37 57 40 50 59 19 51 40 37 20 57 30 39 50
23 34 31 62 50 54 54 18 46 40 41 14 19 31 23 43
62 62 17 47 30 39 43 14 44 14 44 47 13 14 61 13
61 46 46 59 20 31 46 39 61 42 17 46 20 42 59 25
