1 2 5 5 5 5 1 6 1 1 6 7 6 6 6 6
6 6 7 1 4 3 3 3 3 3 1 1 1 1 3 3
7 3 1 1 1 6 7 7 4 6 5 6 0 6 7 0
0 4 0 0 2 5 4 0 5 5 5 0 7 5 4 0
6 4 2 2 5 2 1 2 2 3 6 2 4 4 5 2
2 5 3 7 2 6 1 1 7 7 1 4 1 6 3 4
6 5 1 0 3 1 1 4 1 6 1 7 6 4 3 3
3 4 1 7 2 2 6 3 3 3 3 3 3 1 4 3
0 0 4 6 6 0 5 4 6 6 3 0 6 0 6 6
3 2 2 2 2 2 3 3 4 5 4 2 7 4 7 3
6 2 0 5 0 3 2 2 0 3 0 4 3 0 7 4
4 5 3 2 5 2 5 2 1 3 0 7 3 4 7 4
3 6 0 5 0 1 4 7 0 3 0 4 7 5 5 7
5 4 0 4 7 1 1 0 4 5 6 5 5 5 5 1
5 4 5 4 0 0 4 5 5 5 4 4 0 0 4 1
0 5 1 1 7 1 2 6 1 1 7 1 7 6 7 5
71 5 47 47 47 47 4 9 4 4 30 31 58 30 30 30
88 58 89 53 7 83 83 83 83 93 71 71 71 15 93 93
51 93 15 15 15 48 51 51 36 48 77 48 80 48 51 80
80 28 80 32 92 19 36 32 77 19 77 32 69 77 66 32
9 36 16 34 87 34 43 16 16 27 9 16 66 36 19 34
72 19 55 69 34 40 43 43 69 69 81 66 43 9 55 66
40 39 23 70 55 81 81 28 23 40 23 21 20 28 55 27
45 28 81 89 44 44 40 17 35 17 35 35 17 23 84 35
70 70 46 88 88 70 95 56 20 20 17 3 20 3 68 88
75 92 92 92 24 24 75 45 84 39 18 72 79 84 21 27
58 72 90 29 42 45 44 72 42 45 42 84 75 42 89 18
18 39 6 44 39 24 67 24 91 6 90 89 6 18 79 7
6 78 90 67 90 91 46 79 3 75 11 76 21 67 67 21
57 7 11 76 79 63 33 3 56 57 78 95 29 95 87 33
57 7 29 56 22 22 76 87 87 95 76 56 22 22 94 33
11 57 4 63 10 33 5 78 63 91 31 91 10 68 10 29
