6 1 1 4 1 2 1 1 1 5 1 2 3 2 2 5
2 5 5 3 4 4 5 0 0 4 7 6 6 6 4 4
4 6 6 5 4 4 4 6 3 6 4 5 4 4 3 3
4 7 3 7 7 4 6 5 4 3 3 3 0 3 4 7
0 7 7 0 7 5 4 4 3 0 0 3 4 4 0 2
0 6 3 5 2 4 5 6 3 6 6 4 7 5 5 3
2 2 7 6 4 3 0 3 1 6 6 0 0 4 3 0
0 6 3 3 5 3 6 3 5 3 1 5 3 3 1 6
5 3 5 0 4 1 6 5 7 6 1 4 6 1 5 0
7 3 1 4 5 2 6 3 3 0 1 5 5 1 7 4
1 1 5 5 1 1 7 5 1 1 2 5 6 2 2 3
2 7 7 1 0 0 5 0 5 3 4 1 0 0 1 3
3 6 3 4 0 2 7 4 2 0 5 6 5 2 2 5
0 0 6 0 6 5 5 1 4 2 1 0 1 4 6 2
1 0 2 1 2 2 0 0 6 6 1 0 2 2 4 5
1 4 1 2 2 1 7 6 7 6 7 5 6 6 0 5
58 4 4 7 71 5 71 71 71 57 4 5 6 5 5 57
64 57 57 6 28 7 8 11 22 28 41 58 58 58 36 18
46 9 9 47 36 28 36 9 35 9 46 47 46 46 35 35
28 41 45 41 41 36 30 47 66 45 45 45 22 6 66 51
32 51 51 22 51 47 66 18 6 32 32 27 18 18 22 44
32 88 55 19 44 76 19 88 27 40 30 66 21 19 39 55
44 44 21 40 76 35 80 17 53 40 40 70 80 76 55 80
80 20 93 17 39 93 88 27 95 27 15 95 17 55 23 88
67 17 39 90 76 81 20 8 10 20 23 84 20 81 19 11
89 93 23 84 39 92 68 93 75 11 91 67 95 23 21 7
53 53 95 29 91 91 21 77 53 91 64 8 30 92 92 83
92 10 10 33 90 90 8 90 87 83 7 81 11 42 81 75
75 78 75 84 42 34 10 84 82 42 29 68 77 34 82 67
42 60 68 70 68 77 67 63 94 64 63 70 15 94 78 64
63 60 54 63 34 34 60 70 78 78 15 60 82 16 94 77
4 94 15 72 82 33 59 30 31 48 69 87 48 48 52 29
