7 6 7 7 6 7 7 7 4 5 5 0 5 0 6 5
3 6 7 7 6 3 3 6 3 7 7 7 7 4 4 4
1 4 5 5 4 5 4 1 5 5 4 3 0 5 5 1
4 7 2 5 1 0 1 2 3 5 1 5 1 1 1 1
0 1 0 7 5 3 0 1 5 3 1 1 0 4 1 0
5 4 4 3 0 3 3 1 0 1 4 1 5 1 0 1
3 3 1 5 1 1 3 7 3 5 7 1 4 7 1 5
2 5 1 1 3 4 1 1 5 0 7 7 5 5 0 4
7 2 1 1 2 2 1 2 4 3 4 3 1 7 4 6
5 2 2 2 5 3 3 5 1 6 2 4 6 2 6 0
4 2 2 3 2 4 4 7 5 6 1 1 7 3 2 4
6 6 7 1 2 5 4 5 2 0 5 5 7 7 6 2
0 3 7 6 1 7 1 5 1 5 5 7 5 6 3 4
6 2 0 4 6 3 6 4 4 4 4 6 4 4 4 4
6 0 0 7 7 2 6 5 7 2 4 2 3 3 5 3
0 2 2 0 2 0 5 0 7 0 7 0 0 2 2 7
31 30 10 59 20 31 31 31 56 29 29 52 29 52 40 29
75 40 59 59 40 75 75 40 75 69 69 69 69 56 56 66
53 56 87 87 66 87 66 71 87 67 66 35 42 8 8 15
7 59 24 8 53 42 15 64 35 67 15 8 33 15 33 53
22 23 11 51 67 35 42 43 67 35 53 33 52 76 91 42
57 7 7 45 22 45 45 71 22 4 7 33 57 23 22 71
55 55 23 77 43 43 55 51 55 57 51 4 46 51 23 57
64 77 4 43 45 46 71 4 19 52 10 10 19 19 60 46
10 64 91 91 24 64 63 54 18 27 46 17 91 21 28 9
19 72 54 72 95 17 27 95 81 48 24 76 9 54 68 60
76 5 72 17 24 76 28 89 47 48 63 81 21 17 72 28
48 9 89 63 54 47 28 95 44 60 95 47 89 89 9 44
60 27 21 48 81 21 63 47 81 77 77 79 39 20 27 36
58 5 70 36 58 65 58 36 36 84 84 20 84 84 18 18
78 70 90 79 79 34 58 39 79 34 18 44 93 93 39 93
3 92 92 11 34 70 39 11 41 3 41 3 3 5 34 41
