3 1 2 2 2 3 2 0 0 0 0 1 1 1 1 5
5 5 5 1 5 1 3 5 5 7 1 1 6 6 6 3
3 7 1 6 7 1 1 7 7 0 0 0 0 2 1 5
6 1 2 3 2 5 4 2 2 1 2 1 3 2 3 3
7 2 2 2 0 7 1 2 2 2 4 5 6 1 0 0
0 0 6 0 2 1 4 5 5 5 1 6 6 6 2 5
5 5 7 5 5 5 5 3 3 6 7 4 4 3 3 4
0 4 0 4 4 0 3 0 1 3 0 6 1 1 1 0
5 5 5 3 2 3 6 0 5 0 1 7 7 7 3 6
7 3 2 7 7 7 0 0 0 7 1 0 1 1 6 4
4 7 4 0 4 4 6 6 6 6 6 6 7 0 4 3
6 3 2 6 2 6 2 7 3 4 4 7 4 3 4 4
4 1 1 7 7 1 2 3 1 3 2 2 2 7 3 4
3 0 4 3 0 0 0 4 7 7 7 7 6 4 6 6
6 5 5 5 5 4 4 4 6 6 2 4 2 2 2 6
6 4 5 2 7 4 4 2 2 2 7 5 5 5 4 2
65 33 16 16 16 35 16 52 52 52 52 23 53 53 53 47
47 47 47 23 57 53 35 57 57 59 63 63 30 30 30 35
35 21 63 30 21 23 63 21 21 42 42 42 42 24 23 57
58 33 44 17 5 29 28 44 44 15 44 15 17 24 17 17
51 24 5 24 22 51 15 5 34 34 56 8 9 15 3 3
22 22 48 22 5 43 56 29 29 29 43 48 48 48 34 8
8 8 51 39 39 39 39 27 27 58 51 56 56 6 6 7
3 28 60 28 28 60 27 32 33 6 60 58 33 43 43 60
19 19 19 45 34 27 58 11 19 11 4 31 31 31 6 40
31 45 54 41 41 41 11 11 32 41 4 32 4 4 9 7
7 59 7 32 18 36 20 20 20 20 9 9 59 3 18 45
40 45 54 40 54 40 54 59 55 18 18 10 46 55 46 46
46 71 71 10 10 71 64 65 71 65 64 64 64 10 55 36
55 70 36 65 70 70 70 36 69 69 69 69 68 66 68 68
68 67 67 67 67 66 66 66 88 88 82 94 82 82 82 88
88 94 77 72 79 94 94 72 72 72 89 77 77 87 84 92
