0 0 0 0 4 4 4 4 1 1 1 1 2 2 2 3
5 5 3 2 5 3 3 5 2 7 7 7 2 7 0 0
0 0 4 6 0 6 6 6 2 2 6 6 6 3 0 0
0 0 2 4 3 1 1 2 1 2 2 2 2 2 2 6
6 6 1 6 0 0 4 4 4 4 0 0 7 7 7 7
3 7 3 3 3 2 4 0 4 4 4 3 3 7 7 7
7 7 7 7 7 6 6 6 3 3 3 5 2 4 4 4
4 4 4 5 5 5 4 4 4 5 5 4 5 5 7 5
6 6 6 5 5 6 0 7 7 4 4 7 7 7 7 1
0 5 1 3 1 1 1 1 4 5 5 3 5 0 5 0
0 0 0 0 1 0 0 5 3 1 0 7 7 7 6 6
2 2 2 2 1 1 0 0 0 4 4 4 2 2 1 1
3 3 0 7 3 4 6 6 6 4 1 1 0 2 2 2
2 6 4 6 6 6 4 4 4 6 6 2 1 6 2 5
5 5 3 0 1 7 7 7 7 3 3 3 3 1 3 3
3 3 1 1 1 5 5 6 6 5 6 1 2 1 5 5
3 3 3 3 7 7 7 7 4 4 4 4 5 5 5 6
8 8 6 5 8 6 6 8 54 10 10 10 54 10 11 11
11 11 66 9 90 9 9 9 16 16 20 20 20 83 70 70
70 70 64 84 83 33 33 64 33 64 64 24 24 24 24 40
40 20 33 68 60 60 46 46 46 46 60 60 69 69 69 69
35 21 65 65 65 44 28 32 56 56 94 83 65 59 59 59
59 31 31 31 31 68 68 68 27 27 27 67 92 84 84 84
66 66 66 67 67 67 94 94 94 87 87 36 29 29 21 87
48 48 48 29 29 48 42 21 21 56 56 51 51 51 51 53
52 57 53 83 23 23 23 23 36 39 39 93 87 90 95 90
22 42 42 42 71 22 22 19 75 71 90 89 89 89 40 40
44 44 44 54 71 71 32 32 32 28 28 28 92 54 53 53
93 93 52 89 93 36 78 88 88 36 81 81 22 34 34 34
34 58 18 58 58 58 18 18 18 30 30 92 43 30 92 19
19 19 55 80 63 41 41 41 41 17 17 17 17 91 45 45
45 45 63 63 63 39 39 88 88 95 30 91 72 91 95 95
