0 0 0 0 7 1 4 4 4 4 1 1 1 3 0 2
1 1 1 1 6 7 7 7 0 0 0 3 3 4 3 6
0 0 0 2 6 6 2 3 0 0 2 2 2 2 1 1
1 1 4 2 2 5 5 2 5 5 4 0 5 1 2 2
2 5 5 6 6 6 6 1 0 0 4 4 2 2 2 3
2 3 3 3 4 4 4 4 2 5 5 5 5 1 1 5
6 2 2 2 0 0 0 0 4 4 4 4 6 6 5 5
5 5 6 6 7 7 7 7 2 1 6 0 0 6 2 2
2 6 6 6 3 6 5 1 1 1 1 3 3 3 5 4
3 3 3 0 0 4 4 3 0 5 0 5 3 3 3 3
0 6 2 2 2 2 2 2 2 2 3 3 3 2 0 0
0 0 7 3 4 7 3 3 3 2 2 7 2 7 5 6
7 1 1 1 6 5 5 0 0 2 5 7 7 7 7 1
5 2 5 5 5 5 3 4 4 4 4 7 7 7 6 6
6 4 6 3 0 5 5 5 5 7 7 1 4 4 7 6
6 4 6 6 7 7 7 7 4 4 0 0 0 0 4 7
3 3 3 3 10 4 7 7 7 7 4 4 4 6 11 54
43 43 43 43 9 10 10 10 11 11 11 6 6 18 6 9
60 60 60 54 68 68 16 27 22 22 16 16 54 34 91 91
91 91 28 34 34 29 29 44 29 29 46 32 47 23 44 44
44 47 47 48 48 48 48 23 70 70 18 18 5 5 5 93
5 93 93 93 94 94 94 94 92 87 87 87 87 23 23 57
58 92 92 92 90 90 90 90 84 84 84 84 88 88 95 95
95 95 88 88 89 89 89 89 24 15 78 42 42 78 24 24
24 78 78 9 83 68 47 63 63 63 63 35 35 35 77 56
17 17 17 80 80 46 46 75 80 39 80 39 65 65 65 65
60 68 82 72 82 72 72 72 82 82 83 83 83 64 52 52
52 52 59 17 46 59 75 75 75 64 64 41 64 41 67 9
79 81 81 81 58 77 77 22 22 16 77 51 51 51 51 81
39 34 39 57 57 57 45 56 56 56 76 31 31 31 40 40
40 76 40 35 70 8 8 8 8 69 69 71 28 28 31 30
30 18 30 30 21 21 21 21 36 76 32 32 32 70 76 79
