0 1 1 1 1 4 3 0 0 3 4 3 3 7 0 7
7 7 7 7 4 4 4 7 7 4 1 4 4 1 6 1
5 6 5 1 5 1 1 5 2 1 1 4 7 4 4 4
0 1 0 6 6 0 7 0 7 7 7 3 3 3 3 3
3 7 3 3 2 1 1 0 2 1 2 2 2 0 0 0
2 7 7 6 2 6 4 0 6 4 4 6 4 5 5 5
5 6 3 6 2 2 5 6 2 0 6 5 5 0 5 3
0 6 2 5 3 5 3 1 6 5 0 6 6 0 6 0
1 4 5 7 3 4 1 0 0 6 1 3 3 4 0 4
0 3 6 7 7 0 0 2 0 2 2 2 0 0 7 4
4 2 4 6 6 6 6 6 6 6 2 6 6 5 2 2
5 5 1 1 1 1 5 6 4 2 5 2 5 2 5 3
6 0 0 6 0 3 2 3 6 0 5 3 5 5 5 7
7 7 7 0 0 0 1 1 1 1 2 4 0 2 4 4
1 4 2 2 5 5 5 5 1 4 4 1 1 3 4 0
4 4 0 3 7 5 6 0 0 6 3 4 4 7 3 3
22 23 23 23 23 28 17 22 22 17 28 17 17 31 22 31
31 21 21 31 28 28 56 21 21 56 4 56 56 15 58 63
57 58 57 63 57 63 63 57 5 15 15 18 51 18 18 18
3 15 3 58 58 3 59 3 59 59 59 35 35 35 35 6
6 51 6 6 5 4 4 52 5 4 5 24 24 52 52 52
24 51 51 20 24 20 7 11 20 7 7 20 7 8 8 8
8 40 27 40 16 16 19 40 16 11 40 19 19 11 19 27
11 9 16 29 27 29 27 53 48 29 60 48 48 42 48 42
53 36 29 41 55 36 53 42 42 88 53 55 55 46 60 46
60 55 30 41 41 60 32 44 32 44 44 44 32 32 41 46
36 54 36 30 30 30 9 9 9 88 54 88 88 87 54 54
87 87 33 33 33 33 39 68 46 34 39 34 39 34 39 65
68 70 70 68 70 65 34 65 68 70 67 65 67 67 67 69
69 69 69 80 80 80 71 71 71 71 64 66 80 64 94 94
43 94 64 64 47 47 47 47 43 94 76 43 43 83 66 90
66 66 90 45 10 87 78 90 90 78 75 76 76 10 75 75
