4 4 3 3 1 2 2 4 2 5 4 5 6 6 7 0
7 1 0 0 1 7 2 1 1 0 1 6 0 0 5 0
2 0 2 2 1 2 2 2 5 1 3 0 2 2 2 2
2 2 3 1 4 4 1 5 7 7 7 7 7 3 6 5
5 5 5 6 3 7 3 5 7 5 4 4 4 7 7 4
7 7 7 1 3 6 6 4 1 3 3 4 3 5 6 1
3 0 0 5 1 0 3 5 5 1 4 5 1 1 7 7
5 5 0 7 2 5 1 7 0 5 7 3 1 6 3 2
2 7 1 4 4 1 4 0 6 1 6 1 3 6 1 6
6 6 0 4 6 0 0 3 4 3 3 0 4 0 1 3
6 1 0 6 0 0 1 6 7 4 1 6 4 4 2 6
2 2 0 2 7 0 4 0 3 0 0 4 4 0 3 3
3 0 6 3 0 4 3 3 1 2 0 2 7 6 5 2
3 4 7 7 5 7 1 7 6 7 7 6 4 0 6 1
3 2 4 5 4 4 5 4 3 0 5 3 2 5 1 4
3 1 2 5 7 3 0 5 3 2 5 5 2 2 7 3
7 7 6 6 4 5 5 7 5 8 7 8 9 9 10 11
10 4 11 42 4 10 44 4 15 70 15 40 11 70 8 11
44 70 24 24 15 54 54 5 8 15 6 70 16 24 54 54
44 44 6 23 28 28 43 39 31 31 31 10 31 27 58 39
39 29 29 30 27 59 27 39 21 57 56 56 56 59 59 56
59 21 21 33 17 58 58 28 33 27 17 28 17 57 58 43
17 60 60 19 43 60 45 19 19 63 36 19 33 23 69 21
57 57 22 69 24 29 33 69 22 29 69 45 63 88 65 92
16 89 43 18 94 23 18 60 68 23 40 71 45 88 71 68
40 68 52 46 40 90 52 55 18 55 45 42 18 52 71 55
68 71 52 88 42 42 63 30 51 84 63 30 46 76 34 30
34 34 32 34 41 3 36 32 35 80 32 94 36 32 35 93
75 22 78 93 80 94 75 35 91 64 22 82 51 88 77 82
35 76 51 89 95 79 91 89 78 51 79 78 76 90 48 81
65 82 84 47 46 46 95 84 65 90 77 65 82 95 81 94
93 91 92 87 79 93 80 77 83 16 87 95 16 64 89 83
