1 0 4 3 5 5 1 1 6 2 4 7 2 3 0 5
7 6 4 1 1 4 6 0 1 4 4 1 0 2 3 0
2 4 3 6 7 7 4 4 0 7 5 5 1 1 1 4
0 3 0 7 4 0 0 4 0 3 0 0 2 0 4 4
4 4 7 7 7 1 5 0 5 3 0 5 1 3 7 3
6 5 2 5 6 0 3 3 3 0 3 5 3 4 5 2
6 6 1 6 0 4 6 1 6 1 3 5 2 5 5 5
5 2 5 7 3 2 3 2 1 5 6 5 4 3 6 6
2 7 4 4 5 5 6 6 6 6 6 3 6 7 1 0
4 7 2 5 0 0 2 4 0 2 0 2 7 3 7 4
7 7 7 7 3 7 2 6 0 2 2 1 3 0 3 1
1 1 7 0 5 3 4 4 5 1 5 5 1 0 5 5
1 2 1 6 2 3 2 4 7 0 4 1 1 1 4 5
0 2 4 1 4 6 4 2 3 1 0 5 6 4 4 4
5 7 0 3 5 6 2 2 5 2 2 5 2 6 2 6
3 3 4 7 5 1 4 4 6 1 3 3 5 3 7 5
4 11 7 17 19 19 15 33 30 34 28 31 24 45 42 47
41 58 7 91 91 56 68 80 81 84 84 33 70 72 65 22
54 7 93 78 31 79 76 76 70 69 29 29 53 63 63 46
80 83 80 10 28 52 52 28 52 55 60 52 44 80 76 76
36 18 79 59 79 43 77 60 77 75 60 77 81 27 79 93
68 19 16 19 20 32 83 83 75 90 75 95 65 56 39 72
78 58 23 48 60 56 48 23 48 63 75 67 16 77 67 67
67 72 8 69 83 72 93 54 63 47 78 57 7 6 40 48
16 89 18 18 8 8 40 40 68 68 78 93 40 69 81 22
18 21 44 29 90 90 34 84 32 16 32 34 31 17 21 28
89 89 89 31 35 69 5 30 90 54 5 81 17 22 65 91
15 91 21 42 95 17 94 84 87 23 87 29 15 22 95 95
15 34 43 30 24 27 24 94 59 32 94 43 4 4 56 87
70 44 66 43 94 58 66 24 35 4 70 57 58 66 66 36
87 59 3 35 47 88 54 44 39 92 92 47 92 88 92 9
27 55 36 41 57 33 36 46 88 33 6 35 57 55 51 39
