7 6 3 4 0 5 4 2 2 5 7 7 4 3 5 3
5 5 2 0 0 5 0 3 2 6 1 2 0 6 7 5
2 1 4 7 3 1 0 4 6 1 3 3 2 3 0 3
0 0 1 6 5 3 0 6 0 5 7 2 2 2 6 1
0 0 6 5 2 2 6 6 2 2 0 5 6 6 6 6
2 0 3 7 7 1 7 0 0 5 1 2 0 0 6 0
5 5 5 2 3 1 1 1 3 1 3 0 5 6 3 3
6 2 3 5 6 3 1 4 2 4 6 4 4 0 0 2
4 7 1 4 0 5 0 7 1 7 4 4 6 6 7 1
1 6 6 6 4 5 4 7 5 1 4 7 7 1 5 7
4 1 1 6 0 7 2 7 0 4 0 4 4 5 7 7
7 7 7 7 1 0 1 4 1 1 7 5 4 5 1 4
4 2 1 5 7 3 2 5 2 2 1 6 7 1 4 5
3 0 0 7 1 3 0 7 3 5 7 4 3 6 5 1
4 6 3 5 1 7 7 5 5 1 5 1 2 1 1 4
2 5 2 2 3 0 7 3 6 4 4 4 6 5 3 0
51 20 27 56 60 39 7 72 24 95 10 21 28 55 47 83
29 19 72 22 90 95 11 45 16 58 4 54 60 40 51 39
44 81 46 79 83 33 90 28 88 15 6 45 92 45 11 45
42 90 33 30 95 6 52 48 52 19 59 54 44 16 30 4
52 52 48 57 16 34 40 88 16 44 3 57 30 40 30 40
44 42 17 51 59 53 51 60 42 19 71 54 70 42 78 22
57 57 47 54 35 53 53 23 65 53 65 60 67 48 65 65
48 5 83 67 20 83 91 66 5 66 20 66 7 11 11 5
7 21 43 18 70 29 70 21 63 59 84 84 20 88 21 23
23 58 58 58 28 29 28 59 19 15 66 41 31 43 29 69
36 15 15 88 70 31 5 69 3 84 32 18 18 47 69 31
69 41 41 41 43 3 63 84 63 23 31 95 36 87 63 7
18 64 43 67 89 27 64 67 64 64 4 78 89 91 56 87
35 32 32 89 4 35 32 89 35 87 79 36 6 78 87 81
36 78 17 47 33 79 79 39 39 33 77 91 82 91 71 94
92 8 92 92 17 3 10 17 9 94 94 94 9 8 55 22
