7 6 3 4 0 5 4 2 2 5 7 7 4 3 5 3
5 5 2 0 0 5 0 3 2 6 1 2 0 6 7 5
2 1 4 7 3 1 0 4 6 1 3 3 2 3 0 3
0 0 1 6 5 3 0 6 0 5 7 2 2 2 6 1
0 0 6 5 2 2 6 6 2 2 0 0 6 4 6 6
2 2 6 7 0 0 0 5 3 3 1 5 0 0 6 5
3 5 2 3 2 2 0 5 3 0 2 0 0 7 2 0
0 2 0 7 2 1 0 1 1 2 0 0 0 6 2 6
4 4 6 6 6 4 4 6 4 4 6 0 6 6 5 6
1 7 2 7 7 7 6 4 2 2 2 7 7 1 2 4
4 2 2 7 6 6 2 5 6 5 2 1 6 5 5 4
5 7 5 0 4 7 5 7 1 6 2 2 1 6 1 7
0 0 0 7 6 7 7 0 7 7 1 7 7 2 2 7
7 7 7 7 6 1 0 7 0 6 1 6 7 7 7 7
7 7 4 1 5 1 1 0 7 1 7 5 6 1 6 6
3 4 4 1 5 1 7 4 6 6 6 2 2 1 7 6
51 20 27 56 60 39 7 72 24 95 10 21 28 55 47 83
29 19 72 22 90 95 11 45 16 58 4 54 60 40 51 39
44 81 46 79 83 33 90 28 88 15 6 45 92 45 11 45
42 90 33 30 95 6 52 48 52 19 59 54 44 16 30 4
52 52 48 57 16 34 40 88 16 44 3 52 30 84 30 40
44 16 30 51 42 42 52 57 55 55 71 57 60 42 30 57
55 57 44 55 44 44 60 47 55 42 44 22 60 10 54 60
42 54 22 69 24 53 42 81 81 5 42 42 42 48 34 48
7 46 20 20 20 7 7 20 7 7 48 11 20 88 29 48
15 21 24 51 51 89 48 36 24 16 16 89 31 43 16 28
36 16 16 31 40 20 64 47 48 29 5 4 40 47 29 28
29 41 29 42 28 31 29 31 63 40 64 64 15 40 63 31
11 11 60 89 40 89 89 11 89 89 4 89 89 5 5 89
89 89 89 89 30 4 11 89 11 40 4 40 89 89 89 89
89 89 7 4 47 4 4 60 89 15 89 47 88 63 40 40
35 7 7 15 57 15 51 7 88 88 40 44 16 15 89 40
