1 0 12 0 2083.85 2159.38 2226.62 488.595 568.207 483.266 501.042 504.134 497.246 546.248 612.623 775.966 381.387 381.054 380.822 417.317 419.18 422.142 404.911 407.936 404.014 456.284 456.538 456.319 2049.08 2104.2 2169.12 479.926 584.302 476.081 502.285 505.338 498.061 520.395 586.311 758.886 389.05 387.826 388.21 415.541 417.011 420.285 402.916 403.382 401.728 454.28 454.491 453.646 4.68603e+10 4.23053e+10 4.27421e+10 3.87207e+10 7.73696e+10 3.81447e+10 3.57145e+10 7.40054e+10 3.97518e+10 4.03873e+10 3.55114e+10 7.45501e+10 2.72133e+10 2.58302e+10 2.60551e+10 1.62176e+10 2.38062e+10 1.6078e+10 1.41831e+10 2.22617e+10 1.58855e+10 1.60198e+10 1.42036e+10 2.24787e+10 
1 1 12 0 2284.85 2365.67 2444.44 542.163 627.352 535.288 548.302 552.279 545.426 591.848 663.02 837.785 422.029 422.828 421.326 484.861 489.168 490.778 456.346 459.553 455.851 502.556 503.062 503.459 2302.2 2356.3 2434.06 578.656 690.912 573.217 602.747 606.714 599.646 614.81 685.238 875.2 471.572 471.023 470.068 520.318 523.882 526.108 488.706 489.288 488.079 545.281 545.526 545.237 5.36853e+10 4.92107e+10 5.03323e+10 4.51952e+10 8.6228e+10 4.38736e+10 4.19997e+10 8.27522e+10 4.51889e+10 4.57906e+10 4.1238e+10 8.38834e+10 2.98196e+10 2.84897e+10 2.88132e+10 1.80609e+10 2.61731e+10 1.79401e+10 1.61068e+10 2.46961e+10 1.77723e+10 1.79775e+10 1.61959e+10 2.50277e+10 
1 2 12 0 2278.32 2358.7 2435.99 545.575 630.599 538.302 564.229 567.409 561.054 597.835 669.259 842.786 429.354 430.51 429.065 508.53 512.506 514.363 458.353 461.52 458.516 521.688 521.921 522.923 2328.22 2382.02 2458.41 599.701 711.661 594.018 636.094 639.354 632.724 636.234 706.789 897.953 493.311 493.201 492.443 554.326 557.808 559.966 504.385 504.886 504.363 579.23 579.351 579.53 5.5581e+10 5.03831e+10 5.22332e+10 4.71462e+10 8.74497e+10 4.50953e+10 4.34331e+10 8.34861e+10 4.68468e+10 4.75634e+10 4.22016e+10 8.48203e+10 3.0118e+10 2.86781e+10 2.90722e+10 1.85626e+10 2.65473e+10 1.83732e+10 1.6445e+10 2.49304e+10 1.81542e+10 1.8498e+10 1.65928e+10 2.53953e+10 
1 3 12 0 2297.42 2375.51 2452.82 560.715 647.168 553.592 585.622 588.922 582.144 616.62 687.812 860.708 445.083 445.986 444.75 524.452 529.29 529.905 470.098 473.298 470.165 539.148 539.773 539.967 2360.5 2411.44 2487.19 620.165 733.528 614.661 666.3 669.774 662.675 661.866 731.725 923.361 514.308 513.968 513.498 565.829 569.992 570.942 521.805 522.516 521.758 603.426 603.705 603.376 5.71373e+10 5.25274e+10 5.35659e+10 4.8195e+10 8.88025e+10 4.69788e+10 4.47705e+10 8.51461e+10 4.81207e+10 4.87506e+10 4.40404e+10 8.6213e+10 3.05435e+10 2.91664e+10 2.94868e+10 1.89979e+10 2.69912e+10 1.88637e+10 1.69875e+10 2.54712e+10 1.87147e+10 1.89176e+10 1.70718e+10 2.57995e+10 
1 4 12 0 2343.79 2421.97 2503.44 569.009 655.412 561.463 595.33 598.952 591.599 624.255 696.689 868.008 450 451.524 449.977 514.305 519.155 520.418 476.504 480.466 477.043 546.393 547.246 547.996 2392.32 2442.64 2524.05 629.853 743.087 623.833 673.379 677.171 669.467 668.312 739.868 931.47 521.188 521.355 520.651 572.169 576.319 578.023 528.472 529.772 528.893 611.655 612.118 612.069 5.82056e+10 5.29434e+10 5.43139e+10 4.90222e+10 8.98014e+10 4.76132e+10 4.54181e+10 8.61687e+10 4.95063e+10 5.01064e+10 4.46346e+10 8.74208e+10 3.09019e+10 2.95144e+10 2.98871e+10 1.93486e+10 2.73676e+10 1.92082e+10 1.71957e+10 2.57516e+10 1.89683e+10 1.92026e+10 1.72892e+10 2.61514e+10 
1 5 12 0 2287.68 2364.75 2442.1 566.595 653.369 559.49 592.952 596.499 589.432 620.559 691.75 864.508 454.326 455.134 454.356 521.506 526.727 527.425 474.517 478.052 474.92 544.226 544.661 544.943 2358.67 2408.67 2486.34 630.392 743.904 624.816 676.824 680.423 673.131 669.932 739.746 931.42 525.751 525.273 525.343 582.233 586.542 587.837 528.122 529.035 528.417 612.638 612.904 612.521 5.75392e+10 5.3112e+10 5.40504e+10 4.87366e+10 8.87155e+10 4.76825e+10 4.52229e+10 8.50985e+10 4.84566e+10 4.91727e+10 4.47408e+10 8.61624e+10 3.05513e+10 2.92135e+10 2.95049e+10 1.9131e+10 2.70542e+10 1.90337e+10 1.72079e+10 2.55921e+10 1.89274e+10 1.9065e+10 1.72636e+10 2.58789e+10 
1 6 12 0 2331.11 2408.26 2489.21 569.719 656.07 562.535 599.112 603.164 595.971 626.196 697.809 870.825 452.417 452.994 452.185 538.704 543.955 544.367 476.556 479.961 476.902 548.571 548.521 549.39 2371.52 2419.6 2498.77 632.053 745.331 626.412 678.41 682.434 675.078 673.891 744.157 936.742 523.236 522.476 522.517 589.147 593.515 594.553 529.629 530.298 529.807 615.205 614.845 615.034 5.79393e+10 5.31379e+10 5.43523e+10 4.92083e+10 9.00085e+10 4.79778e+10 4.55214e+10 8.61033e+10 4.94125e+10 4.97781e+10 4.49052e+10 8.73456e+10 3.09115e+10 2.94771e+10 2.9832e+10 1.93269e+10 2.73221e+10 1.92441e+10 1.72738e+10 2.57498e+10 1.90641e+10 1.92437e+10 1.73474e+10 2.61118e+10 
5000 0 11 0 2084.94 2004.27 1850.28 476.796 551.47 473.745 517.341 510.175 507.726 729.479 691.392 695.06 500.539 499.111 500.201 562.806 487.933 491.361 468.185 467.049 468.965 646.824 649.725 643.988 1941.12 1836.27 1711.54 439.473 535.327 437.286 492.694 486.677 484.731 691.969 649.077 647.332 482.4 480.928 482.207 536.501 460.983 462.359 460.97 459.817 461.965 614.578 618.778 612.834 4.3513e+10 4.08702e+10 4.11776e+10 4.5029e+10 7.55472e+10 4.50489e+10 4.35195e+10 7.43012e+10 4.51999e+10 4.68398e+10 4.43673e+10 7.43792e+10 2.63271e+10 2.57284e+10 2.60116e+10 1.84359e+10 2.27878e+10 1.80061e+10 1.73775e+10 2.20172e+10 1.79723e+10 1.82465e+10 1.73004e+10 2.23434e+10 
5000 1 11 0 2141.52 2058.23 1909.49 542.634 621.887 539.209 592.087 583.497 581.307 811.839 741.05 753.861 567.646 565.635 567.674 640.364 556.826 561.724 550.848 548.291 549.817 743.893 746.145 737.93 2039.85 1928.88 1808.3 532.186 635.037 529.52 601.618 594.512 593.381 818.554 740.558 751.731 586.243 584.595 586.844 645.835 561.255 563.239 580.989 578.52 580.688 747.762 751.93 743.374 4.9855e+10 4.63722e+10 4.8228e+10 5.24735e+10 8.18265e+10 5.09922e+10 5.02742e+10 7.96898e+10 5.10983e+10 5.39107e+10 5.0648e+10 8.10494e+10 2.81238e+10 2.73578e+10 2.80158e+10 2.08169e+10 2.45786e+10 2.00595e+10 1.96396e+10 2.36469e+10 2.00234e+10 2.06778e+10 1.96295e+10 2.43869e+10 
5000 2 11 0 2126.32 2043.36 1898.32 561.704 641.022 558.626 598.608 590.13 588.47 817.71 745.585 757.564 576.979 574.737 576.759 649.486 564.885 569.725 564.453 561.201 561.734 747.218 749.215 741.304 2055.2 1943.89 1825.4 566.764 670.565 564.498 629.23 622.175 621.586 848.643 768.423 779.791 618.745 616.899 619.107 674.96 589.517 591.446 616.504 613.43 614.724 773.253 776.547 768.824 5.08075e+10 4.80135e+10 4.96523e+10 5.35051e+10 8.24757e+10 5.23121e+10 5.19274e+10 8.14181e+10 5.23328e+10 5.48059e+10 5.2296e+10 8.21903e+10 2.82383e+10 2.77254e+10 2.82472e+10 2.10366e+10 2.47199e+10 2.03633e+10 2.00523e+10 2.3999e+10 2.03396e+10 2.09135e+10 2.00422e+10 2.46444e+10 
5000 3 11 0 2073.48 1993.72 1855.91 565.617 645.496 562.988 610.903 602.635 600.724 827.328 754.779 764.669 586.586 584.398 586.796 662.634 577.44 583.28 573.291 569.815 570.706 751.101 753.404 746.214 2028.28 1919.86 1806.69 587.383 691.012 585.509 654.552 647.816 646.632 875.982 793.627 804.257 641.652 639.764 642.378 700.641 614.393 617.286 640.729 637.449 639.073 792.842 796.68 789.386 5.19647e+10 4.88452e+10 5.00847e+10 5.48115e+10 8.20753e+10 5.36583e+10 5.26446e+10 8.03939e+10 5.37011e+10 5.65974e+10 5.3568e+10 8.1751e+10 2.81323e+10 2.74867e+10 2.80987e+10 2.14491e+10 2.47961e+10 2.07235e+10 2.03484e+10 2.39763e+10 2.06968e+10 2.12646e+10 2.02711e+10 2.4599e+10 
5000 4 11 0 2073.59 1993.03 1856.82 567.336 646.727 564.345 615.782 606.834 605.889 832.404 759.836 769.118 591.821 589.852 591.651 666.547 581.155 587.083 579.016 575.549 576.383 756.899 759.597 751.708 1990.13 1883.17 1775.67 591.993 695.691 589.708 662.367 654.929 654.766 883.323 801.567 811.869 648.685 646.986 648.95 706.682 620.27 623.375 647.759 644.508 646.165 799.375 804.025 795.987 5.19208e+10 4.91084e+10 5.02209e+10 5.52104e+10 8.21731e+10 5.43231e+10 5.3208e+10 8.07191e+10 5.42775e+10 5.66359e+10 5.39136e+10 8.16868e+10 2.81289e+10 2.75492e+10 2.80628e+10 2.15183e+10 2.47839e+10 2.08982e+10 2.04786e+10 2.40387e+10 2.08825e+10 2.13773e+10 2.04264e+10 2.45952e+10 
5000 5 11 0 2137.4 2054.91 1911.19 580.173 659.112 576.81 628.392 619.329 618.012 845.591 773.951 784.868 604.667 602.996 604.712 677.189 592.789 598.617 589.961 586.377 587.517 775.144 777.616 769.154 2039.28 1929.96 1817.31 602.896 706.214 600.274 674.443 667.001 666.53 896.211 815.414 827.221 661.193 659.787 661.645 716.494 631.204 634.029 658.093 654.623 656.607 816.653 820.922 812.556 5.27137e+10 4.98498e+10 5.13552e+10 5.63285e+10 8.41992e+10 5.50625e+10 5.44183e+10 8.27944e+10 5.50167e+10 5.75497e+10 5.49367e+10 8.385e+10 2.87207e+10 2.81437e+10 2.87001e+10 2.18552e+10 2.52397e+10 2.11787e+10 2.08366e+10 2.44847e+10 2.11618e+10 2.17407e+10 2.08097e+10 2.51199e+10 
5000 6 11 0 2151.4 2070.14 1925.2 584.516 663.808 581.024 634.756 625.746 624.293 852.991 780.939 793.252 610.216 608.288 610.135 683.368 598.931 604.616 595.615 591.703 592.508 785.739 787.272 779.735 2090.17 1979.83 1862.12 607.865 710.881 605.142 678.57 671.333 670.61 902.236 820.199 833.203 664.314 662.74 664.761 720.406 634.619 637.261 663.266 659.525 661.119 826.973 830.125 822.733 5.33726e+10 5.05908e+10 5.22421e+10 5.69081e+10 8.4214e+10 5.57383e+10 5.4588e+10 8.28089e+10 5.53211e+10 5.84565e+10 5.5715e+10 8.47935e+10 2.88341e+10 2.82531e+10 2.90161e+10 2.20936e+10 2.54262e+10 2.13024e+10 2.10133e+10 2.46787e+10 2.13303e+10 2.19397e+10 2.0913e+10 2.54278e+10 
