0 0 0 1 0 0 0 0 0 0 0 1 0 0 0 0
1 0 0 0 0 0 0 0 1 0 1 1 0 0 1 0
1 0 0 0 1 1 0 0 0 0 1 0 0 0 0 0
0 0 0 0 0 0 1 0 0 0 0 1 1 0 0 1
1 1 1 1 0 1 0 1 0 0 0 0 0 1 0 0
1 0 0 0 1 0 1 1 1 0 0 1 1 1 1 0
0 1 0 0 1 1 1 1 1 1 1 1 1 1 0 1
1 1 1 1 1 1 1 0 1 1 0 1 1 1 0 0
0 1 1 1 0 1 1 1 0 0 0 0 0 1 0 1
1 1 0 0 1 0 1 1 0 1 1 1 0 1 1 0
1 1 1 0 1 1 0 1 1 1 0 0 1 0 0 1
1 1 0 0 1 1 1 1 0 0 0 1 0 1 1 0
0 1 1 1 1 1 0 0 0 1 1 1 1 0 1 0
0 0 1 1 1 1 0 0 1 1 1 1 0 1 1 0
1 1 1 0 0 1 1 1 1 1 1 0 1 1 1 1
0 1 1 1 0 0 0 0 0 0 0 0 1 0 1 0
17 17 31 8 17 17 17 31 31 31 31 8 23 48 13 58
8 29 48 40 52 48 48 48 8 13 10 8 29 23 10 23
10 58 36 40 10 10 23 23 29 36 4 52 13 58 58 36
13 40 40 52 40 13 4 36 62 29 36 26 4 62 58 26
26 4 26 26 7 4 62 47 62 62 29 52 52 47 3 3
41 56 7 7 16 27 47 16 47 7 7 16 47 63 16 3
56 63 56 3 35 63 12 53 16 63 12 12 12 41 3 41
53 12 41 41 53 37 35 56 37 63 27 37 20 35 27 56
27 53 35 35 27 53 24 14 50 21 19 21 21 28 21 37
37 28 19 21 14 9 14 24 46 28 24 14 19 28 28 46
20 14 59 19 20 24 46 20 22 24 19 50 59 50 46 20
22 59 50 50 59 59 22 22 46 38 38 61 60 61 22 9
38 61 61 61 57 49 38 9 42 55 6 49 6 38 43 9
42 9 57 57 6 6 42 60 6 55 57 49 60 57 43 60
49 49 39 60 42 39 43 55 51 43 55 42 39 55 43 39
5 39 51 51 5 5 11 25 25 5 5 11 51 11 51 25
