1 1 1 1 1 0 1 1 0 0 0 0 1 1 0 1
1 1 1 0 1 1 1 0 1 1 1 1 1 1 1 1
1 1 0 0 1 0 0 0 0 0 0 0 0 0 0 1
0 1 1 1 1 1 1 1 1 1 1 0 0 1 1 1
0 0 0 0 0 1 1 1 0 0 0 0 0 1 0 1
0 1 1 1 0 1 1 1 1 1 1 1 1 0 0 1
1 1 1 0 1 1 1 0 0 1 1 1 0 1 0 0
0 1 1 0 0 0 1 1 1 0 1 1 0 0 0 1
1 0 0 1 0 1 1 1 1 1 0 0 1 1 0 0
0 1 1 0 1 0 1 1 1 0 1 1 0 0 0 0
0 0 1 0 0 1 1 0 1 1 0 0 0 0 1 0
0 1 1 0 1 1 0 1 1 1 0 0 1 0 1 1
0 1 0 0 0 0 0 0 1 0 0 0 0 0 1 1
1 0 0 1 0 0 0 1 1 0 0 1 0 1 1 1
1 1 0 0 1 1 1 0 0 1 0 1 0 0 1 1
0 1 0 1 1 0 1 1 0 0 0 0 0 0 0 0
30 26 59 57 43 31 49 49 40 40 40 40 49 57 40 12
49 49 59 56 45 10 57 27 45 45 26 37 26 37 37 37
37 51 58 58 51 38 46 46 58 58 58 13 46 13 13 41
38 16 51 16 16 28 41 41 41 28 41 36 38 26 26 45
36 46 36 44 13 18 18 18 13 38 38 46 36 61 36 47
15 61 57 45 44 6 6 18 22 22 57 51 47 9 44 18
61 61 22 27 51 22 61 9 62 6 6 6 44 22 44 9
9 35 8 17 9 25 10 53 12 21 35 8 25 62 23 53
47 17 50 47 19 47 10 8 10 20 25 17 20 20 27 25
27 20 28 25 39 62 55 55 35 5 55 10 42 23 21 7
27 7 8 29 48 39 20 21 8 63 62 17 11 19 28 7
19 28 14 42 39 55 19 55 35 35 7 19 63 17 12 39
21 14 60 23 42 42 21 11 63 48 23 7 62 42 12 39
14 60 11 63 48 60 60 14 63 23 60 53 11 12 53 24
24 24 50 11 24 14 24 48 3 4 15 30 48 50 30 53
50 16 5 30 16 50 59 30 15 56 5 5 3 5 52 29
