1 0 0 1 0 0 0 0 0 0 0 0 0 0 0 0
0 1 1 0 0 0 1 0 0 0 0 0 0 1 0 0
0 0 0 0 0 1 0 1 1 1 1 1 0 1 1 0
1 1 0 1 1 1 0 1 1 1 1 1 1 1 1 1
1 1 0 0 0 1 0 1 1 0 1 1 0 0 1 1
1 0 0 1 0 1 1 1 1 1 1 0 0 1 1 1
1 1 0 1 0 1 1 1 1 1 1 1 0 1 1 0
1 1 1 0 1 0 1 1 0 0 1 0 0 1 0 0
1 0 1 1 1 1 1 0 1 0 1 0 0 0 1 1
0 1 1 1 0 0 1 1 0 0 1 1 0 0 0 0
0 0 0 0 0 0 0 0 0 0 0 0 0 0 1 1
1 0 0 0 0 1 0 0 0 0 0 1 1 0 0 0
0 0 0 0 0 1 0 1 1 0 1 0 1 0 0 1
0 0 1 0 0 0 0 1 1 1 1 1 0 0 0 1
0 0 1 0 1 1 0 1 0 0 0 0 0 1 0 1
0 0 1 0 0 0 1 0 0 0 1 0 1 1 0 1
12 15 31 57 31 31 31 31 25 29 25 25 29 25 40 29
25 12 12 29 29 56 57 62 40 40 40 40 56 57 56 62
62 56 62 62 56 59 42 12 59 37 59 37 42 12 8 15
14 59 7 8 53 37 15 59 35 10 37 8 43 8 37 8
14 14 11 7 15 35 42 24 57 42 10 35 7 42 35 53
57 7 7 45 15 45 53 53 22 4 14 13 13 14 22 53
26 35 23 45 23 43 55 24 55 22 10 4 46 51 22 48
26 51 4 13 10 23 24 10 9 52 4 38 17 4 52 46
45 13 26 45 24 26 51 38 43 13 51 17 3 52 22 51
19 26 43 55 19 17 43 55 23 52 24 55 3 46 46 52
17 5 19 17 38 48 38 23 46 11 3 3 5 38 61 28
61 9 9 3 27 47 48 48 44 9 48 47 49 9 19 19
60 27 21 11 11 28 5 61 61 60 61 27 39 11 27 28
21 5 47 60 54 60 5 63 47 47 63 28 60 21 27 28
36 21 63 21 63 63 58 39 58 50 58 44 54 18 54 49
36 36 49 54 54 50 39 36 58 58 39 36 49 20 50 41
