1 0 0 0 1 0 1 0 1 1 1 0 1 1 1 0
0 1 0 0 1 1 0 0 0 1 0 1 1 0 0 1
1 1 0 1 1 1 0 0 0 0 0 0 0 1 1 1
1 1 1 1 0 0 1 1 1 0 0 1 1 1 0 0
1 1 1 1 0 0 0 0 0 0 0 0 1 1 0 0
0 0 1 0 1 1 1 1 0 1 1 1 0 1 1 1
0 0 0 0 0 0 0 0 1 1 1 1 1 0 0 0
0 0 1 1 1 1 1 1 0 1 1 1 1 1 1 1
0 0 1 1 0 0 0 0 1 0 0 0 0 0 0 0
0 1 0 1 1 0 0 0 0 0 0 1 1 1 1 1
1 1 0 1 0 1 0 0 0 1 0 0 1 1 0 1
0 1 1 1 0 0 0 0 0 0 0 0 0 1 0 1
1 1 1 1 1 1 0 1 1 1 1 0 0 0 0 0
1 0 0 0 0 0 0 1 0 0 0 0 0 0 0 0
1 1 0 0 1 0 1 1 0 1 0 0 0 1 1 1
1 1 1 1 1 0 1 1 0 0 0 0 1 0 1 0
51 17 17 7 8 7 8 19 20 8 47 17 8 10 30 17
17 37 60 13 24 59 11 7 7 8 9 24 24 7 60 4
14 26 23 16 16 30 23 23 44 23 23 11 44 16 30 16
16 12 12 12 44 44 57 12 12 56 56 53 37 24 13 13
24 37 37 47 21 38 38 38 38 3 56 38 35 35 56 56
13 13 61 54 47 61 14 53 42 53 47 47 42 53 37 53
42 42 42 5 5 5 5 5 35 57 57 30 30 44 21 21
21 21 63 26 61 61 61 63 3 63 63 57 63 39 35 35
9 9 51 57 9 15 15 25 22 15 15 15 29 29 29 50
29 26 27 26 26 29 60 9 25 3 3 39 39 6 6 39
6 45 58 39 48 43 27 27 11 14 50 11 14 4 11 14
50 4 4 4 58 50 27 50 19 58 27 60 58 18 58 41
41 41 41 6 41 28 60 28 28 28 28 54 54 54 54 40
6 31 19 31 31 31 31 22 19 19 40 48 3 25 25 25
22 22 48 48 51 48 43 43 46 22 40 40 40 43 43 49
45 49 45 49 51 52 51 49 52 52 52 52 20 46 20 62
