1 1 1 1 1 0 1 0 0 0 0 0 0 0 0 0
0 1 0 1 0 0 0 0 0 0 0 0 0 0 0 0
0 1 1 0 1 0 0 0 0 0 0 0 0 0 1 1
1 1 0 1 1 0 0 0 0 0 0 1 0 1 1 0
0 0 0 0 0 0 0 1 0 0 1 1 1 1 0 1
1 1 1 1 1 1 1 0 0 0 0 0 1 0 0 0
1 1 1 1 1 1 1 1 1 1 1 0 0 0 0 0
0 0 0 0 1 1 1 1 1 1 1 1 1 1 1 1
1 1 0 0 0 1 1 1 1 0 0 0 0 0 1 1
1 1 1 1 1 1 1 1 0 0 0 0 0 1 1 1
1 1 1 1 1 1 1 1 1 1 0 0 0 0 0 0
0 0 0 0 0 0 0 0 0 0 0 0 0 1 0 0
0 0 0 1 1 1 1 1 1 1 1 1 0 1 1 1
1 1 1 1 1 0 0 0 0 1 1 1 1 1 1 1
1 1 1 1 0 0 0 0 0 1 1 1 1 0 0 0
0 0 1 1 1 1 1 0 0 0 0 1 1 0 0 0
59 59 59 59 59 27 18 52 52 52 52 52 21 21 21 21
15 26 21 28 60 29 25 38 38 38 38 38 48 48 48 48
48 37 10 7 28 42 42 42 42 44 44 44 44 44 35 8
63 63 60 63 63 60 60 60 56 56 56 28 56 28 28 56
15 11 11 11 11 11 9 51 9 9 51 51 51 51 9 47
47 47 22 22 22 22 22 9 62 62 23 23 20 23 23 23
10 10 10 10 47 47 12 12 12 12 12 25 25 25 25 3
3 3 3 3 8 8 8 8 57 57 57 57 57 24 24 24
24 24 15 15 15 37 37 37 37 46 46 46 46 46 43 43
43 43 43 16 16 16 16 16 5 5 5 5 5 18 35 18
18 18 53 53 53 53 53 35 35 35 36 36 36 36 36 13
13 13 13 13 27 27 27 27 58 58 58 58 58 63 40 40
40 40 40 30 30 30 30 30 39 39 39 39 42 45 45 45
45 45 41 41 39 7 7 7 7 4 4 4 4 4 49 49
49 49 49 41 31 31 31 31 31 20 20 20 20 50 50 50
50 50 61 61 61 61 61 29 29 29 29 41 41 19 19 19
