0 0 0 0 0 0 0 0 0 0 0 0 0 0 0 0
1 1 1 1 1 1 1 1 1 1 1 0 0 1 1 1
1 0 0 0 0 0 0 0 1 1 0 1 1 1 1 1
1 1 1 1 1 1 1 1 1 0 1 1 1 1 1 0
0 0 0 0 1 1 0 0 0 0 0 0 1 1 1 1
1 1 1 1 1 0 1 1 1 0 0 0 0 0 0 0
0 0 0 0 0 0 0 0 0 0 0 0 0 0 0 1
1 1 1 0 0 1 1 1 1 1 0 0 0 1 1 1
1 1 1 1 1 1 1 1 1 1 1 1 1 1 1 1
1 1 1 1 1 1 1 0 0 0 0 0 0 0 0 0
0 0 0 0 0 0 1 1 1 1 0 0 0 1 0 0
1 1 0 1 0 0 1 0 1 1 1 0 0 1 1 1
0 0 0 0 0 0 0 0 0 0 1 1 1 1 0 0
0 1 1 0 1 0 0 0 1 1 1 0 1 1 1 1
0 1 1 0 1 0 0 1 1 1 1 1 0 0 0 0
1 0 1 0 0 0 0 0 0 1 0 0 0 0 1 1
27 7 7 7 27 7 27 7 27 27 15 21 21 21 21 21
18 12 12 12 12 12 16 26 26 57 4 54 54 24 24 24
30 17 23 52 52 52 52 52 43 47 19 20 20 4 59 6
6 6 28 28 53 53 18 43 43 42 43 18 22 18 18 9
9 50 50 50 53 45 62 62 29 31 56 56 63 63 16 63
63 63 53 16 53 19 16 16 14 19 42 42 42 40 40 40
40 11 40 11 11 31 62 11 11 9 9 9 54 54 54 59
59 59 59 15 15 49 49 49 49 49 13 13 13 14 14 14
10 10 10 14 10 26 26 26 51 51 51 51 51 10 4 37
37 37 37 4 4 37 61 46 23 23 23 23 5 5 5 5
5 15 15 46 46 46 8 8 8 8 3 3 3 8 3 3
6 6 46 41 42 56 22 56 22 22 22 62 62 55 55 55
44 44 44 44 31 31 31 44 50 50 24 24 41 41 60 60
60 55 55 60 45 58 17 58 47 41 41 60 43 47 47 47
25 45 45 38 39 13 13 30 30 30 30 61 38 38 38 56
57 25 57 25 25 36 36 25 36 39 17 17 17 38 39 39
