0 0 0 0 0 1 0 1 1 1 1 1 0 0 0 0
1 1 0 1 0 0 1 1 1 0 0 0 0 0 1 0
0 0 0 0 0 0 0 1 1 0 1 0 0 0 0 0
0 0 1 0 1 1 0 0 1 1 1 0 0 0 0 0
0 1 1 0 0 1 1 1 1 1 1 1 1 1 1 0
0 0 0 0 1 1 0 0 0 0 0 1 0 1 0 1
0 0 0 0 1 1 1 1 1 1 1 1 1 1 0 0
0 1 1 1 1 1 1 0 0 0 1 0 1 0 0 0
0 0 0 1 1 0 0 1 0 0 0 0 0 1 1 1
1 1 0 0 0 0 1 1 1 1 1 1 1 1 1 0
0 0 0 1 0 1 1 1 1 1 1 1 1 1 1 1
1 0 1 1 1 1 1 1 1 0 0 0 0 0 1 0
1 1 1 1 0 0 0 0 0 1 1 1 1 1 0 1
0 1 0 1 0 1 0 0 0 0 0 0 0 0 0 0
0 0 0 0 0 0 1 1 1 1 0 0 0 0 0 1
1 1 0 0 0 0 0 0 0 0 1 1 1 1 1 1
58 56 11 13 13 63 11 63 26 24 63 24 40 15 17 11
4 24 9 24 17 11 63 24 63 5 11 5 5 23 26 23
23 25 56 25 23 25 23 22 16 40 61 21 48 48 48 13
25 5 4 5 26 4 56 25 59 4 4 56 56 13 13 17
17 26 26 17 21 6 6 8 6 37 6 6 37 37 37 50
50 50 50 15 8 37 31 21 31 21 21 49 15 28 50 49
58 58 58 58 57 22 8 49 49 28 57 49 57 57 48 48
7 57 28 28 28 8 8 15 15 31 22 52 22 52 52 31
31 3 3 12 12 3 9 22 3 3 7 7 7 18 18 18
18 18 9 9 9 7 35 12 35 12 35 35 35 14 14 40
40 40 52 12 52 51 20 51 51 51 20 51 14 20 20 20
41 19 14 16 16 14 16 16 41 19 19 19 19 54 10 54
10 10 10 30 62 62 62 62 62 10 41 59 41 59 38 59
38 59 38 41 38 61 54 38 54 54 42 27 27 27 42 27
42 27 42 42 60 36 30 61 61 61 29 29 29 29 29 30
30 30 36 36 36 60 60 36 60 60 53 53 55 55 53 53
