1 0 1 0 1 0 1 0 0 1 1 0 0 1 0 0
1 0 1 1 1 1 1 1 1 0 0 0 0 0 0 0
1 1 1 0 1 1 1 1 1 0 1 0 0 1 1 1
1 1 0 1 0 1 0 1 1 1 1 1 1 1 1 1
1 1 1 0 0 1 0 0 1 1 1 0 1 0 1 0
0 0 0 1 1 1 0 1 1 0 0 1 0 0 0 0
1 0 1 0 0 1 0 0 1 1 0 1 0 1 0 0
0 0 0 0 1 0 1 1 0 1 0 1 0 1 0 0
0 0 1 1 1 1 1 1 0 1 0 0 1 0 1 1
0 0 0 0 0 1 0 1 1 1 0 0 0 1 1 1
0 1 1 0 1 1 1 1 0 1 1 0 1 1 0 0
0 1 1 0 0 0 1 1 1 1 1 1 1 0 0 0
1 1 1 0 0 0 1 0 1 1 0 0 1 0 1 1
1 0 0 0 1 0 0 0 0 0 0 0 1 0 1 1
0 0 0 1 0 1 1 1 0 0 1 0 1 1 0 1
0 0 1 0 0 0 1 0 1 0 1 0 1 1 1 0
28 36 22 21 12 50 63 31 50 10 45 54 46 16 42 40
43 31 45 30 43 10 43 8 24 13 36 36 52 29 29 54
4 4 59 19 53 35 57 51 51 15 39 44 23 49 53 14
14 41 62 49 50 28 38 37 30 55 59 26 61 49 61 47
63 8 51 62 48 63 48 25 6 8 49 48 49 29 57 48
48 13 56 41 14 41 52 53 57 31 54 30 11 25 17 7
8 29 51 25 25 8 25 52 55 28 29 22 46 10 54 23
11 46 44 52 24 54 55 47 46 39 11 35 27 51 52 44
23 11 28 57 28 30 22 24 46 41 44 23 20 27 41 35
15 21 11 44 13 35 27 59 30 35 31 15 23 43 14 59
36 53 53 15 47 55 20 55 13 47 37 27 59 24 7 27
15 39 12 17 3 3 63 43 63 37 39 20 22 40 5 7
10 22 47 7 40 5 24 7 6 6 36 3 57 42 6 4
45 17 17 42 4 31 42 62 38 38 19 5 6 38 45 26
42 38 17 45 62 4 18 14 50 62 16 5 16 18 19 16
40 40 16 19 19 3 39 50 26 5 37 3 26 37 18 60
