1 0 1 0 1 0 1 0 0 0 0 1 1 0 0 0
1 0 1 1 1 0 1 0 0 1 0 1 1 0 1 0
1 0 0 0 0 1 0 1 1 0 1 1 0 1 1 1
0 0 0 0 1 0 1 0 1 1 1 0 0 1 0 0
1 0 1 1 0 1 1 0 0 1 0 1 0 0 0 0
0 0 0 0 0 1 1 1 0 0 0 1 0 1 0 1
1 0 0 0 0 0 1 1 1 0 1 1 0 0 0 0
1 1 0 1 0 1 0 0 0 0 0 0 0 0 1 1
1 0 1 0 1 1 0 0 0 0 1 1 1 0 1 1
1 0 1 0 1 0 1 1 0 1 0 0 1 1 0 1
1 1 1 1 1 1 0 1 0 1 1 1 1 1 0 1
1 1 1 1 0 0 0 0 0 0 0 1 1 0 0 0
0 1 1 0 1 0 1 0 0 1 1 1 0 0 0 0
0 0 0 0 1 1 0 0 1 1 0 0 0 1 0 0
0 0 0 1 0 0 0 1 1 1 0 0 1 0 0 0
0 1 0 1 1 1 1 0 1 1 1 1 1 1 1 0
28 36 22 21 12 50 63 31 50 15 13 45 51 21 38 40
35 19 63 57 53 54 45 60 31 39 29 41 18 27 26 23
43 3 27 19 17 55 52 8 24 40 4 57 7 51 37 37
7 7 7 3 43 42 18 15 10 10 37 54 25 18 21 29
30 31 51 20 27 55 6 19 52 43 15 26 46 29 23 48
54 44 48 23 27 28 45 14 15 31 27 59 13 63 58 35
63 11 60 62 56 15 43 18 16 40 20 16 52 44 62 54
39 14 38 14 3 26 50 38 3 50 58 58 19 58 12 41
26 50 18 56 41 43 7 17 58 38 6 63 41 54 41 51
6 17 22 46 6 11 6 22 9 26 56 62 49 49 60 49
49 49 55 55 4 30 5 30 46 47 12 4 51 47 3 30
59 12 12 14 56 46 36 13 56 52 44 14 47 13 46 52
17 57 47 17 47 25 22 11 60 4 22 55 42 60 62 38
19 5 5 11 4 35 11 36 28 28 23 5 13 28 42 42
42 23 5 16 36 62 31 16 16 35 40 9 24 44 44 9
9 8 29 8 8 8 57 29 30 20 35 20 57 53 53 21
