1 0 0 0 1 0 0 1 1 1 1 1 1 1 0 1
0 0 1 0 0 0 0 1 1 0 1 1 1 1 1 0
0 0 0 1 1 0 0 1 1 0 0 1 1 0 0 0
1 0 1 1 1 1 1 1 1 1 1 1 0 0 0 0
0 0 0 1 1 0 1 0 0 1 1 1 0 0 1 1
1 0 1 0 1 0 0 1 0 1 1 0 1 1 1 1
1 0 0 1 0 1 0 0 1 1 1 1 1 0 1 1
0 1 1 0 1 0 0 1 0 0 0 1 0 0 0 0
1 1 1 1 0 0 0 1 1 0 0 0 0 1 0 1
0 1 0 1 0 1 0 1 0 1 0 1 1 0 0 0
0 1 1 1 0 1 1 0 0 1 1 0 0 1 1 0
0 0 0 1 0 0 0 0 0 0 0 1 1 1 1 0
1 0 1 1 1 1 1 1 0 1 1 0 1 0 1 0
1 1 1 1 1 0 0 1 0 0 1 0 1 0 0 1
0 0 1 0 1 1 1 1 1 0 1 0 1 0 1 0
0 0 1 1 0 1 0 0 1 0 0 1 0 1 0 0
37 27 58 31 59 27 27 35 59 16 28 39 14 45 58 30
13 56 61 44 3 60 50 8 37 38 63 55 51 28 35 54
46 50 60 39 57 54 40 24 20 25 5 4 41 13 50 5
12 48 45 37 45 55 45 55 39 55 57 35 25 7 7 11
11 31 42 18 6 31 20 48 48 57 14 4 40 25 37 41
41 25 43 23 20 58 52 55 50 57 16 54 24 10 39 16
16 7 42 39 60 14 21 58 57 63 63 63 63 19 4 49
5 20 12 44 4 29 62 10 21 29 19 6 19 31 25 48
16 35 4 18 38 31 58 6 14 17 60 60 44 43 29 51
15 49 15 49 13 53 27 22 52 10 17 6 37 44 21 40
48 22 10 8 62 8 61 9 38 47 18 13 9 61 59 9
15 3 13 14 19 46 19 52 56 38 54 43 47 30 30 52
49 21 6 8 22 59 59 61 42 49 43 15 53 23 24 42
35 26 51 53 41 50 46 45 40 40 30 38 43 62 15 53
42 46 18 54 51 53 8 51 41 52 47 46 22 23 22 23
62 27 18 61 44 47 36 21 10 5 56 30 23 47 3 11
