1 0 0 0 1 0 0 1 1 1 1 1 1 0 1 0
1 1 1 1 0 1 1 0 0 1 1 0 1 1 1 0
0 1 1 0 1 1 0 1 1 1 0 0 0 0 1 1
0 1 0 0 1 0 0 0 0 0 0 0 1 1 0 1
1 1 0 0 0 1 0 0 1 0 0 1 0 1 0 1
0 1 1 0 0 0 0 0 0 0 1 1 0 0 0 0
0 1 1 0 0 1 1 1 1 1 0 0 0 0 1 1
0 0 0 1 1 1 1 0 0 0 0 0 1 1 0 0
0 0 0 1 0 1 1 0 0 1 0 1 1 1 0 0
1 0 1 0 1 0 1 0 0 1 1 0 0 0 0 1
1 0 0 1 1 1 0 1 1 1 1 0 0 0 0 1
0 1 0 1 1 1 0 0 0 0 1 0 1 1 1 1
0 1 1 1 0 1 0 0 1 0 1 1 0 0 1 0
0 0 1 1 1 1 1 1 1 1 1 1 1 1 1 1
0 1 1 1 0 0 1 1 1 0 1 0 0 1 0 0
1 0 0 0 0 0 0 0 0 1 1 0 0 1 1 1
37 27 58 31 59 27 27 35 59 16 28 39 14 7 45 58
30 45 8 12 3 20 51 42 52 4 35 50 37 41 47 54
60 57 57 19 57 28 50 61 18 8 11 11 48 7 63 51
7 63 11 36 45 5 40 7 40 60 42 25 4 6 21 4
4 8 13 46 31 20 15 48 24 40 60 10 5 6 40 20
48 28 35 62 62 58 27 56 27 62 37 12 11 56 31 13
52 57 12 48 13 61 4 61 59 41 25 58 23 23 6 22
23 29 38 49 24 57 49 50 19 52 58 54 49 51 40 48
62 50 62 35 46 8 26 25 52 24 52 16 55 24 42 25
61 25 10 46 55 31 59 50 19 16 59 5 31 44 60 45
51 7 13 8 45 51 5 30 39 47 39 15 46 15 46 43
15 55 19 6 6 16 36 56 56 56 20 60 61 49 63 24
36 22 43 18 23 43 19 38 43 44 22 55 38 54 26 3
23 13 10 10 30 16 12 55 18 28 39 12 43 28 10 26
44 47 26 49 36 15 39 37 37 38 26 42 42 63 36 38
20 17 5 44 44 3 54 54 29 53 22 29 29 53 18 14
