0 0 0 0 0 0 0 0 0 0 0 0 0 0 0 0
0 0 0 0 1 0 1 1 0 1 0 0 0 1 1 0
0 0 1 0 0 1 0 0 0 0 0 1 0 0 0 0
0 1 1 0 1 0 1 1 0 0 0 1 1 0 1 0
0 0 0 1 1 0 0 1 1 1 1 1 1 0 0 1
1 1 1 1 0 0 0 0 0 0 0 1 0 1 0 0
0 1 1 0 1 0 0 0 1 1 0 1 1 0 0 0
0 1 0 0 1 0 0 0 1 1 1 1 0 1 0 1
0 1 1 0 1 0 1 0 0 0 1 0 1 1 0 0
1 1 0 0 0 0 1 1 0 0 0 0 1 0 0 1
0 1 0 0 1 1 1 1 0 1 1 1 1 1 1 1
1 0 1 1 1 0 1 0 1 0 1 1 1 1 1 0
0 1 1 0 1 0 1 1 1 0 1 0 0 0 1 0
1 0 1 1 1 1 1 1 0 1 1 1 0 0 0 1
1 1 1 0 1 1 1 0 1 1 1 1 1 1 0 1
0 0 1 1 1 0 1 1 1 1 1 1 1 0 0 0
3 36 5 38 7 40 9 42 42 11 44 13 46 15 48 17
50 19 52 21 53 58 51 22 27 30 29 48 62 28 63 50
29 36 26 3 56 14 44 54 23 17 46 24 56 13 21 40
42 57 53 36 28 62 63 37 29 31 19 35 10 27 28 25
21 60 9 41 14 44 27 30 37 55 45 37 16 29 7 51
20 18 43 47 27 5 54 54 46 54 25 57 17 24 3 56
42 55 39 54 28 15 13 19 12 14 62 22 16 48 3 3
23 28 62 19 45 29 27 44 22 30 24 57 15 51 38 10
50 18 37 17 55 56 43 17 56 23 45 11 14 55 44 5
24 49 36 46 42 50 43 55 5 7 19 58 14 52 60 6
23 43 62 23 16 43 57 30 38 45 37 35 49 45 10 53
59 36 16 10 10 5 49 7 16 7 39 4 41 49 49 52
15 57 26 48 24 13 18 18 18 48 22 15 38 13 12 52
35 50 51 12 30 35 12 26 11 12 26 26 21 31 21 41
41 6 6 38 47 4 61 58 41 6 6 47 39 63 31 59
31 31 53 59 51 46 53 4 47 20 22 61 35 52 58 11
