5 5 3 2 4 6 3 6 4 6 2 0 1 3 3 5
1 0 1 5 1 7 0 2 5 6 5 7 7 5 3 0
5 7 6 1 3 4 2 2 5 7 4 5 4 4 6 5
6 5 5 7 4 3 2 1 7 5 1 7 6 4 1 7
6 3 4 7 0 0 1 6 5 3 6 2 4 1 2 3
7 1 6 4 1 7 5 0 7 5 0 5 6 1 5 1
4 2 4 7 2 4 4 1 0 4 0 4 5 3 0 5
7 1 6 1 5 6 2 1 5 7 4 6 4 7 2 0
4 3 5 1 5 4 2 4 1 2 1 5 2 3 3 2
0 2 1 0 0 2 0 1 7 7 7 4 1 1 0 5
1 7 2 0 4 0 4 2 0 1 1 1 1 5 1 5
7 2 7 3 7 3 4 0 2 2 2 3 7 4 0 4
5 3 5 6 5 0 0 3 7 4 1 0 1 5 6 5
7 6 5 0 4 5 0 1 6 2 6 5 0 2 0 4
1 1 3 7 0 5 0 7 4 6 3 7 2 3 3 1
4 5 1 2 2 5 7 0 1 0 2 6 0 2 7 1
47 45 27 20 36 53 26 53 37 52 21 7 14 30 31 44
15 7 15 47 15 61 5 19 47 55 46 63 60 43 27 5
45 60 53 13 31 35 21 20 43 63 37 45 37 36 51 42
53 42 45 59 38 27 19 11 58 43 12 61 51 35 14 58
53 31 37 62 6 5 12 51 45 27 51 20 39 11 18 31
60 14 52 36 13 62 43 5 63 47 3 44 51 11 45 13
34 20 37 60 21 38 39 15 3 35 3 34 46 29 4 43
60 14 53 14 44 52 23 12 42 60 39 51 34 58 18 6
37 29 42 12 45 35 19 34 15 23 14 43 18 31 27 22
3 20 12 7 6 20 7 15 61 62 63 35 12 11 3 45
11 60 23 6 37 6 35 19 3 11 13 15 15 44 15 43
60 19 63 27 61 29 36 6 20 20 21 28 62 39 6 34
46 31 47 51 44 3 5 31 62 35 11 5 12 47 51 45
61 50 45 3 37 42 7 15 53 23 53 43 4 23 6 36
13 11 28 62 7 44 6 60 36 50 28 62 18 31 27 11
35 46 14 18 20 45 61 6 15 6 23 51 5 20 60 12
