5 5 3 0 0 7 1 0 2 5 3 2 6 3 6 5
2 2 3 2 5 5 6 3 1 7 5 3 1 4 4 7
4 3 0 0 7 5 5 0 2 0 7 2 4 4 3 7
0 1 4 1 5 7 2 6 3 4 0 6 0 0 2 3
1 6 0 3 3 4 7 5 6 6 7 6 1 2 5 2
6 0 1 3 7 4 4 7 7 7 6 0 5 0 0 4
4 1 6 7 1 0 2 4 0 2 5 7 7 7 3 6
7 7 3 4 5 0 6 4 6 7 2 5 1 2 5 0
6 1 4 6 6 1 7 1 2 0 6 6 1 5 1 6
1 7 2 5 6 7 1 3 5 0 3 1 6 4 3 2
7 6 0 1 4 5 4 6 0 3 7 3 6 2 3 3
5 4 0 5 1 2 7 7 2 2 0 7 2 2 0 1
5 0 0 6 1 1 5 4 7 0 3 1 7 6 3 4
2 7 3 5 2 1 0 0 5 7 1 6 1 1 3 5
7 1 1 2 5 6 1 6 3 6 6 5 5 3 1 3
3 6 1 5 2 3 2 3 2 0 1 6 1 5 6 5
42 43 26 4 4 58 12 7 21 45 26 21 53 31 54 46
20 21 27 18 45 45 54 27 12 60 45 30 15 35 39 60
38 27 3 5 58 47 46 3 22 4 58 18 38 39 30 61
7 11 36 15 46 58 23 54 28 36 6 52 7 3 19 26
13 51 3 29 31 37 61 45 53 52 58 50 15 19 45 19
50 3 14 28 59 37 38 61 59 61 55 7 44 7 7 37
35 13 55 58 15 5 21 36 7 21 46 60 58 63 29 53
58 59 27 39 46 6 53 35 52 60 22 46 14 22 42 5
50 11 38 52 52 11 59 14 21 7 52 55 13 46 13 54
15 58 23 43 50 59 13 31 45 6 30 15 50 39 30 21
60 51 5 14 36 45 38 55 3 26 59 29 52 18 28 30
43 38 6 44 14 23 62 60 18 23 7 58 23 20 3 12
44 5 4 50 15 14 45 36 62 3 29 14 59 53 27 34
21 63 31 46 22 13 4 5 47 63 11 52 15 13 28 46
60 12 13 21 43 54 15 50 26 54 55 44 45 30 15 29
31 50 11 47 18 28 23 30 18 4 11 50 12 47 52 47
