5 1 1 4 6 3 6 1 2 1 7 0 1 6 5 7
5 4 7 6 5 7 0 4 2 2 5 2 3 7 4 5
3 3 0 4 2 2 3 2 0 1 3 7 7 1 2 1
6 1 2 5 6 3 4 4 6 5 5 4 3 0 7 5
5 1 0 1 5 4 4 0 1 0 3 2 1 0 0 4
4 6 7 6 1 7 5 0 0 4 2 2 1 2 6 1
2 3 7 7 7 5 3 4 5 7 1 1 2 6 3 7
3 2 1 4 2 3 3 5 3 7 4 2 3 0 5 3
5 1 4 6 4 7 3 2 5 7 2 6 5 1 1 1
4 3 3 2 5 3 4 5 2 2 2 6 6 6 0 6
4 3 0 3 6 6 2 1 6 0 4 7 6 4 1 4
4 0 1 2 2 6 1 6 0 1 6 0 1 5 0 7
4 1 0 7 3 5 2 6 3 0 0 5 0 5 0 5
5 0 4 6 5 3 1 4 0 1 5 7 2 6 2 0
0 6 4 1 5 3 4 2 2 5 5 4 6 2 6 2
3 0 4 6 6 2 6 1 1 1 0 5 6 6 1 7
42 14 15 38 54 26 54 13 20 11 63 6 12 50 42 62
46 34 60 53 46 63 5 34 23 21 45 20 28 63 39 43
27 26 5 36 20 20 31 22 5 14 28 61 61 12 21 11
55 12 19 42 53 31 37 39 52 42 45 35 30 3 63 46
42 15 5 14 44 35 38 5 12 4 27 18 13 6 3 38
35 54 60 50 11 61 44 7 6 34 19 18 14 23 52 14
23 29 60 62 61 42 28 37 46 58 12 14 18 53 29 58
29 21 14 39 18 31 27 47 30 63 36 18 26 3 46 31
47 15 34 52 37 58 27 23 45 62 21 52 45 11 14 15
39 29 29 22 44 30 39 47 21 22 22 52 51 50 4 55
36 31 5 27 55 55 18 13 53 7 35 58 52 37 14 37
35 4 11 19 20 54 13 51 4 14 53 4 11 45 5 58
37 11 6 62 30 45 23 51 28 6 7 42 7 43 5 42
43 3 36 53 47 29 12 39 7 13 45 58 20 53 23 7
3 50 37 12 43 27 38 21 18 42 43 38 55 20 54 22
27 3 38 53 54 20 53 14 11 11 4 47 52 55 11 62
