0 6 4 6 1 3 0 3 0 4 6 4 3 2 3 4
3 7 3 0 7 0 6 2 1 3 1 4 6 0 0 0
6 1 6 0 1 4 4 3 6 3 3 3 4 4 3 4
1 0 4 0 1 6 3 5 4 5 6 4 1 0 3 3
6 2 4 2 6 2 0 4 7 1 6 4 1 6 7 1
4 2 6 7 6 7 0 2 3 7 4 1 6 6 6 7
6 1 5 1 3 0 7 0 2 2 2 1 0 5 6 7
1 4 6 6 0 4 0 0 2 0 3 7 7 3 1 3
3 4 0 4 4 6 0 0 7 0 0 7 2 3 2 6
2 1 1 2 3 2 4 0 6 2 4 4 3 6 5 7
5 3 5 7 5 4 2 3 4 5 6 3 3 7 6 7
3 7 5 2 0 5 3 5 7 3 0 6 2 7 5 1
4 1 3 4 6 4 3 4 1 3 0 5 0 1 3 1
5 6 4 5 2 6 5 2 7 5 2 5 5 2 4 4
2 4 2 0 4 4 7 2 0 2 4 5 7 2 7 7
6 6 0 6 6 7 4 0 0 3 5 3 1 2 4 3
4 54 39 51 13 27 5 26 7 36 53 39 30 18 27 38
26 62 31 6 59 7 55 20 13 28 11 34 53 7 6 4
55 11 52 7 15 34 34 27 53 27 31 29 34 37 27 36
14 6 37 4 11 55 31 46 36 44 51 35 12 3 26 29
52 21 39 23 54 22 5 38 63 14 53 37 11 51 61 12
34 22 54 60 51 63 5 21 28 62 36 11 51 53 50 62
53 12 42 11 30 3 59 4 23 23 23 13 4 47 52 62
15 34 50 51 7 35 5 3 18 4 26 61 60 31 15 31
29 34 6 38 36 54 7 7 63 7 7 58 20 27 18 55
22 11 13 23 26 21 39 7 54 20 35 35 28 52 45 58
44 26 44 58 46 35 23 27 36 44 55 27 31 59 53 63
27 61 43 20 3 47 31 44 63 31 6 53 18 61 42 13
39 11 30 34 50 34 26 38 15 29 6 42 5 14 31 15
45 52 36 42 23 55 45 18 60 45 23 46 42 20 36 35
19 39 22 4 39 39 61 18 6 21 38 45 61 20 59 59
53 52 5 50 50 60 38 4 5 29 45 28 11 23 36 27
