2 2 4 1 7 7 7 2 6 3 3 4 1 5 5 0
4 0 7 3 2 6 7 1 5 2 7 1 5 1 0 1
5 6 0 4 4 2 4 0 6 4 6 4 1 3 4 5
5 3 7 5 1 4 0 7 5 3 1 2 2 3 2 5
3 6 1 5 1 0 2 4 3 2 4 4 0 7 0 1
3 3 0 6 7 7 5 0 4 1 3 6 2 3 7 1
5 3 5 4 5 6 0 2 1 3 3 7 0 1 2 7
1 0 3 1 2 6 1 7 2 5 3 1 5 5 5 6
3 6 2 2 3 1 3 2 1 4 3 3 3 3 5 3
3 4 4 5 2 4 4 1 7 2 0 0 5 3 1 7
7 0 2 0 3 1 1 6 7 2 3 6 6 6 4 1
3 1 7 5 4 1 3 5 3 3 3 2 6 4 7 1
2 6 0 2 0 7 5 5 6 1 6 1 4 7 7 1
0 1 7 7 2 2 3 5 0 0 2 1 0 7 7 7
4 2 0 3 7 3 3 0 6 0 3 6 3 1 2 0
0 4 1 2 5 7 2 4 0 7 5 4 1 0 2 5
21 21 34 15 58 58 59 22 53 31 26 39 11 43 44 4
37 6 62 28 18 54 63 11 47 21 62 14 44 13 7 15
42 55 5 39 37 22 38 7 52 37 53 36 15 26 35 46
45 27 61 44 14 36 7 59 42 26 15 20 18 26 21 46
28 50 15 46 12 4 20 39 29 18 38 36 5 58 5 14
30 30 3 54 58 58 43 4 37 12 26 55 23 31 59 15
44 26 47 38 47 50 5 22 14 28 26 61 5 14 20 60
14 3 26 12 20 54 13 63 23 45 31 14 42 46 47 51
30 51 18 21 27 14 30 21 15 37 31 31 28 26 45 30
28 38 37 47 21 39 35 13 60 19 3 3 46 26 11 59
63 5 22 6 28 13 11 55 59 18 30 53 51 55 39 11
31 14 63 47 35 11 29 47 26 26 26 23 52 39 61 15
21 52 7 20 6 61 43 47 55 13 54 11 36 62 62 15
3 11 63 58 21 20 29 43 6 4 22 13 7 60 63 62
34 22 4 29 60 30 29 7 51 4 29 54 29 12 20 4
6 35 15 20 45 63 19 38 5 63 46 34 15 4 19 44
