6 3 4 2 2 1 3 0 3 4 1 7 0 1 1 7
3 6 6 7 4 2 1 1 4 4 6 5 5 0 5 6
6 2 4 2 4 0 5 0 4 7 2 3 3 6 2 7
6 4 7 3 3 4 0 6 0 7 7 1 0 5 3 5
0 1 1 4 3 4 0 2 5 7 4 2 0 2 7 3
6 4 5 0 0 0 7 1 0 4 0 4 7 4 7 2
1 7 5 2 4 4 1 5 5 7 2 5 1 5 6 1
6 1 6 1 4 2 2 0 4 6 5 7 6 2 5 6
4 2 1 6 0 7 2 3 5 0 6 2 1 7 7 3
0 5 3 0 3 5 0 2 3 0 2 7 1 6 0 4
3 0 5 6 6 7 2 6 6 0 7 2 5 6 2 7
2 0 7 7 4 5 0 5 6 6 0 7 6 0 2 4
0 0 4 2 4 4 6 4 0 0 2 2 2 5 2 7
3 4 2 1 3 2 2 0 4 6 4 7 1 2 2 5
4 5 3 3 4 5 6 5 1 7 1 1 2 1 2 4
1 7 6 2 7 4 2 1 5 6 5 7 1 0 5 6
50 30 36 22 21 12 28 5 30 36 15 59 6 14 15 63
26 54 52 63 36 20 11 11 35 37 55 43 46 5 42 55
52 19 35 19 37 3 42 4 36 61 21 27 27 55 18 60
54 36 60 30 27 39 6 54 7 63 60 11 7 42 27 45
4 12 15 36 28 39 6 23 43 62 36 23 7 20 59 28
50 35 44 7 3 6 59 14 4 38 7 35 58 38 59 22
15 62 46 20 37 38 15 46 44 61 23 44 12 45 51 11
54 14 55 13 39 22 22 6 37 50 47 58 50 19 46 54
36 21 15 52 6 58 20 26 47 4 50 20 15 58 58 31
6 43 28 7 27 46 5 18 29 5 18 58 15 54 7 34
26 4 43 50 52 63 19 50 50 4 61 20 47 54 18 61
21 5 59 61 38 45 5 44 52 55 6 58 55 4 22 37
3 4 35 21 35 34 51 37 6 6 22 19 21 47 19 63
29 35 19 12 27 23 20 4 36 52 38 61 15 21 20 43
35 44 26 27 36 44 53 42 13 60 12 13 21 12 20 38
12 62 55 20 60 38 22 15 44 54 42 59 12 4 44 54
