7 4 2 6 3 5 3 5 4 5 6 6 6 0 1 5
6 2 5 7 2 4 2 1 6 6 4 4 4 5 1 4
4 5 6 0 3 5 5 4 7 7 2 3 2 1 3 3
3 3 1 1 4 1 3 6 4 6 0 5 6 3 3 4
2 0 5 3 2 2 0 3 0 4 0 1 3 6 5 3
0 6 2 2 7 6 4 1 1 1 1 1 5 3 4 0
0 7 0 0 3 4 6 5 5 7 4 5 4 5 0 2
2 6 6 4 7 1 6 0 4 6 6 3 0 6 4 7
1 3 4 5 4 2 3 3 4 4 7 0 0 1 5 3
1 6 3 2 0 7 4 0 3 0 1 4 7 4 3 0
2 0 3 5 1 2 6 0 3 3 0 0 5 1 6 1
7 4 1 6 5 2 4 1 6 0 1 5 0 6 7 6
4 3 3 1 7 5 3 2 5 7 5 0 3 6 1 1
5 7 3 1 1 4 3 4 0 3 1 4 6 5 1 7
3 4 2 1 4 6 7 1 3 3 2 7 3 2 4 6
5 4 4 3 0 4 6 0 6 7 7 0 7 1 2 1
59 38 22 51 26 47 30 45 34 43 55 54 51 4 11 42
55 22 43 63 21 37 18 11 51 50 39 36 36 45 13 35
37 45 50 3 26 44 44 36 61 61 22 30 21 12 28 31
29 28 13 14 35 15 28 51 39 53 6 44 52 28 28 37
23 6 43 26 23 23 3 30 5 34 3 12 27 55 45 28
6 53 23 20 61 53 38 11 12 13 11 11 46 31 37 3
6 58 3 4 28 35 55 45 46 61 36 46 39 44 3 18
18 53 50 37 60 13 55 7 39 55 53 28 4 52 34 62
14 29 38 43 36 21 27 31 38 38 62 4 3 12 46 31
14 52 30 18 3 60 39 6 26 4 15 35 61 37 27 4
22 6 27 46 11 21 54 5 26 27 4 4 46 12 51 15
61 36 15 51 42 22 37 15 54 3 13 45 4 53 62 51
34 26 29 15 62 43 27 21 45 58 45 5 26 53 11 14
42 62 29 13 13 34 30 37 7 26 14 35 55 45 15 62
29 38 23 13 38 50 60 13 27 27 19 59 31 21 34 55
47 38 38 28 5 37 55 5 54 60 63 4 63 11 23 11
