2 7 3 3 4 4 4 6 7 6 3 7 5 7 2 6
5 2 1 0 7 6 5 5 4 4 1 6 6 2 1 2
3 6 6 3 4 3 6 7 4 2 2 1 2 1 6 7
7 0 4 6 3 1 2 3 5 2 7 2 6 7 7 1
3 2 7 1 3 6 4 5 6 1 5 6 0 3 2 2
1 7 3 2 3 5 6 0 6 5 1 0 5 2 7 5
4 2 4 7 1 7 5 6 0 5 7 6 4 6 0 1
4 6 0 7 5 6 3 6 2 2 3 7 2 7 7 1
6 3 6 3 6 3 5 1 6 1 4 0 6 7 7 3
2 4 6 5 2 2 7 1 1 0 2 4 4 2 1 2
5 6 7 2 3 6 2 3 3 6 6 3 6 7 5 4
3 6 4 3 0 1 5 3 6 3 1 3 5 5 6 1
1 5 0 3 7 3 5 3 6 0 3 7 6 4 6 3
4 0 5 7 1 6 2 0 6 4 7 4 0 7 7 3
4 3 4 0 1 7 1 4 1 5 7 7 7 4 6 6
7 2 2 7 4 3 4 5 6 1 7 5 6 6 5 2
22 58 31 31 35 39 34 53 59 53 28 62 47 60 21 53
43 23 12 4 62 51 45 47 37 39 11 51 51 23 11 22
27 55 54 30 36 31 52 62 34 18 22 14 20 14 54 60
58 7 39 50 30 15 20 30 45 18 59 21 52 60 59 11
27 19 60 12 27 52 36 46 52 13 42 52 6 27 18 20
11 62 26 18 26 47 54 4 54 46 14 4 45 21 59 42
34 22 38 59 13 62 46 55 4 42 60 52 38 55 6 13
38 54 7 62 45 50 30 55 23 18 30 58 18 59 63 11
55 26 53 29 52 30 42 14 52 14 35 4 50 63 59 27
23 39 51 44 22 21 62 11 14 7 21 35 39 19 14 18
43 53 60 18 29 53 21 30 30 55 55 26 51 63 43 37
26 53 36 26 7 12 42 30 53 30 12 27 45 45 55 14
12 46 7 29 58 26 46 30 52 3 26 59 52 38 51 27
34 7 43 59 13 53 19 5 52 37 61 35 4 61 58 30
37 26 38 5 15 58 14 34 13 42 60 60 58 38 53 54
60 22 21 60 35 28 37 45 53 11 63 46 50 53 44 18
