5 1 1 7 5 3 0 6 0 4 5 5 4 0 3 4
6 6 7 3 4 4 2 3 5 6 1 3 0 6 2 4
2 0 4 4 4 4 4 6 7 4 7 5 2 0 2 7
1 0 1 5 5 3 4 1 2 2 5 2 4 3 6 5
6 2 6 7 7 3 2 1 2 6 5 4 7 5 2 4
7 0 3 7 0 2 6 3 6 3 3 4 3 2 3 4
0 6 2 7 3 6 0 2 1 3 1 4 3 5 5 1
0 6 3 5 5 5 2 2 7 1 4 5 3 7 3 0
0 1 3 5 2 6 5 2 5 6 0 1 1 0 2 7
4 7 7 2 2 2 0 2 7 6 0 1 5 6 2 6
2 5 5 2 7 6 6 1 3 5 3 3 6 1 4 3
5 5 5 5 6 0 0 7 6 5 3 7 5 4 4 7
0 1 4 3 1 2 4 2 2 4 7 6 4 2 4 5
3 5 6 4 1 3 6 0 6 4 5 4 7 2 4 6
5 4 1 4 0 6 0 7 2 7 4 6 3 6 7 1
3 6 4 1 1 3 7 5 0 1 1 5 1 1 7 6
44 12 12 59 45 27 4 52 3 37 42 42 35 6 30 34
55 55 63 28 36 37 18 28 46 50 14 31 7 51 18 34
22 5 39 35 37 39 35 51 63 36 63 45 20 3 20 58
14 5 15 45 46 29 36 15 22 18 47 21 38 29 53 43
54 22 53 58 63 26 21 12 22 51 46 39 63 47 23 36
60 3 31 61 4 18 50 27 53 26 29 34 27 21 30 37
5 53 19 60 30 55 3 18 11 27 12 37 31 47 42 11
6 55 29 46 42 43 22 19 63 15 38 43 30 63 29 4
5 12 29 46 20 51 46 22 45 54 7 14 14 6 23 61
36 59 63 21 23 18 3 20 58 50 4 14 46 50 19 55
21 46 44 22 61 52 51 15 30 45 28 28 52 11 36 29
42 47 45 42 53 5 6 59 52 43 26 62 42 39 39 59
5 12 35 28 14 21 39 21 23 37 59 54 39 21 36 44
26 47 50 36 15 29 51 6 55 35 47 36 61 18 39 54
46 37 15 38 4 51 3 61 22 62 38 52 26 55 58 14
31 53 36 14 14 31 63 47 7 13 12 45 12 12 58 55
