0 0 0 0 0 0 0 0 0 0 0 0 0 0 0 0
0 0 0 0 0 0 0 0 0 0 0 0 0 0 0 0
1 1 1 1 1 1 1 1 1 1 1 1 1 1 1 1
1 1 1 1 1 1 1 1 1 1 1 1 1 1 1 1
2 2 2 2 2 2 2 2 2 2 2 2 2 2 2 2
2 2 2 2 2 2 2 2 2 2 2 2 2 2 2 2
3 3 3 3 3 3 3 3 3 3 3 3 3 3 3 3
3 3 3 3 3 3 3 3 3 3 3 3 3 3 3 3
4 4 4 4 4 4 4 4 4 4 4 4 4 4 4 4
4 4 4 4 4 4 4 4 4 4 4 4 4 4 4 4
5 5 5 5 5 5 5 5 5 5 5 5 5 5 5 5
5 5 5 5 5 5 5 5 5 5 5 5 5 5 5 5
6 6 6 6 6 6 6 6 6 6 6 6 6 6 6 6
6 6 6 6 6 6 6 6 6 6 6 6 6 6 6 6
7 7 7 7 7 7 7 7 7 7 7 7 7 7 7 7
7 7 7 7 7 7 7 7 7 7 7 7 7 7 7 7
7 4 7 6 4 7 7 5 3 5 4 5 3 4 6 5
3 7 6 4 7 4 6 4 6 3 5 5 6 5 5 7
14 11 11 15 11 15 15 11 13 12 14 11 12 12 15 14
14 11 11 12 14 13 14 12 12 12 13 11 13 11 12 13
19 19 18 18 22 18 19 19 20 20 21 21 18 23 20 22
20 21 21 19 19 20 19 20 22 19 22 22 23 23 21 19
30 27 30 31 28 26 27 26 27 31 31 31 30 27 31 31
28 28 27 27 27 26 31 28 28 28 31 27 30 27 31 29
39 35 34 37 38 37 37 38 36 38 38 38 35 35 36 35
35 37 39 36 36 35 34 34 39 34 37 35 39 37 36 36
42 43 42 42 43 47 47 42 42 44 44 42 45 43 42 46
47 45 42 43 44 43 43 45 46 44 43 42 46 47 42 44
51 53 52 55 54 52 51 53 52 50 55 50 51 53 53 53
53 54 52 53 53 54 51 53 54 52 50 53 52 50 52 53
62 58 61 59 63 62 61 61 62 61 59 62 63 60 61 63
62 62 58 58 59 63 58 62 63 61 61 63 63 62 59 60
