0 0 0 0 0 0 0 0 0 0 0 0 0 0 0 0
0 0 0 0 0 0 0 0 0 0 0 0 0 0 0 0
1 1 1 1 1 1 1 1 1 1 1 1 1 1 1 1
1 1 1 1 1 1 1 1 1 1 1 1 1 1 1 1
2 2 2 2 2 2 2 2 2 2 2 2 2 2 2 2
2 2 2 2 2 2 2 2 2 2 2 2 2 2 2 2
3 3 3 3 3 3 3 3 3 3 3 3 3 3 3 3
3 3 3 3 3 3 3 3 3 3 3 3 3 3 3 3
4 4 4 4 4 4 4 4 4 4 4 4 4 4 4 4
4 4 4 4 4 4 4 4 4 4 4 4 4 4 4 4
5 5 5 5 5 5 5 5 5 5 5 5 5 5 5 5
5 5 5 5 5 5 5 5 5 5 5 5 5 5 5 5
6 6 6 6 6 6 6 6 6 6 6 6 6 6 6 6
6 6 6 6 6 6 6 6 6 6 6 6 6 6 6 6
7 7 7 7 7 7 7 7 7 7 7 7 7 7 7 7
7 7 7 7 7 7 7 7 7 7 7 7 7 7 7 7
6 5 6 5 6 6 3 5 6 4 5 6 6 7 5 6
7 7 7 4 4 5 6 7 7 6 6 5 3 7 4 3
14 13 15 11 12 13 13 13 15 14 13 15 15 13 15 14
12 15 14 15 14 15 15 11 13 11 12 15 11 11 15 13
21 23 21 23 18 22 18 22 20 18 18 21 22 21 19 18
22 21 22 18 18 21 19 22 22 20 22 21 20 23 21 19
30 31 27 26 26 28 27 28 27 30 30 27 26 31 30 26
30 29 26 28 27 31 27 29 30 29 28 27 28 28 30 31
37 37 34 37 38 39 38 38 36 35 38 39 38 36 39 39
34 37 38 38 35 35 34 34 38 37 35 35 35 39 36 38
43 45 43 42 46 46 42 47 43 43 43 46 45 45 45 42
46 46 46 46 45 45 46 43 43 46 45 47 44 47 46 46
51 50 50 55 50 50 55 52 52 51 55 55 51 50 55 55
52 52 53 54 52 55 52 51 53 55 55 50 55 53 53 55
58 59 60 59 59 61 58 60 60 60 60 62 63 59 59 61
59 59 60 61 58 62 59 59 61 58 62 58 59 63 61 62
