0 0 0 0 0 0 0 0 0 0 0 0 0 0 0 0
0 0 0 0 0 0 0 0 0 0 0 0 0 0 0 0
1 1 1 1 1 1 1 1 1 1 1 1 1 1 1 1
1 1 1 1 1 1 1 1 1 1 1 1 1 1 1 1
2 2 2 2 2 2 2 2 2 2 2 2 2 2 2 2
2 2 2 2 2 2 2 2 2 2 2 2 2 2 2 2
3 3 3 3 3 3 3 3 3 3 3 3 3 3 3 3
3 3 3 3 3 3 3 3 3 3 3 3 3 3 3 3
4 4 4 4 4 4 4 4 4 4 4 4 4 4 4 4
4 4 4 4 4 4 4 4 4 4 4 4 4 4 4 4
5 5 5 5 5 5 5 5 5 5 5 5 5 5 5 5
5 5 5 5 5 5 5 5 5 5 5 5 5 5 5 5
6 6 6 6 6 6 6 6 6 6 6 6 6 6 6 6
6 6 6 6 6 6 6 6 6 6 6 6 6 6 6 6
7 7 7 7 7 7 7 7 7 7 7 7 7 7 7 7
7 7 7 7 7 7 7 7 7 7 7 7 7 7 7 7
4 6 7 5 6 3 4 6 7 7 6 3 3 5 3 4
5 3 5 5 6 5 4 3 4 6 4 4 3 5 6 4
13 13 13 12 12 11 15 11 15 11 14 11 13 11 14 15
13 15 14 13 13 12 12 13 15 15 13 11 12 13 13 11
18 23 18 22 20 21 22 19 22 20 21 18 23 20 21 23
20 22 22 21 19 21 20 22 23 20 19 22 21 18 18 23
31 26 28 26 29 29 28 31 30 27 28 26 28 29 29 29
28 29 30 28 31 31 29 29 31 28 28 26 26 26 29 27
36 37 39 38 37 37 34 35 34 37 34 38 39 37 37 36
37 37 35 36 36 36 38 35 34 35 39 37 35 35 34 34
44 44 43 47 45 43 47 44 43 45 42 44 43 42 43 43
42 44 47 43 44 43 47 42 46 47 45 46 42 47 46 45
51 52 52 54 52 52 52 51 55 53 55 55 55 55 52 52
50 54 54 54 55 50 51 52 52 53 52 50 50 53 53 55
59 60 59 58 58 58 59 63 61 62 60 60 61 62 63 63
59 59 61 63 59 61 58 59 58 61 62 61 59 61 58 61
