4 0 5 1 2 6 3 3 2 4 4 6 5 0 1 0
3 0 5 0 6 6 1 7 6 2 2 4 1 5 4 2
4 3 6 7 6 1 0 1 0 0 6 0 5 3 5 7
7 7 3 4 5 3 1 6 3 6 2 4 4 6 0 3
0 3 7 7 7 5 2 4 0 0 4 2 3 6 7 1
3 7 1 0 3 1 5 4 4 3 2 0 1 1 1 2
2 4 2 5 3 5 5 4 1 6 2 3 1 1 7 0
0 3 1 4 0 3 1 5 4 6 2 4 4 5 7 4
7 4 0 7 7 7 4 6 1 4 1 4 3 1 7 6
6 4 2 1 5 6 1 1 4 1 6 0 5 2 6 5
6 4 0 4 4 3 1 5 0 2 6 2 5 1 0 7
0 1 6 1 0 3 1 5 6 4 6 3 3 5 1 2
2 2 2 1 1 5 6 7 3 0 0 4 6 1 1 5
7 5 1 2 5 4 5 6 6 0 7 6 2 6 5 4
5 2 0 7 5 6 2 1 0 7 7 6 6 0 6 1
4 0 2 1 4 3 6 2 7 4 0 1 1 2 2 7
37 7 45 11 22 54 29 31 20 36 39 54 44 4 13 7
27 3 44 6 52 52 15 58 53 23 18 39 11 44 38 23
39 26 52 63 51 15 6 12 5 4 53 3 45 28 46 61
58 62 28 34 45 29 13 55 31 54 20 35 38 52 3 30
5 30 61 63 62 46 19 38 5 3 37 23 31 53 59 15
29 63 13 7 29 11 42 35 34 27 18 4 15 11 12 18
21 38 22 43 27 44 45 37 15 54 18 26 12 15 61 5
3 29 13 34 5 31 11 43 39 55 21 36 39 45 59 37
63 36 7 61 60 61 34 51 15 36 14 39 26 13 61 55
50 36 22 13 42 55 12 14 38 14 55 4 45 21 51 46
53 35 7 39 35 27 11 44 3 21 54 22 45 11 5 63
3 13 53 14 3 31 13 45 55 36 53 28 28 46 12 21
20 20 22 12 13 42 55 60 29 5 3 35 50 11 14 47
63 45 13 19 42 36 43 53 53 7 61 54 18 52 44 34
46 23 3 61 45 50 23 11 3 63 61 53 50 3 52 14
36 6 18 15 36 28 54 18 59 38 3 14 14 21 20 60
