0 0 0 0 0 0 0 0 0 0 0 0 0 0 0 0
1 1 1 1 1 1 1 1 1 1 1 1 1 1 1 1
2 2 2 2 2 2 2 2 2 2 2 2 2 2 2 2
3 3 3 3 3 3 3 3 3 3 3 3 3 3 3 3
4 4 4 4 4 4 4 4 4 4 4 4 4 4 4 4
5 5 5 5 5 5 5 5 5 5 5 5 5 5 5 5
6 6 6 6 6 6 6 6 6 6 6 6 6 6 6 6
7 7 7 7 7 7 7 7 7 7 7 7 7 7 7 7
0 0 0 0 0 0 0 0 0 0 0 0 0 0 0 0
1 1 1 1 1 1 1 1 1 1 1 1 1 1 1 1
2 2 2 2 2 2 2 2 2 2 2 2 2 2 2 2
3 3 3 3 3 3 3 3 3 3 3 3 3 3 3 3
4 4 4 4 4 4 4 4 4 4 4 4 4 4 4 4
5 5 5 5 5 5 5 5 5 5 5 5 5 5 5 5
6 6 6 6 6 6 6 6 6 6 6 6 6 6 6 6
7 7 7 7 7 7 7 7 7 7 7 7 7 7 7 7
4 5 6 7 5 4 5 6 7 5 3 7 4 4 5 3
15 13 12 13 12 13 15 13 12 15 12 12 12 13 13 14
22 23 21 21 22 21 19 20 19 18 21 22 18 19 20 22
31 29 28 27 29 28 31 29 26 28 30 31 29 30 28 31
39 34 38 37 37 35 37 37 39 37 39 37 39 36 37 38
47 43 45 42 42 42 45 44 45 44 47 46 46 42 45 44
51 55 53 50 53 55 51 55 54 55 54 53 54 53 52 51
58 63 59 62 62 62 63 61 63 62 58 62 62 61 63 61
6 3 6 3 3 6 5 4 6 6 7 6 7 3 3 6
15 13 13 13 12 15 11 15 15 15 11 13 12 11 13 13
19 20 18 22 23 19 22 20 19 18 20 19 20 21 22 23
31 26 31 29 31 28 30 26 27 28 30 31 29 30 31 29
34 35 38 37 36 39 38 36 35 37 38 35 36 37 37 35
44 42 46 47 43 46 43 43 44 46 47 44 46 44 44 42
54 52 55 50 52 55 50 54 53 52 51 53 55 51 52 52
62 59 58 60 62 59 63 63 61 59 63 59 62 61 63 63
