0 0 0 0 0 0 0 0 0 0 0 0 0 0 0 0
1 1 1 1 1 1 1 1 1 1 1 1 1 1 1 1
2 2 2 2 2 2 2 2 2 2 2 2 2 2 2 2
3 3 3 3 3 3 3 3 3 3 3 3 3 3 3 3
4 4 4 4 4 4 4 4 4 4 4 4 4 4 4 4
5 5 5 5 5 5 5 5 5 5 5 5 5 5 5 5
6 6 6 6 6 6 6 6 6 6 6 6 6 6 6 6
7 7 7 7 7 7 7 7 7 7 7 7 7 7 7 7
0 0 0 0 0 0 0 0 0 0 0 0 0 0 0 0
1 1 1 1 1 1 1 1 1 1 1 1 1 1 1 1
2 2 2 2 2 2 2 2 2 2 2 2 2 2 2 2
3 3 3 3 3 3 3 3 3 3 3 3 3 3 3 3
4 4 4 4 4 4 4 4 4 4 4 4 4 4 4 4
5 5 5 5 5 5 5 5 5 5 5 5 5 5 5 5
6 6 6 6 6 6 6 6 6 6 6 6 6 6 6 6
7 7 7 7 7 7 7 7 7 7 7 7 7 7 7 7
6 3 5 3 7 5 4 3 7 7 7 3 4 7 4 3
14 13 11 13 14 15 11 13 13 14 13 15 12 12 13 15
22 19 19 20 23 21 20 23 20 23 23 20 18 21 21 20
28 30 30 29 28 29 31 27 29 27 30 30 26 28 29 31
37 39 37 36 38 34 34 39 34 36 35 35 37 39 39 35
47 45 45 43 45 42 46 47 44 45 45 42 47 42 44 47
53 53 51 52 51 54 55 55 54 51 50 54 55 55 51 51
60 63 63 59 59 58 58 59 58 63 58 59 60 60 60 61
4 6 7 6 3 4 3 5 4 5 5 5 4 4 7 7
14 12 13 14 11 14 13 12 13 13 11 12 12 12 13 12
23 23 23 19 18 22 21 20 18 19 22 21 23 20 20 19
27 31 31 28 26 28 26 31 31 31 29 28 30 26 26 29
37 34 39 35 38 35 35 39 37 35 37 39 35 38 38 34
47 45 44 44 45 46 42 46 46 44 44 47 47 45 42 47
53 54 50 50 55 52 54 55 53 54 51 53 52 54 53 54
61 60 62 60 62 58 63 60 62 63 61 61 63 63 63 60
