0 0 0 0 0 0 0 0 0 0 0 0 0 0 0 0
1 1 1 1 1 1 1 1 1 1 1 1 1 1 1 1
2 2 2 2 2 2 2 2 2 2 2 2 2 2 2 2
3 3 3 3 3 3 3 3 3 3 3 3 3 3 3 3
4 4 4 4 4 4 4 4 4 4 4 4 4 4 4 4
5 5 5 5 5 5 5 5 5 5 5 5 5 5 5 5
6 6 6 6 6 6 6 6 6 6 6 6 6 6 6 6
7 7 7 7 7 7 7 7 7 7 7 7 7 7 7 7
0 0 0 0 0 0 0 0 0 0 0 0 0 0 0 0
1 1 1 1 1 1 1 1 1 1 1 1 1 1 1 1
2 2 2 2 2 2 2 2 2 2 2 2 2 2 2 2
3 3 3 3 3 3 3 3 3 3 3 3 3 3 3 3
4 4 4 4 4 4 4 4 4 4 4 4 4 4 4 4
5 5 5 5 5 5 5 5 5 5 5 5 5 5 5 5
6 6 6 6 6 6 6 6 6 6 6 6 6 6 6 6
7 7 7 7 7 7 7 7 7 7 7 7 7 7 7 7
3 4 5 3 6 7 7 6 5 7 7 5 5 6 4 3
13 12 15 14 12 12 14 12 11 13 11 11 14 12 13 15
21 21 21 23 21 22 18 21 22 23 19 22 23 23 22 19
30 30 31 27 26 30 28 26 30 28 29 30 29 26 27 26
37 34 38 36 37 37 37 35 37 38 38 37 36 34 36 39
47 43 43 44 44 42 47 42 47 46 47 47 45 47 42 42
50 50 50 52 54 51 51 52 50 55 55 55 51 53 53 51
63 59 63 62 63 59 61 59 58 61 61 63 62 62 58 61
5 7 6 4 4 7 5 4 7 6 5 3 7 4 5 6
12 14 14 15 14 14 13 14 12 14 11 12 14 11 14 13
20 22 20 22 20 18 18 22 22 18 20 22 23 22 22 19
28 26 27 30 30 31 27 29 30 31 31 26 27 30 29 28
34 34 35 34 36 37 34 38 36 38 39 35 34 35 38 38
46 44 42 42 43 45 44 46 46 47 47 46 42 47 44 47
51 50 51 52 54 54 55 50 50 55 54 52 51 52 50 55
62 62 58 62 63 58 60 61 61 62 59 60 58 61 62 59
