0 0 0 0 0 0 0 0 0 0 0 0 0 0 0 0
1 1 1 1 1 1 1 1 1 1 1 1 1 1 1 1
2 2 2 2 2 2 2 2 2 2 2 2 2 2 2 2
3 3 3 3 3 3 3 3 3 3 3 3 3 3 3 3
4 4 4 4 4 4 4 4 4 4 4 4 4 4 4 4
5 5 5 5 5 5 5 5 5 5 5 5 5 5 5 5
6 6 6 6 6 6 6 6 6 6 6 6 6 6 6 6
7 7 7 7 7 7 7 7 7 7 7 7 7 7 7 7
0 0 0 0 0 0 0 0 0 0 0 0 0 0 0 0
1 1 1 1 1 1 1 1 1 1 1 1 1 1 1 1
2 2 2 2 2 2 2 2 2 2 2 2 2 2 2 2
3 3 3 3 3 3 3 3 3 3 3 3 3 3 3 3
4 4 4 4 4 4 4 4 4 4 4 4 4 4 4 4
5 5 5 5 5 5 5 5 5 5 5 5 5 5 5 5
6 6 6 6 6 6 6 6 6 6 6 6 6 6 6 6
7 7 7 7 7 7 7 7 7 7 7 7 7 7 7 7
6 3 6 7 7 5 4 5 4 5 6 5 4 6 5 4
11 14 14 15 11 13 13 11 13 15 12 12 15 14 11 14
18 22 23 22 22 18 18 21 22 19 19 20 23 21 22 18
30 26 30 28 31 29 30 30 28 29 30 28 26 29 31 28
34 38 36 35 36 37 37 37 35 38 34 38 36 35 35 34
46 42 42 44 46 47 44 46 42 47 42 45 42 42 45 43
55 50 51 51 55 53 54 52 51 55 50 55 50 51 55 54
59 60 61 58 63 62 63 61 60 63 62 62 62 60 58 63
5 7 7 3 6 7 7 5 4 3 4 4 5 6 4 5
14 15 13 11 12 13 14 13 15 11 13 11 15 11 11 15
19 22 19 21 23 22 23 19 23 18 21 21 18 18 19 23
31 30 29 26 26 30 26 28 27 27 27 27 26 30 26 28
35 35 36 35 39 35 39 34 35 39 36 36 35 36 38 39
45 46 46 42 43 44 43 47 42 46 46 42 45 43 45 45
52 51 52 53 53 54 55 52 50 50 52 53 55 54 54 55
61 62 60 62 58 61 59 61 60 60 63 62 63 62 60 63
