0 0 0 0 0 0 0 0 0 0 0 0 0 0 0 0
1 1 1 1 1 1 1 1 1 1 1 1 1 1 1 1
2 2 2 2 2 2 2 2 2 2 2 2 2 2 2 2
3 3 3 3 3 3 3 3 3 3 3 3 3 3 3 3
4 4 4 4 4 4 4 4 4 4 4 4 4 4 4 4
5 5 5 5 5 5 5 5 5 5 5 5 5 5 5 5
6 6 6 6 6 6 6 6 6 6 6 6 6 6 6 6
7 7 7 7 7 7 7 7 7 7 7 7 7 7 7 7
0 0 0 0 0 0 0 0 0 0 0 0 0 0 0 0
1 1 1 1 1 1 1 1 1 1 1 1 1 1 1 1
2 2 2 2 2 2 2 2 2 2 2 2 2 2 2 2
3 3 3 3 3 3 3 3 3 3 3 3 3 3 3 3
4 4 4 4 4 4 4 4 4 4 4 4 4 4 4 4
5 5 5 5 5 5 5 5 5 5 5 5 5 5 5 5
6 6 6 6 6 6 6 6 6 6 6 6 6 6 6 6
7 7 7 7 7 7 7 7 7 7 7 7 7 7 7 7
5 4 3 4 3 4 5 5 3 4 4 6 5 4 5 6
11 15 11 15 14 15 11 11 12 15 11 14 13 13 12 14
23 22 23 22 21 20 18 19 18 21 21 18 19 21 23 22
30 26 31 26 30 28 26 29 27 28 31 29 31 31 29 30
38 38 39 35 36 34 39 34 38 37 34 36 35 36 39 38
47 47 43 47 46 44 46 46 46 44 44 42 44 45 46 42
53 52 54 54 54 55 51 53 55 50 51 51 53 53 53 53
58 60 58 60 60 60 61 58 63 58 63 60 59 58 58 62
6 6 3 3 6 6 3 3 5 3 4 3 4 5 5 6
14 15 14 12 12 13 15 15 11 12 12 12 13 12 11 15
20 18 22 21 22 18 18 19 18 21 21 18 18 18 23 21
30 26 31 30 30 31 27 26 29 30 30 29 30 28 29 30
36 37 36 34 35 34 38 39 39 36 39 35 38 34 34 35
45 44 45 47 45 45 45 45 45 45 44 42 47 45 44 42
52 53 53 52 54 54 50 52 50 51 54 51 54 51 50 52
63 63 60 60 61 62 59 58 62 63 59 59 59 61 63 63
