0 0 0 0 0 0 0 0 0 0 0 0 0 0 0 0
1 1 1 1 1 1 1 1 1 1 1 1 1 1 1 1
2 2 2 2 2 2 2 2 2 2 2 2 2 2 2 2
3 3 3 3 3 3 3 3 3 3 3 3 3 3 3 3
4 4 4 4 4 4 4 4 4 4 4 4 4 4 4 4
5 5 5 5 5 5 5 5 5 5 5 5 5 5 5 5
6 6 6 6 6 6 6 6 6 6 6 6 6 6 6 6
7 7 7 7 7 7 7 7 7 7 7 7 7 7 7 7
0 0 0 0 0 0 0 0 0 0 0 0 0 0 0 0
1 1 1 1 1 1 1 1 1 1 1 1 1 1 1 1
2 2 2 2 2 2 2 2 2 2 2 2 2 2 2 2
3 3 3 3 3 3 3 3 3 3 3 3 3 3 3 3
4 4 4 4 4 4 4 4 4 4 4 4 4 4 4 4
5 5 5 5 5 5 5 5 5 5 5 5 5 5 5 5
6 6 6 6 6 6 6 6 6 6 6 6 6 6 6 6
7 7 7 7 7 7 7 7 7 7 7 7 7 7 7 7
6 3 4 4 3 7 6 3 4 4 6 3 6 7 5 3
11 13 12 13 14 13 13 14 13 13 15 11 13 15 15 14
20 19 23 20 20 19 21 23 23 19 22 18 22 23 18 19
30 30 31 31 28 28 28 29 26 30 27 28 27 26 27 30
35 36 38 34 36 35 37 36 39 38 38 39 36 36 38 35
46 45 47 44 46 46 46 47 44 45 44 44 44 42 46 45
55 51 51 51 53 52 54 50 50 54 55 50 50 53 53 51
63 62 59 61 62 63 59 59 61 61 60 58 58 63 60 59
6 7 6 4 6 6 7 5 3 7 3 3 5 5 5 6
11 15 11 13 13 14 14 15 14 13 12 15 15 15 11 11
23 20 20 19 23 22 19 20 20 22 18 19 18 23 23 18
30 28 27 28 28 29 26 28 31 30 26 31 26 28 31 26
39 37 35 35 36 39 35 37 36 37 39 38 38 37 35 34
46 42 43 46 47 43 46 47 47 44 42 46 43 42 42 44
55 51 53 52 54 53 53 55 50 50 51 52 53 53 54 54
60 63 59 60 60 60 59 63 63 60 61 59 58 62 59 60
