0 0 0 0 0 0 0 0 0 0 0 0 0 0 0 0
1 1 1 1 1 1 1 1 1 1 1 1 1 1 1 1
2 2 2 2 2 2 2 2 2 2 2 2 2 2 2 2
3 3 3 3 3 3 3 3 3 3 3 3 3 3 3 3
4 4 4 4 4 4 4 4 4 4 4 4 4 4 4 4
5 5 5 5 5 5 5 5 5 5 5 5 5 5 5 5
6 6 6 6 6 6 6 6 6 6 6 6 6 6 6 6
7 7 7 7 7 7 7 7 7 7 7 7 7 7 7 7
0 0 0 0 0 0 0 0 0 0 0 0 0 0 0 0
1 1 1 1 1 1 1 1 1 1 1 1 1 1 1 1
2 2 2 2 2 2 2 2 2 2 2 2 2 2 2 2
3 3 3 3 3 3 3 3 3 3 3 3 3 3 3 3
4 4 4 4 4 4 4 4 4 4 4 4 4 4 4 4
5 5 5 5 5 5 5 5 5 5 5 5 5 5 5 5
6 6 6 6 6 6 6 6 6 6 6 6 6 6 6 6
7 7 7 7 7 7 7 7 7 7 7 7 7 7 7 7
6 3 3 6 6 5 5 7 6 4 5 6 5 6 6 6
13 13 15 13 14 12 11 15 13 13 15 13 14 13 13 15
19 20 23 21 19 21 21 19 19 18 23 18 19 22 19 18
28 31 27 29 26 30 31 27 30 28 31 29 31 30 29 26
36 39 36 34 36 34 37 36 36 36 38 38 38 39 36 36
47 42 45 44 42 44 42 46 44 42 45 45 46 43 43 43
52 53 55 52 52 50 54 55 55 54 53 55 52 52 50 50
58 62 61 60 60 62 62 63 59 60 58 63 58 58 61 63
6 3 5 4 4 7 5 6 5 6 6 5 4 4 6 7
13 14 13 12 15 12 14 13 13 15 11 13 12 14 11 14
18 20 21 22 18 21 18 18 19 23 19 21 18 18 19 23
27 26 31 28 26 28 28 29 28 27 31 30 28 29 30 29
35 39 35 36 34 39 39 39 35 36 34 36 34 34 34 39
42 46 47 44 45 42 43 42 43 46 43 43 47 42 46 45
52 50 50 53 50 52 54 51 55 50 55 50 50 50 50 50
63 60 63 61 62 60 60 61 59 63 60 60 63 62 59 60
