0 0 0 0 0 0 0 0 1 1 1 1 1 1 1 1
2 2 2 2 2 2 2 2 3 3 3 3 3 3 3 3
4 4 4 4 4 4 4 4 5 5 5 5 5 5 5 5
6 6 6 6 6 6 6 6 7 7 7 7 7 7 7 7
0 0 0 0 0 0 0 0 1 1 1 1 1 1 1 1
2 2 2 2 2 2 2 2 3 3 3 3 3 3 3 3
4 4 4 4 4 4 4 4 5 5 5 5 5 5 5 5
6 6 6 6 6 6 6 6 7 7 7 7 7 7 7 7
0 0 0 0 0 0 0 0 1 1 1 1 1 1 1 1
2 2 2 2 2 2 2 2 3 3 3 3 3 3 3 3
4 4 4 4 4 4 4 4 5 5 5 5 5 5 5 5
6 6 6 6 6 6 6 6 7 7 7 7 7 7 7 7
0 0 0 0 0 0 0 0 1 1 1 1 1 1 1 1
2 2 2 2 2 2 2 2 3 3 3 3 3 3 3 3
4 4 4 4 4 4 4 4 5 5 5 5 5 5 5 5
6 6 6 6 6 6 6 6 7 7 7 7 7 7 7 7
6 5 3 7 3 3 7 5 14 15 11 13 12 11 14 11
18 21 22 21 23 21 18 20 26 31 27 31 26 27 26 28
39 35 37 39 37 36 34 38 43 47 44 46 47 46 44 45
52 53 53 52 52 51 55 55 62 60 58 60 63 63 60 63
4 5 5 4 4 3 6 7 12 15 14 11 11 13 15 13
23 18 19 20 21 22 20 23 26 31 27 27 26 31 27 30
34 36 36 35 37 37 34 37 43 47 43 43 47 44 44 43
52 54 52 52 50 52 50 54 62 62 60 58 61 59 58 61
5 5 5 7 7 7 6 6 12 14 15 12 11 12 12 11
20 23 18 23 22 23 18 18 31 30 27 31 27 27 30 26
36 34 35 38 37 34 36 39 45 44 44 47 46 42 42 42
55 51 50 52 50 53 50 53 58 62 63 62 59 60 60 60
5 4 3 6 7 3 6 3 13 13 13 12 12 13 12 12
21 20 21 21 19 20 20 23 26 27 26 27 29 31 30 30
34 37 34 34 38 36 35 34 46 43 45 47 46 45 47 43
54 52 54 53 55 54 50 52 59 58 61 61 62 60 59 60
