0 0 0 0 0 0 0 0 1 1 1 1 1 1 1 1
2 2 2 2 2 2 2 2 3 3 3 3 3 3 3 3
4 4 4 4 4 4 4 4 5 5 5 5 5 5 5 5
6 6 6 6 6 6 6 6 7 7 7 7 7 7 7 7
0 0 0 0 0 0 0 0 1 1 1 1 1 1 1 1
2 2 2 2 2 2 2 2 3 3 3 3 3 3 3 3
4 4 4 4 4 4 4 4 5 5 5 5 5 5 5 5
6 6 6 6 6 6 6 6 7 7 7 7 7 7 7 7
0 0 0 0 0 0 0 0 1 1 1 1 1 1 1 1
2 2 2 2 2 2 2 2 3 3 3 3 3 3 3 3
4 4 4 4 4 4 4 4 5 5 5 5 5 5 5 5
6 6 6 6 6 6 6 6 7 7 7 7 7 7 7 7
0 0 0 0 0 0 0 0 1 1 1 1 1 1 1 1
2 2 2 2 2 2 2 2 3 3 3 3 3 3 3 3
4 4 4 4 4 4 4 4 5 5 5 5 5 5 5 5
6 6 6 6 6 6 6 6 7 7 7 7 7 7 7 7
4 3 5 3 7 7 4 7 15 12 15 11 15 14 15 14
22 18 20 21 20 18 21 18 26 31 26 28 28 31 31 27
38 37 34 39 35 39 35 35 43 46 44 46 44 43 46 42
53 50 55 52 53 53 50 51 60 61 61 62 60 58 58 61
7 4 6 7 3 6 4 6 13 15 11 14 15 13 12 11
20 18 22 18 21 21 20 20 26 29 28 28 31 31 28 29
34 38 36 36 38 38 39 38 46 46 42 47 42 45 42 46
54 54 52 51 54 53 50 55 63 61 62 61 60 61 58 59
5 4 5 7 7 5 3 5 14 13 13 14 13 15 11 14
22 20 23 21 23 23 19 23 31 27 27 27 29 29 27 26
38 37 34 38 38 34 39 38 47 46 44 45 43 43 44 45
52 55 53 51 51 55 55 55 63 58 58 58 60 60 62 58
5 6 7 5 5 4 7 5 12 13 14 14 14 15 13 11
22 20 23 21 22 23 22 23 28 28 31 29 31 26 27 27
34 39 34 39 37 36 37 39 46 45 46 44 44 47 43 46
52 53 51 53 50 54 54 55 60 63 63 61 61 59 61 61
