0 0 0 0 0 0 0 0 1 1 1 1 1 1 1 1
2 2 2 2 2 2 2 2 3 3 3 3 3 3 3 3
4 4 4 4 4 4 4 4 5 5 5 5 5 5 5 5
6 6 6 6 6 6 6 6 7 7 7 7 7 7 7 7
0 0 0 0 0 0 0 0 1 1 1 1 1 1 1 1
2 2 2 2 2 2 2 2 3 3 3 3 3 3 3 3
4 4 4 4 4 4 4 4 5 5 5 5 5 5 5 5
6 6 6 6 6 6 6 6 7 7 7 7 7 7 7 7
0 0 0 0 0 0 0 0 1 1 1 1 1 1 1 1
2 2 2 2 2 2 2 2 3 3 3 3 3 3 3 3
4 4 4 4 4 4 4 4 5 5 5 5 5 5 5 5
6 6 6 6 6 6 6 6 7 7 7 7 7 7 7 7
0 0 0 0 0 0 0 0 1 1 1 1 1 1 1 1
2 2 2 2 2 2 2 2 3 3 3 3 3 3 3 3
4 4 4 4 4 4 4 4 5 5 5 5 5 5 5 5
6 6 6 6 6 6 6 6 7 7 7 7 7 7 7 7
3 6 3 3 6 7 3 3 15 12 12 12 13 11 15 11
20 20 20 19 19 19 20 19 31 28 27 30 30 31 28 28
36 37 38 35 36 39 36 38 45 44 47 47 47 44 43 46
52 54 53 54 53 53 51 54 61 62 63 59 61 61 58 63
7 4 7 3 6 5 4 7 15 12 12 13 13 15 12 15
20 19 23 23 18 22 20 23 28 29 26 31 26 27 29 30
39 35 38 35 36 34 34 35 45 42 42 45 47 46 44 42
53 54 54 55 50 52 52 52 59 59 59 61 63 62 59 61
3 4 6 5 3 4 3 3 13 15 13 11 14 11 15 13
23 19 18 22 21 21 20 23 31 26 30 30 27 27 26 28
38 39 39 37 38 36 35 36 45 46 47 44 44 43 47 45
50 54 51 54 54 50 54 53 59 59 60 60 58 62 60 61
6 3 7 3 6 7 7 3 13 15 15 15 14 14 13 14
19 20 21 21 23 19 23 19 30 31 26 26 27 27 31 31
37 39 36 35 36 37 35 36 44 42 46 45 43 45 46 47
53 51 54 51 55 50 55 50 62 58 60 60 60 58 58 62
