0 0 0 0 0 0 0 0 1 1 1 1 1 1 1 1
2 2 2 2 2 2 2 2 3 3 3 3 3 3 3 3
4 4 4 4 4 4 4 4 5 5 5 5 5 5 5 5
6 6 6 6 6 6 6 6 7 7 7 7 7 7 7 7
0 0 0 0 0 0 0 0 1 1 1 1 1 1 1 1
2 2 2 2 2 2 2 2 3 3 3 3 3 3 3 3
4 4 4 4 4 4 4 4 5 5 5 5 5 5 5 5
6 6 6 6 6 6 6 6 7 7 7 7 7 7 7 7
0 0 0 0 0 0 0 0 1 1 1 1 1 1 1 1
2 2 2 2 2 2 2 2 3 3 3 3 3 3 3 3
4 4 4 4 4 4 4 4 5 5 5 5 5 5 5 5
6 6 6 6 6 6 6 6 7 7 7 7 7 7 7 7
0 0 0 0 0 0 0 0 1 1 1 1 1 1 1 1
2 2 2 2 2 2 2 2 3 3 3 3 3 3 3 3
4 4 4 4 4 4 4 4 5 5 5 5 5 5 5 5
6 6 6 6 6 6 6 6 7 7 7 7 7 7 7 7
4 5 6 7 6 3 6 6 13 15 11 14 13 11 11 13
20 18 19 22 18 20 22 22 30 26 28 29 26 26 26 30
37 38 35 35 35 35 38 34 45 46 45 42 46 43 44 44
55 52 51 52 54 50 54 55 62 59 58 60 60 61 61 62
5 6 6 4 5 4 4 3 13 15 11 14 12 13 13 14
18 21 21 19 20 21 21 20 31 26 31 26 26 30 29 29
39 34 37 37 37 38 37 39 44 42 46 47 46 46 47 45
51 51 53 51 53 50 51 53 61 58 61 61 61 63 63 58
5 4 7 4 4 4 5 6 13 11 11 12 11 14 13 11
21 22 19 22 23 21 22 21 27 26 26 29 30 27 27 27
38 38 39 38 36 35 37 39 45 42 43 46 46 47 46 44
53 52 50 50 55 51 53 51 59 60 61 61 58 63 63 62
4 7 6 3 7 6 4 3 12 11 12 12 13 13 11 12
21 22 18 21 23 18 22 20 26 31 28 31 27 30 31 30
38 38 36 35 39 36 39 38 47 46 47 45 47 46 46 46
54 52 52 51 53 52 50 52 60 59 61 60 62 58 60 58
