0 0 0 0 0 0 0 0 1 1 1 1 1 1 1 1
2 2 2 2 2 2 2 2 3 3 3 3 3 3 3 3
4 4 4 4 4 4 4 4 5 5 5 5 5 5 5 5
6 6 6 6 6 6 6 6 7 7 7 7 7 7 7 7
0 0 0 0 0 0 0 0 1 1 1 1 1 1 1 1
2 2 2 2 2 2 2 2 3 3 3 3 3 3 3 3
4 4 4 4 4 4 4 4 5 5 5 5 5 5 5 5
6 6 6 6 6 6 6 6 7 7 7 7 7 7 7 7
0 0 0 0 0 0 0 0 1 1 1 1 1 1 1 1
2 2 2 2 2 2 2 2 3 3 3 3 3 3 3 3
4 4 4 4 4 4 4 4 5 5 5 5 5 5 5 5
6 6 6 6 6 6 6 6 7 7 7 7 7 7 7 7
0 0 0 0 0 0 0 0 1 1 1 1 1 1 1 1
2 2 2 2 2 2 2 2 3 3 3 3 3 3 3 3
4 4 4 4 4 4 4 4 5 5 5 5 5 5 5 5
6 6 6 6 6 6 6 6 7 7 7 7 7 7 7 7
4 7 5 5 5 6 5 7 15 13 13 15 11 15 13 15
21 21 22 21 18 22 23 23 29 28 26 31 28 27 29 29
38 34 36 35 36 39 34 34 46 42 47 45 42 45 45 44
53 54 51 53 53 50 55 55 58 63 63 58 61 60 62 62
4 4 7 7 7 7 3 4 13 15 13 15 15 13 12 13
23 20 22 19 22 20 20 22 29 30 27 31 26 30 27 30
36 39 35 37 39 35 36 39 45 43 42 47 45 42 47 44
52 53 54 55 55 55 50 52 62 61 62 61 60 61 63 59
4 6 7 6 7 3 6 4 11 11 12 14 15 14 12 12
22 22 21 23 23 19 23 22 30 28 31 31 27 27 29 30
39 35 39 35 37 34 34 39 44 47 43 42 43 43 44 42
52 50 55 54 50 50 54 51 62 60 60 63 63 61 60 63
5 3 4 3 5 5 3 3 15 12 12 15 15 14 12 13
22 22 20 21 18 18 20 23 31 26 28 28 28 28 26 27
35 34 34 39 38 39 36 38 44 46 46 46 44 44 43 43
55 53 53 55 54 51 51 51 59 61 62 63 63 62 58 58
