0 0 0 0 0 0 0 0 1 1 1 1 1 1 1 1
2 2 2 2 2 2 2 2 3 3 3 3 3 3 3 3
4 4 4 4 4 4 4 4 5 5 5 5 5 5 5 5
6 6 6 6 6 6 6 6 7 7 7 7 7 7 7 7
0 0 0 0 0 0 0 0 1 1 1 1 1 1 1 1
2 2 2 2 2 2 2 2 3 3 3 3 3 3 3 3
4 4 4 4 4 4 4 4 5 5 5 5 5 5 5 5
6 6 6 6 6 6 6 6 7 7 7 7 7 7 7 7
0 0 0 0 0 0 0 0 1 1 1 1 1 1 1 1
2 2 2 2 2 2 2 2 3 3 3 3 3 3 3 3
4 4 4 4 4 4 4 4 5 5 5 5 5 5 5 5
6 6 6 6 6 6 6 6 7 7 7 7 7 7 7 7
0 0 0 0 0 0 0 0 1 1 1 1 1 1 1 1
2 2 2 2 2 2 2 2 3 3 3 3 3 3 3 3
4 4 4 4 4 4 4 4 5 5 5 5 5 5 5 5
6 6 6 6 6 6 6 6 7 7 7 7 7 7 7 7
5 4 7 7 3 4 7 4 14 15 11 13 15 12 14 15
21 18 19 19 18 23 21 20 29 27 29 28 31 26 30 31
39 39 36 35 35 38 38 39 47 42 44 45 47 45 47 42
52 50 51 51 50 50 52 53 63 59 58 58 61 61 61 61
4 3 4 5 4 6 4 5 13 13 15 13 12 12 12 12
21 18 18 23 18 22 23 23 31 27 26 31 29 27 29 26
39 38 37 39 34 36 39 38 42 44 47 45 43 46 47 47
55 51 54 55 53 53 54 53 60 63 59 60 62 60 63 63
3 6 4 3 6 4 5 4 15 12 11 12 14 15 12 15
19 22 18 20 23 23 23 20 30 26 29 27 30 27 31 28
36 34 35 36 35 37 39 36 45 45 43 45 44 42 46 43
51 53 52 51 50 53 51 51 61 58 58 58 62 58 62 61
3 7 6 6 6 3 3 5 13 12 11 11 11 11 13 15
23 19 22 20 21 19 19 22 27 30 26 31 29 31 30 30
36 37 39 36 37 34 37 34 45 43 42 44 47 42 46 44
51 51 53 54 51 52 55 52 59 61 58 60 59 59 62 62
