0 0 0 0 0 0 0 0 1 1 1 1 1 1 1 1
2 2 2 2 2 2 2 2 3 3 3 3 3 3 3 3
4 4 4 4 4 4 4 4 5 5 5 5 5 5 5 5
6 6 6 6 6 6 6 6 7 7 7 7 7 7 7 7
0 0 0 0 0 0 0 0 1 1 1 1 1 1 1 1
2 2 2 2 2 2 2 2 3 3 3 3 3 3 3 3
4 4 4 4 4 4 4 4 5 5 5 5 5 5 5 5
6 6 6 6 6 6 6 6 7 7 7 7 7 7 7 7
0 0 0 0 0 0 0 0 1 1 1 1 1 1 1 1
2 2 2 2 2 2 2 2 3 3 3 3 3 3 3 3
4 4 4 4 4 4 4 4 5 5 5 5 5 5 5 5
6 6 6 6 6 6 6 6 7 7 7 7 7 7 7 7
0 0 0 0 0 0 0 0 1 1 1 1 1 1 1 1
2 2 2 2 2 2 2 2 3 3 3 3 3 3 3 3
4 4 4 4 4 4 4 4 5 5 5 5 5 5 5 5
6 6 6 6 6 6 6 6 7 7 7 7 7 7 7 7
7 7 7 5 3 3 7 5 12 12 13 15 12 14 14 15
20 23 18 19 21 18 23 21 28 31 26 27 30 28 27 29
35 35 37 39 39 37 35 36 47 42 42 43 47 47 43 47
50 50 52 51 50 51 52 52 59 62 62 58 60 58 58 62
3 4 7 7 4 4 7 6 12 14 15 13 13 13 12 13
23 20 23 19 23 21 18 22 28 30 31 27 26 26 29 26
39 37 34 37 38 38 35 39 43 46 42 43 46 46 47 44
53 55 54 51 52 51 50 50 59 59 63 59 60 58 58 60
6 4 3 3 6 5 7 4 15 11 11 15 15 13 14 15
21 21 18 22 20 21 18 22 30 26 30 27 31 27 30 27
39 34 39 35 34 36 36 34 43 42 45 47 47 43 46 47
51 55 53 51 53 53 55 53 60 59 60 62 62 59 62 59
5 3 4 4 5 7 3 5 12 15 11 15 12 15 11 12
19 20 21 22 21 22 21 23 28 30 26 31 30 31 26 30
38 34 37 35 39 35 34 37 46 45 46 44 43 47 43 44
53 53 51 54 51 52 54 52 62 62 58 61 61 60 60 61
