2 6 5 1 6 3 4 6 4 4 4 2 3 5 4 6
2 7 4 6 2 0 4 1 6 0 7 7 0 6 5 0
6 2 5 0 0 7 2 0 6 7 5 4 5 2 3 5
1 4 0 7 2 7 7 7 1 7 5 2 1 2 2 1
5 2 7 7 5 2 0 2 6 6 3 0 4 3 6 2
2 4 2 1 7 5 3 7 4 0 5 4 6 7 7 0
4 1 4 5 0 2 2 0 5 1 5 6 4 1 2 5
0 5 6 1 2 1 1 3 6 2 1 1 7 6 3 6
7 6 1 1 1 4 5 7 3 5 5 3 6 3 7 7
1 6 4 5 5 0 1 7 4 1 3 5 1 1 7 4
4 1 2 3 2 4 7 1 6 0 5 7 3 3 4 2
0 4 4 5 0 6 1 1 2 6 1 6 4 4 3 1
5 0 4 4 7 1 2 2 3 2 0 3 0 1 1 5
6 1 0 1 7 4 3 7 1 5 2 1 5 1 5 5
6 1 1 7 3 3 0 7 4 2 5 2 6 5 2 3
1 3 2 2 5 5 1 5 4 1 3 3 1 4 4 5
23 50 46 15 55 30 36 53 36 36 39 23 30 47 34 51
23 62 37 51 18 6 38 13 52 6 62 61 6 55 47 3
55 19 45 5 3 59 19 3 54 63 45 34 42 21 29 43
14 35 5 58 18 61 63 59 13 59 46 23 15 23 21 14
42 21 62 58 43 21 5 19 51 52 31 5 34 28 53 18
20 36 21 14 63 44 27 60 36 6 45 38 52 61 60 5
38 15 39 44 7 18 21 3 46 12 46 52 39 13 21 46
3 45 54 15 19 14 11 30 53 19 12 13 63 52 26 52
60 55 11 12 14 39 45 61 30 43 42 28 54 30 62 61
15 50 38 45 47 4 14 61 36 13 29 45 11 11 58 38
37 13 18 28 19 34 60 12 51 7 42 59 30 28 37 22
5 37 37 47 4 52 11 11 23 53 12 55 34 37 26 15
44 5 38 37 63 14 19 19 30 18 4 30 5 15 11 42
52 13 5 13 63 39 30 58 12 42 20 12 42 12 45 47
54 15 15 61 26 26 5 59 35 22 46 18 52 46 19 31
15 27 18 18 43 45 14 47 38 12 27 29 11 39 39 43
