6 4 4 3 4 2 0 4 7 2 6 1 5 6 6 4
3 4 0 3 1 6 6 1 5 2 2 1 3 6 0 0
4 0 5 2 1 5 4 2 4 2 3 7 3 3 4 7
4 4 3 5 1 4 0 1 7 6 2 4 5 5 4 1
1 4 0 4 5 5 6 1 1 1 2 3 6 2 2 6
1 4 6 4 5 0 0 2 7 7 2 5 2 7 7 5
3 7 6 5 5 4 6 7 6 6 6 2 6 6 5 6
3 1 2 2 0 6 6 6 4 1 6 3 7 2 6 3
4 3 3 2 2 0 1 7 7 5 5 3 0 4 2 3
4 5 6 7 7 4 7 5 4 6 4 5 6 7 6 6
5 0 4 7 3 3 6 5 7 6 6 2 3 3 7 6
0 3 6 6 4 2 0 2 2 2 5 0 0 0 1 7
0 6 2 4 7 2 4 5 2 6 2 5 7 1 4 0
4 1 5 6 7 4 1 2 5 7 4 0 0 0 6 3
3 3 1 1 1 3 1 0 4 2 7 5 2 3 1 6
7 5 1 1 2 2 5 3 2 3 7 4 0 4 6 2
54 36 35 31 36 19 6 34 58 20 50 12 42 54 53 36
26 35 7 28 12 50 53 13 42 20 23 11 28 55 5 5
39 7 44 23 15 44 34 19 36 19 27 61 27 26 34 60
35 39 27 46 11 35 7 14 62 55 18 37 42 44 36 15
13 35 4 35 43 44 50 12 15 13 18 28 50 22 20 54
15 38 53 34 44 3 6 22 61 59 18 43 21 60 60 45
29 63 53 42 45 38 55 59 55 52 51 18 50 55 44 50
28 14 22 20 5 51 50 55 39 13 55 29 58 19 50 28
39 27 30 21 19 5 13 60 62 42 44 26 5 39 22 28
34 45 55 59 58 38 58 44 34 50 38 44 52 62 51 51
47 4 38 59 30 26 54 43 63 53 52 19 28 31 58 54
5 26 53 54 38 19 3 21 20 20 44 7 6 6 13 63
7 55 18 36 60 18 37 47 22 51 19 43 59 13 35 3
35 14 46 54 60 38 15 23 47 63 36 7 7 4 52 28
26 30 12 13 11 27 13 3 39 19 60 43 18 26 14 50
58 45 11 11 23 21 43 28 19 27 59 34 5 35 52 18
