6 0 3 7 0 3 7 4 7 0 0 1 6 0 7 0
2 3 6 0 7 7 7 5 1 6 4 1 1 7 7 2
4 2 4 0 4 5 0 7 4 1 5 5 6 7 7 2
7 4 1 2 3 2 7 5 4 3 4 3 3 2 2 4
1 5 7 0 2 2 3 2 1 3 2 5 4 3 3 6
6 7 7 5 2 7 7 5 4 2 3 0 6 1 0 5
1 2 7 5 5 2 7 2 4 7 0 0 3 5 1 4
2 7 0 5 2 7 7 1 6 6 4 1 6 1 2 3
5 2 5 5 3 4 0 1 3 2 5 5 1 0 0 0
6 7 2 6 2 2 5 0 7 4 1 0 2 4 0 2
2 0 2 1 1 3 2 2 0 4 3 6 6 4 0 0
4 1 7 4 1 2 7 5 0 4 6 0 4 2 0 7
5 3 5 7 2 5 6 3 7 3 6 6 0 5 7 0
1 6 4 6 4 1 7 2 5 6 3 1 4 6 7 0
7 3 3 0 4 2 3 5 5 0 0 3 3 7 7 4
5 5 7 0 4 7 4 6 4 1 7 1 1 2 3 3
54 7 31 63 4 26 62 39 62 6 7 12 52 6 62 6
23 29 50 5 62 61 61 45 15 54 35 14 14 62 63 22
39 23 35 4 34 46 6 61 36 15 47 47 54 60 61 18
62 37 13 20 26 18 60 43 36 27 38 31 29 21 19 38
14 42 59 7 19 18 26 19 11 29 22 43 38 30 27 54
54 61 60 44 22 60 60 43 34 19 26 7 50 13 3 46
15 21 61 44 45 21 63 21 37 59 5 4 30 46 15 38
21 62 5 42 22 58 59 11 53 52 35 13 53 12 22 29
42 19 42 43 28 35 5 14 27 19 45 46 11 4 4 6
50 58 18 54 18 22 45 6 60 35 15 6 20 38 7 22
22 7 22 11 12 27 20 19 4 39 29 54 52 38 6 5
35 15 63 38 12 22 63 43 3 37 52 6 37 19 3 60
47 29 47 58 23 47 52 27 61 28 51 52 6 45 62 5
15 53 34 54 35 13 62 18 44 52 28 11 35 53 59 6
63 27 26 4 39 20 31 47 42 3 3 30 30 63 60 34
47 43 60 3 34 63 39 52 38 13 62 14 11 23 27 27
