1 0 12 0 96420 0 0 0 0 0 0 0 0 0 0 0 0 0 0 0 0 0 0 0 0 0 0 0 106097 111237 0 0 0 124637 0 0 0 0 0 0 0 0 0 0 0 0 0 0 0 0 0 0 0 0 112087 0 0 0 0 0 0 95048 0 0 0 0 0 0 119560 0 0 110129 0 0 0 0 0 0 0 0 0 0 0 0 123852 100011 0 96681 0 0 0 114435 0 0 0 0 0 0 0 0 0 0 0 0 0 0 115160 0 141773 0 104453 0 0 0 0 0 0 0 0 0 0 0 0 0 0 108577 0 0 0 94483 0 0 0 0 0 0 0 0 0 0 0 0 101295 104070 0 0 99989 0 0 0 0 0 0 0 0 0 0 0 0 0 0 0 0 0 0 0 0 0 0 0 0 126026 0 0 0 0 0 0 97137 0 0 0 0 0 110102 0 0 100754 0 0 0 747830 0 0 0 0 0 0 100107 100568 0 0 187167 101085 0 0 0 0 0 0 100708 0 0 0 0 0 0 83630 0 99778 0 0 0 0 0 133878 0 0 0 121351 0 0 0 0 0 0 0 0 0 0 123157 0 0 100326 0 0 0 0 0 0 0 0 0 0 0 0 0 0 0 0 
1 1 12 0 203468 0 0 0 0 0 0 0 0 0 0 0 0 0 0 0 0 0 0 0 0 0 0 0 222840 234513 0 0 0 262370 0 0 0 0 0 0 0 0 0 0 0 0 0 0 0 0 0 0 0 0 235657 0 0 0 0 0 0 200060 0 0 0 0 0 0 250460 0 0 232004 0 0 0 0 0 0 0 0 0 0 0 0 260449 211349 0 203327 0 0 0 241578 0 0 0 0 0 0 0 0 0 0 0 0 0 0 242050 0 297244 0 218922 0 0 0 0 0 0 0 0 0 0 0 0 0 0 228119 0 0 0 198859 0 0 0 0 0 0 0 0 0 0 0 0 213316 218911 0 0 211129 0 0 0 0 0 0 0 0 0 0 0 0 0 0 0 0 0 0 0 0 0 0 0 0 264939 0 0 0 0 0 0 204365 0 0 0 0 0 230688 0 0 212047 0 0 0 1570669 0 0 0 0 0 0 211008 211573 0 0 394058 212260 0 0 0 0 0 0 211596 0 0 0 0 0 0 175914 0 210374 0 0 0 0 0 281225 0 0 0 255339 0 0 0 0 0 0 0 0 0 0 258613 0 0 210927 0 0 0 0 0 0 0 0 0 0 0 0 0 0 0 0 
1 2 12 0 310643 0 0 0 0 0 0 0 0 0 0 0 0 0 0 0 0 0 0 0 0 0 0 0 340424 358210 0 0 0 401226 0 0 0 0 0 0 0 0 0 0 0 0 0 0 0 0 0 0 0 0 360281 0 0 0 0 0 0 306598 0 0 0 0 0 0 381573 0 0 354580 0 0 0 0 0 0 0 0 0 0 0 0 398589 322503 0 310016 0 0 0 368673 0 0 0 0 0 0 0 0 0 0 0 0 0 0 370364 0 454408 0 334816 0 0 0 0 0 0 0 0 0 0 0 0 0 0 348444 0 0 0 303041 0 0 0 0 0 0 0 0 0 0 0 0 326657 333702 0 0 322712 0 0 0 0 0 0 0 0 0 0 0 0 0 0 0 0 0 0 0 0 0 0 0 0 405636 0 0 0 0 0 0 311758 0 0 0 0 0 352707 0 0 324325 0 0 0 2399788 0 0 0 0 0 0 321962 323948 0 0 602525 325260 0 0 0 0 0 0 323319 0 0 0 0 0 0 269694 0 321517 0 0 0 0 0 430771 0 0 0 390427 0 0 0 0 0 0 0 0 0 0 395245 0 0 322469 0 0 0 0 0 0 0 0 0 0 0 0 0 0 0 0 
1 3 12 0 418609 0 0 0 0 0 0 0 0 0 0 0 0 0 0 0 0 0 0 0 0 0 0 0 458397 482331 0 0 0 540260 0 0 0 0 0 0 0 0 0 0 0 0 0 0 0 0 0 0 0 0 485664 0 0 0 0 0 0 412404 0 0 0 0 0 0 513908 0 0 477327 0 0 0 0 0 0 0 0 0 0 0 0 536479 434316 0 417909 0 0 0 496600 0 0 0 0 0 0 0 0 0 0 0 0 0 0 498400 0 611325 0 451197 0 0 0 0 0 0 0 0 0 0 0 0 0 0 469252 0 0 0 408367 0 0 0 0 0 0 0 0 0 0 0 0 439688 448908 0 0 433933 0 0 0 0 0 0 0 0 0 0 0 0 0 0 0 0 0 0 0 0 0 0 0 0 545603 0 0 0 0 0 0 420196 0 0 0 0 0 475142 0 0 435732 0 0 0 3230588 0 0 0 0 0 0 433295 435765 0 0 810784 438162 0 0 0 0 0 0 435576 0 0 0 0 0 0 363368 0 433231 0 0 0 0 0 580006 0 0 0 525788 0 0 0 0 0 0 0 0 0 0 532860 0 0 434268 0 0 0 0 0 0 0 0 0 0 0 0 0 0 0 0 
1 4 12 0 523138 0 0 0 0 0 0 0 0 0 0 0 0 0 0 0 0 0 0 0 0 0 0 0 572168 601588 0 0 0 674045 0 0 0 0 0 0 0 0 0 0 0 0 0 0 0 0 0 0 0 0 606546 0 0 0 0 0 0 516017 0 0 0 0 0 0 642019 0 0 596536 0 0 0 0 0 0 0 0 0 0 0 0 670967 542059 0 521661 0 0 0 620435 0 0 0 0 0 0 0 0 0 0 0 0 0 0 623185 0 764129 0 564080 0 0 0 0 0 0 0 0 0 0 0 0 0 0 586378 0 0 0 509431 0 0 0 0 0 0 0 0 0 0 0 0 549649 561006 0 0 543056 0 0 0 0 0 0 0 0 0 0 0 0 0 0 0 0 0 0 0 0 0 0 0 0 681756 0 0 0 0 0 0 524616 0 0 0 0 0 593447 0 0 544664 0 0 0 4031867 0 0 0 0 0 0 540924 544712 0 0 1014538 547302 0 0 0 0 0 0 544206 0 0 0 0 0 0 453791 0 541024 0 0 0 0 0 724540 0 0 0 657170 0 0 0 0 0 0 0 0 0 0 665593 0 0 542489 0 0 0 0 0 0 0 0 0 0 0 0 0 0 0 0 
1 5 12 0 629151 0 0 0 0 0 0 0 0 0 0 0 0 0 0 0 0 0 0 0 0 0 0 0 686735 722906 0 0 0 809484 0 0 0 0 0 0 0 0 0 0 0 0 0 0 0 0 0 0 0 0 728877 0 0 0 0 0 0 619789 0 0 0 0 0 0 771778 0 0 717547 0 0 0 0 0 0 0 0 0 0 0 0 806102 651012 0 627483 0 0 0 745523 0 0 0 0 0 0 0 0 0 0 0 0 0 0 748769 0 918346 0 677536 0 0 0 0 0 0 0 0 0 0 0 0 0 0 704796 0 0 0 611580 0 0 0 0 0 0 0 0 0 0 0 0 660598 674261 0 0 651971 0 0 0 0 0 0 0 0 0 0 0 0 0 0 0 0 0 0 0 0 0 0 0 0 818237 0 0 0 0 0 0 630568 0 0 0 0 0 713656 0 0 654510 0 0 0 4843063 0 0 0 0 0 0 650535 654350 0 0 1217864 657752 0 0 0 0 0 0 653768 0 0 0 0 0 0 545079 0 649535 0 0 0 0 0 870014 0 0 0 789408 0 0 0 0 0 0 0 0 0 0 799554 0 0 652258 0 0 0 0 0 0 0 0 0 0 0 0 0 0 0 0 
1 6 12 0 737441 0 0 0 0 0 0 0 0 0 0 0 0 0 0 0 0 0 0 0 0 0 0 0 804946 848146 0 0 0 951077 0 0 0 0 0 0 0 0 0 0 0 0 0 0 0 0 0 0 0 0 854562 0 0 0 0 0 0 727630 0 0 0 0 0 0 905256 0 0 841423 0 0 0 0 0 0 0 0 0 0 0 0 945854 764386 0 736035 0 0 0 874748 0 0 0 0 0 0 0 0 0 0 0 0 0 0 878001 0 1077153 0 794195 0 0 0 0 0 0 0 0 0 0 0 0 0 0 826649 0 0 0 718237 0 0 0 0 0 0 0 0 0 0 0 0 774761 790582 0 0 765048 0 0 0 0 0 0 0 0 0 0 0 0 0 0 0 0 0 0 0 0 0 0 0 0 959422 0 0 0 0 0 0 739192 0 0 0 0 0 836205 0 0 768417 0 0 0 5687460 0 0 0 0 0 0 763176 768617 0 0 1429590 770677 0 0 0 0 0 0 766209 0 0 0 0 0 0 639561 0 762670 0 0 0 0 0 1020337 0 0 0 925675 0 0 0 0 0 0 0 0 0 0 937524 0 0 765241 0 0 0 0 0 0 0 0 0 0 0 0 0 0 0 0 
5000 0 11 0 0 0 0 0 0 95208 0 0 0 0 0 0 0 0 96565 0 0 0 0 0 0 0 0 0 0 0 0 0 0 0 0 0 0 0 0 91249 0 0 0 0 0 0 0 0 0 0 0 0 0 0 0 0 0 0 0 0 0 0 0 0 0 0 0 0 0 0 96738 0 0 0 0 0 0 0 0 0 0 0 0 0 0 0 0 97705 0 0 0 0 0 0 0 100207 0 0 0 0 0 0 0 0 0 0 0 0 0 0 0 0 0 0 0 0 0 0 0 0 0 0 0 0 0 0 0 0 0 0 0 0 0 0 0 0 0 0 0 0 0 0 96493 0 0 0 95009 0 0 0 0 0 0 0 0 0 0 92053 94164 0 0 99557 0 0 0 0 0 0 0 0 0 0 91490 0 0 0 0 98019 90507 97177 0 91884 0 0 0 97594 0 0 0 0 0 0 0 0 0 0 94599 0 0 0 0 0 0 0 0 0 0 0 95138 0 0 0 0 0 0 0 0 0 0 0 93612 0 89838 91999 114377 99162 0 0 0 0 92699 0 0 0 0 0 200999 0 0 0 93270 0 0 0 0 92786 0 0 0 95056 0 0 0 96425 0 0 0 0 0 0 
5000 1 11 0 0 0 0 0 0 206760 0 0 0 0 0 0 0 0 209531 0 0 0 0 0 0 0 0 0 0 0 0 0 0 0 0 0 0 0 0 197652 0 0 0 0 0 0 0 0 0 0 0 0 0 0 0 0 0 0 0 0 0 0 0 0 0 0 0 0 0 0 210302 0 0 0 0 0 0 0 0 0 0 0 0 0 0 0 0 212664 0 0 0 0 0 0 0 219692 0 0 0 0 0 0 0 0 0 0 0 0 0 0 0 0 0 0 0 0 0 0 0 0 0 0 0 0 0 0 0 0 0 0 0 0 0 0 0 0 0 0 0 0 0 0 211290 0 0 0 206851 0 0 0 0 0 0 0 0 0 0 201437 204568 0 0 215414 0 0 0 0 0 0 0 0 0 0 198264 0 0 0 0 212732 198511 211551 0 199251 0 0 0 213543 0 0 0 0 0 0 0 0 0 0 205353 0 0 0 0 0 0 0 0 0 0 0 206745 0 0 0 0 0 0 0 0 0 0 0 202824 0 196665 198961 246615 216329 0 0 0 0 201195 0 0 0 0 0 438923 0 0 0 201424 0 0 0 0 203922 0 0 0 208683 0 0 0 208148 0 0 0 0 0 0 
5000 2 11 0 0 0 0 0 0 301451 0 0 0 0 0 0 0 0 306496 0 0 0 0 0 0 0 0 0 0 0 0 0 0 0 0 0 0 0 0 289132 0 0 0 0 0 0 0 0 0 0 0 0 0 0 0 0 0 0 0 0 0 0 0 0 0 0 0 0 0 0 307441 0 0 0 0 0 0 0 0 0 0 0 0 0 0 0 0 310995 0 0 0 0 0 0 0 320149 0 0 0 0 0 0 0 0 0 0 0 0 0 0 0 0 0 0 0 0 0 0 0 0 0 0 0 0 0 0 0 0 0 0 0 0 0 0 0 0 0 0 0 0 0 0 308189 0 0 0 302169 0 0 0 0 0 0 0 0 0 0 293954 298722 0 0 314395 0 0 0 0 0 0 0 0 0 0 289822 0 0 0 0 310825 289735 308383 0 290730 0 0 0 311796 0 0 0 0 0 0 0 0 0 0 299428 0 0 0 0 0 0 0 0 0 0 0 301886 0 0 0 0 0 0 0 0 0 0 0 296655 0 287436 292162 362969 316380 0 0 0 0 293236 0 0 0 0 0 641673 0 0 0 296116 0 0 0 0 297458 0 0 0 303986 0 0 0 305948 0 0 0 0 0 0 
5000 3 11 0 0 0 0 0 0 402871 0 0 0 0 0 0 0 0 409592 0 0 0 0 0 0 0 0 0 0 0 0 0 0 0 0 0 0 0 0 386613 0 0 0 0 0 0 0 0 0 0 0 0 0 0 0 0 0 0 0 0 0 0 0 0 0 0 0 0 0 0 410715 0 0 0 0 0 0 0 0 0 0 0 0 0 0 0 0 415974 0 0 0 0 0 0 0 427796 0 0 0 0 0 0 0 0 0 0 0 0 0 0 0 0 0 0 0 0 0 0 0 0 0 0 0 0 0 0 0 0 0 0 0 0 0 0 0 0 0 0 0 0 0 0 412344 0 0 0 403851 0 0 0 0 0 0 0 0 0 0 393256 399279 0 0 420406 0 0 0 0 0 0 0 0 0 0 387394 0 0 0 0 415321 387479 412616 0 388264 0 0 0 416951 0 0 0 0 0 0 0 0 0 0 399765 0 0 0 0 0 0 0 0 0 0 0 403400 0 0 0 0 0 0 0 0 0 0 0 396157 0 384108 390406 485277 422779 0 0 0 0 392058 0 0 0 0 0 857939 0 0 0 396172 0 0 0 0 397732 0 0 0 406538 0 0 0 408728 0 0 0 0 0 0 
5000 4 11 0 0 0 0 0 0 497994 0 0 0 0 0 0 0 0 505904 0 0 0 0 0 0 0 0 0 0 0 0 0 0 0 0 0 0 0 0 478302 0 0 0 0 0 0 0 0 0 0 0 0 0 0 0 0 0 0 0 0 0 0 0 0 0 0 0 0 0 0 507713 0 0 0 0 0 0 0 0 0 0 0 0 0 0 0 0 514189 0 0 0 0 0 0 0 528475 0 0 0 0 0 0 0 0 0 0 0 0 0 0 0 0 0 0 0 0 0 0 0 0 0 0 0 0 0 0 0 0 0 0 0 0 0 0 0 0 0 0 0 0 0 0 509244 0 0 0 498590 0 0 0 0 0 0 0 0 0 0 485917 493396 0 0 519348 0 0 0 0 0 0 0 0 0 0 478505 0 0 0 0 513406 479138 510294 0 479962 0 0 0 515267 0 0 0 0 0 0 0 0 0 0 494696 0 0 0 0 0 0 0 0 0 0 0 498075 0 0 0 0 0 0 0 0 0 0 0 489554 0 474669 481426 598500 522548 0 0 0 0 485032 0 0 0 0 0 1060535 0 0 0 488602 0 0 0 0 491171 0 0 0 502022 0 0 0 504433 0 0 0 0 0 0 
5000 5 11 0 0 0 0 0 0 604650 0 0 0 0 0 0 0 0 614083 0 0 0 0 0 0 0 0 0 0 0 0 0 0 0 0 0 0 0 0 579704 0 0 0 0 0 0 0 0 0 0 0 0 0 0 0 0 0 0 0 0 0 0 0 0 0 0 0 0 0 0 616465 0 0 0 0 0 0 0 0 0 0 0 0 0 0 0 0 623344 0 0 0 0 0 0 0 640850 0 0 0 0 0 0 0 0 0 0 0 0 0 0 0 0 0 0 0 0 0 0 0 0 0 0 0 0 0 0 0 0 0 0 0 0 0 0 0 0 0 0 0 0 0 0 617639 0 0 0 605679 0 0 0 0 0 0 0 0 0 0 589185 598522 0 0 628617 0 0 0 0 0 0 0 0 0 0 580508 0 0 0 0 622682 580763 618816 0 581993 0 0 0 624708 0 0 0 0 0 0 0 0 0 0 600410 0 0 0 0 0 0 0 0 0 0 0 604947 0 0 0 0 0 0 0 0 0 0 0 594797 0 575739 585040 727441 633747 0 0 0 0 588268 0 0 0 0 0 1286709 0 0 0 593447 0 0 0 0 596235 0 0 0 609061 0 0 0 613293 0 0 0 0 0 0 
5000 6 11 0 0 0 0 0 0 714250 0 0 0 0 0 0 0 0 724836 0 0 0 0 0 0 0 0 0 0 0 0 0 0 0 0 0 0 0 0 684546 0 0 0 0 0 0 0 0 0 0 0 0 0 0 0 0 0 0 0 0 0 0 0 0 0 0 0 0 0 0 728130 0 0 0 0 0 0 0 0 0 0 0 0 0 0 0 0 736290 0 0 0 0 0 0 0 756728 0 0 0 0 0 0 0 0 0 0 0 0 0 0 0 0 0 0 0 0 0 0 0 0 0 0 0 0 0 0 0 0 0 0 0 0 0 0 0 0 0 0 0 0 0 0 729130 0 0 0 715634 0 0 0 0 0 0 0 0 0 0 695976 705379 0 0 743002 0 0 0 0 0 0 0 0 0 0 685930 0 0 0 0 734844 686289 729911 0 687428 0 0 0 738130 0 0 0 0 0 0 0 0 0 0 708091 0 0 0 0 0 0 0 0 0 0 0 714083 0 0 0 0 0 0 0 0 0 0 0 702858 0 680356 691050 858837 748251 0 0 0 0 693677 0 0 0 0 0 1518892 0 0 0 701413 0 0 0 0 704154 0 0 0 719578 0 0 0 724799 0 0 0 0 0 0 
