6 4 6 5 5 6 4 0 5 2 5 3 2 4 2 1
4 1 7 0 0 2 0 0 0 2 5 6 3 1 6 2
6 4 7 3 4 5 5 5 3 1 3 4 3 6 1 3
6 6 3 4 4 3 4 7 5 7 5 6 5 4 7 6
4 6 2 0 0 6 4 0 0 5 4 2 0 3 4 5
6 0 5 5 7 4 2 5 0 7 1 0 0 0 5 4
3 4 4 6 7 7 7 2 7 7 5 0 0 7 3 0
5 3 0 2 2 7 1 4 4 5 6 2 3 7 6 2
7 0 5 4 7 1 7 1 6 2 3 0 2 3 2 1
3 6 6 4 7 0 3 4 1 1 4 3 3 1 0 6
2 4 4 6 2 6 2 6 3 2 6 5 4 4 4 0
7 3 5 3 1 0 2 3 1 3 3 7 5 6 1 1
0 5 2 4 6 3 3 3 0 2 1 3 5 6 6 0
3 1 0 0 6 3 0 4 4 4 6 4 1 7 5 7
1 1 1 5 1 1 5 7 1 7 3 2 1 5 7 6
3 2 1 1 7 0 3 1 2 2 6 4 2 2 7 5
20 36 30 39 47 9 56 32 57 34 87 65 24 7 72 15
94 15 79 80 3 72 80 80 90 72 77 48 55 71 48 54
48 56 51 55 56 29 29 29 17 15 17 18 17 20 91 17
20 20 93 94 94 93 94 89 87 89 87 88 87 84 21 88
84 88 5 90 11 88 84 90 90 8 84 72 22 6 7 8
68 42 8 47 89 76 54 8 42 21 71 42 11 42 39 18
6 7 18 48 41 41 10 34 41 41 47 22 52 10 6 22
29 35 22 34 24 31 33 36 36 47 30 54 27 51 40 92
59 32 57 18 59 71 59 53 68 34 45 11 44 45 44 43
45 68 58 46 10 11 27 36 43 43 46 6 83 43 60 78
82 76 76 78 82 78 82 78 45 54 68 77 46 76 46 80
59 75 77 75 81 3 82 83 63 75 75 10 77 40 71 81
3 57 44 7 40 27 55 83 60 44 81 55 57 58 9 52
83 63 32 52 30 35 32 28 28 28 30 28 33 31 95 31
91 91 33 95 33 4 95 51 91 31 27 5 4 95 51 9
35 16 4 15 21 52 35 4 92 16 40 56 16 92 89 39
