3 6 1 0 7 0 7 7 2 5 0 6 3 2 2 3
2 0 7 1 5 7 1 6 7 0 2 2 4 1 1 2
2 2 5 6 7 6 6 4 2 1 3 3 2 7 3 2
1 4 0 4 0 6 2 6 1 1 1 1 7 3 7 1
3 6 6 0 6 1 2 6 2 0 4 7 5 4 0 0
6 4 3 3 3 6 4 3 2 0 4 5 2 5 1 5
3 3 4 5 3 1 7 1 4 6 4 7 7 1 2 2
6 2 1 6 6 5 1 7 1 4 1 3 4 1 2 4
0 4 0 4 0 2 4 6 3 4 2 2 2 0 0 4
3 6 6 4 6 0 0 2 5 7 2 4 5 5 2 7
0 4 4 6 7 5 7 0 7 4 4 6 5 7 6 6
7 2 2 5 2 1 3 4 1 1 3 3 7 1 1 3
3 4 6 5 4 3 7 6 4 3 0 6 0 3 1 0
1 2 1 1 5 2 5 7 0 5 5 5 1 7 6 4
2 1 1 4 1 6 5 4 4 7 5 7 3 5 3 6
5 0 7 0 5 0 0 0 5 1 2 1 5 6 7 2
75 68 91 60 89 70 10 79 72 77 22 78 93 72 72 83
82 32 21 4 39 10 4 58 89 22 5 92 66 43 4 54
64 72 67 40 59 58 40 28 34 15 55 45 92 89 83 54
4 28 60 94 60 58 16 68 53 71 53 71 59 17 21 23
55 20 20 22 20 43 5 68 24 3 36 69 67 36 3 3
68 7 17 17 17 20 94 45 16 90 94 57 24 57 81 19
93 27 84 19 93 23 21 91 76 88 36 69 51 43 54 54
58 82 53 30 48 47 91 59 91 56 53 75 18 43 24 36
32 46 22 18 60 44 7 40 6 7 82 82 44 3 90 56
45 78 78 46 78 90 90 44 8 89 44 94 47 19 24 69
32 76 76 88 69 19 21 32 59 84 7 30 39 79 88 88
79 64 64 67 64 15 93 18 63 23 55 75 10 23 63 83
55 84 9 67 84 27 10 9 28 6 42 9 42 6 71 11
71 34 63 63 8 16 8 79 11 8 57 57 15 31 40 28
16 15 33 66 33 9 95 66 66 31 29 31 27 95 35 48
39 52 31 70 29 52 52 52 29 33 34 33 29 30 51 34
