3 1 4 6 7 2 0 6 5 0 4 5 7 0 0 1
7 3 7 6 5 7 4 2 5 2 6 6 3 3 6 0
3 6 2 2 3 2 0 0 0 7 3 3 3 2 5 3
0 7 3 4 1 0 1 6 7 1 6 5 1 2 7 4
4 2 6 5 2 5 6 5 1 6 0 1 0 4 2 3
4 4 3 6 5 5 6 5 6 0 0 1 6 6 5 6
1 5 6 6 1 1 0 6 0 4 5 5 4 4 7 7
2 2 4 4 1 1 1 4 0 1 0 0 0 0 0 0
0 3 7 0 1 6 2 2 1 2 4 5 5 2 5 5
5 7 4 1 1 5 5 5 7 7 7 1 7 1 0 1
1 1 1 1 6 0 0 0 6 1 1 6 4 4 1 3
7 6 3 3 7 7 7 7 7 3 4 4 4 0 4 3
4 5 0 7 7 3 3 7 6 2 5 0 5 3 4 2
0 4 7 2 4 3 2 3 4 3 4 5 1 3 3 3
7 2 3 3 6 4 2 2 2 4 6 2 6 2 6 7
6 6 7 2 7 3 2 4 1 1 1 2 1 5 2 5
17 15 28 20 31 5 3 9 8 3 7 19 10 11 22 15
21 17 10 20 29 10 18 24 29 34 48 48 6 6 78 11
6 78 92 92 6 5 22 11 11 79 17 55 55 44 47 45
42 41 45 7 53 52 4 48 10 53 58 47 4 5 21 7
7 5 48 95 92 95 58 95 4 58 3 4 3 84 92 17
84 84 93 20 8 8 9 8 9 90 90 91 20 9 39 88
91 29 88 88 91 91 90 88 90 46 87 29 46 36 31 31
16 16 36 28 53 53 15 36 22 15 52 52 52 22 32 32
32 35 31 32 33 30 16 16 23 34 18 77 77 54 77 77
87 79 36 63 81 95 87 87 79 89 89 81 79 63 60 71
63 71 71 63 58 60 60 60 68 81 81 68 46 76 71 75
59 68 75 75 59 69 89 69 89 75 46 94 94 70 18 93
56 57 70 69 51 27 55 69 68 64 47 70 47 93 56 72
70 18 51 72 94 27 82 83 56 27 56 57 43 83 93 27
51 82 83 83 40 76 72 82 82 94 40 72 40 64 40 59
78 78 51 64 21 55 64 84 23 43 23 44 23 57 44 39
