1 5 7 4 5 5 5 0 5 3 0 0 0 6 1 7
4 7 1 1 1 7 6 1 1 0 6 0 4 4 7 7
5 3 3 3 3 1 1 3 1 1 3 3 1 3 1 6
7 7 7 1 5 6 7 6 6 0 6 0 3 5 0 0
4 4 4 5 3 6 2 5 2 4 6 2 4 2 5 2
2 2 3 5 5 6 1 5 4 6 6 2 1 3 3 4
6 2 1 0 6 5 5 4 4 5 6 3 6 4 6 6
3 4 3 7 2 2 1 3 1 3 3 3 3 1 6 1
4 1 4 1 5 0 3 5 7 0 0 2 6 2 4 5
3 2 3 3 6 2 7 7 4 2 6 1 7 4 7 3
6 2 0 3 0 3 2 2 0 3 0 3 7 0 3 4
2 6 3 2 4 7 5 4 7 3 0 4 4 4 7 4
0 4 7 5 7 3 4 6 0 4 0 3 5 5 5 7
0 4 0 4 7 1 0 6 4 5 6 2 5 4 5 1
5 7 5 4 0 0 1 5 5 5 7 3 6 2 2 1
2 1 1 1 7 1 4 6 1 0 1 5 1 6 7 5
71 39 69 7 47 47 47 80 47 83 80 80 80 88 43 69
56 69 4 4 43 69 9 4 4 3 9 3 46 94 89 89
95 83 83 83 35 15 71 93 71 71 93 93 15 93 15 48
51 51 51 15 77 48 51 48 48 32 9 32 75 77 32 32
36 36 36 77 27 30 16 77 16 36 9 16 66 34 19 34
72 16 55 19 19 40 43 19 28 88 88 34 43 55 55 28
40 92 23 70 40 95 39 28 28 95 30 75 20 66 30 30
75 76 55 89 34 44 81 17 81 17 35 35 17 23 40 23
66 81 66 81 95 70 35 39 10 42 42 24 20 24 76 39
6 24 45 17 20 44 79 21 84 24 20 23 79 84 21 27
58 72 90 27 42 45 44 72 70 45 42 75 89 70 45 18
72 68 6 44 84 21 67 18 31 6 90 7 84 18 79 18
3 46 31 87 41 27 7 68 3 76 11 6 67 67 67 21
90 7 11 76 79 63 90 78 56 57 78 92 29 56 87 33
57 31 29 56 22 22 53 57 57 87 31 65 88 82 92 33
92 33 33 63 10 91 46 78 63 22 91 87 91 68 10 29
