0 5 4 6 3 6 4 6 4 5 7 5 6 4 3 1
5 5 3 1 0 7 5 2 2 3 0 3 1 6 2 3
3 0 6 5 4 2 3 5 5 5 5 2 1 3 5 1
0 1 3 0 3 6 4 6 5 3 5 5 4 5 5 0
1 5 6 4 7 4 4 6 0 6 0 7 0 4 3 3
6 3 7 0 0 6 4 4 4 5 3 4 2 2 2 5
5 5 6 6 3 2 0 5 3 7 2 2 3 2 3 3
6 6 6 3 3 1 0 4 1 4 6 3 5 7 5 5
2 0 7 4 4 4 7 4 7 7 1 4 1 7 5 4
1 7 3 7 6 1 7 7 4 3 3 1 4 2 0 3
3 2 0 0 2 7 2 6 6 4 4 6 1 7 2 4
7 4 6 6 2 1 1 4 1 5 3 1 1 1 3 3
2 4 2 3 2 7 0 6 6 6 0 1 5 4 1 1
0 1 0 4 7 3 4 4 2 4 4 5 1 5 5 4
2 2 3 0 6 7 7 0 7 0 4 6 4 6 7 2
7 0 7 0 7 2 0 3 0 7 2 2 1 2 1 0
42 57 76 58 83 9 76 9 76 77 31 47 48 7 6 15
47 47 6 23 3 10 19 44 44 45 80 45 33 20 16 35
17 32 30 19 46 54 55 29 39 8 39 44 33 45 29 33
80 33 45 42 75 40 76 48 39 55 8 47 94 8 39 70
71 57 68 28 69 28 28 78 22 58 3 51 3 36 55 55
48 75 69 42 42 88 84 46 46 87 27 28 54 5 54 87
87 87 20 48 27 44 90 8 65 69 16 16 65 24 65 65
40 40 40 75 75 63 3 36 4 56 20 6 19 51 95 19
16 32 51 18 94 84 51 46 69 59 4 36 4 59 29 18
15 21 35 31 20 4 31 31 18 27 27 81 56 92 60 35
35 34 52 32 34 21 34 30 30 18 36 68 15 21 54 56
59 56 58 58 34 23 63 84 63 57 93 15 23 23 93 93
92 84 92 93 92 21 22 88 88 88 22 71 57 7 71 71
22 63 32 66 59 6 66 66 72 66 94 95 43 95 95 94
5 82 17 52 30 89 89 52 89 52 7 9 7 9 10 5
10 11 10 11 79 5 80 17 80 89 72 72 53 72 53 11
