4 7 0 6 3 3 3 5 5 5 6 5 1 4 4 6
4 4 1 6 7 4 3 1 4 5 7 6 6 4 0 2
1 5 0 1 5 7 3 2 4 7 7 2 2 2 0 4
4 5 1 0 3 7 4 0 4 3 3 7 5 5 7 7
2 0 5 3 3 3 1 1 0 1 7 2 0 1 1 0
3 7 7 4 1 0 1 7 0 0 3 2 2 0 5 4
1 3 6 3 6 5 5 1 6 4 1 5 5 4 7 0
1 3 0 3 3 5 3 0 0 4 4 0 5 6 7 2
2 1 6 5 6 1 5 3 4 6 1 5 1 6 3 3
3 6 0 4 4 4 4 4 3 6 4 5 5 2 0 0
5 5 5 6 1 1 1 1 2 2 1 1 1 5 0 6
5 5 5 3 0 0 0 0 1 0 7 0 0 3 1 3
1 4 2 4 7 3 2 0 7 6 0 4 6 0 6 5
3 2 0 7 1 2 0 7 3 3 3 1 1 7 5 2
1 5 5 6 2 5 2 5 7 1 7 3 6 1 1 7
7 7 7 2 7 4 2 3 2 2 6 2 6 2 6 1
56 89 52 78 35 83 27 95 57 8 30 95 63 7 76 78
76 76 33 30 21 18 27 33 18 57 21 30 30 18 60 54
53 19 32 53 29 31 17 5 18 59 59 44 5 24 60 36
36 39 33 60 45 69 36 70 36 55 55 31 29 47 21 41
44 52 29 27 27 35 81 23 70 81 69 72 70 81 81 3
17 51 21 76 53 42 53 51 42 42 75 54 5 42 39 46
43 55 78 55 78 67 67 23 68 28 23 29 47 56 59 52
23 35 22 83 83 57 93 3 3 66 46 3 19 9 31 92
16 33 58 47 20 15 95 17 56 9 15 95 91 88 93 93
17 20 11 56 84 94 84 84 93 88 84 8 47 34 60 90
57 8 8 88 4 91 91 91 16 54 4 4 15 87 90 88
87 87 87 6 90 90 11 32 63 22 89 52 22 45 63 45
15 28 16 28 51 45 16 11 51 48 22 28 40 32 20 19
35 34 32 89 43 54 11 89 75 75 75 43 43 31 77 34
71 77 19 20 24 77 24 77 41 71 69 65 40 63 71 41
41 79 69 64 79 7 64 83 64 24 48 82 68 82 68 71
