1 5 1 1 2 3 2 0 4 2 4 4 7 4 0 2
7 7 7 1 0 7 7 7 2 2 6 1 6 7 7 7
4 0 6 5 7 3 1 3 4 5 3 0 6 6 7 7
6 6 1 6 4 0 6 6 4 7 6 0 4 5 7 2
1 5 5 4 6 4 1 1 0 1 1 3 0 0 0 3
0 3 3 2 2 6 0 0 3 0 3 6 0 1 5 4
3 6 5 6 5 1 1 1 1 5 1 5 4 4 3 4
2 3 3 3 2 3 3 4 0 0 4 3 1 4 3 3
1 0 4 3 1 1 0 0 4 7 5 7 5 4 5 2
5 2 4 4 5 2 3 7 1 3 3 0 3 3 0 7
7 1 0 6 0 5 0 1 2 4 4 5 5 5 7 5
7 3 7 7 1 0 1 4 1 7 3 2 2 2 1 1
6 5 5 6 6 3 6 6 2 6 2 2 3 5 1 6
0 2 4 0 5 0 0 5 2 1 7 5 2 6 7 7
3 6 3 5 5 7 2 7 0 1 0 0 6 3 5 4
6 3 4 1 6 4 5 6 6 6 6 1 6 5 7 4
71 95 63 91 64 6 64 11 76 64 66 66 31 7 60 64
21 31 79 23 3 10 51 79 16 16 78 33 30 31 31 21
28 32 30 19 21 55 53 27 18 8 55 32 30 30 51 51
20 20 33 20 18 42 48 48 36 51 20 42 94 57 21 54
71 29 29 56 58 56 43 43 22 43 43 55 22 70 90 93
90 93 93 92 92 58 90 70 35 90 27 58 22 91 39 46
17 48 39 48 95 4 4 23 4 95 4 95 7 7 6 7
92 83 83 93 34 65 45 18 22 60 46 35 15 46 65 35
53 32 18 35 53 53 32 60 46 59 87 59 87 36 19 92
87 54 36 36 87 34 27 59 23 55 65 52 6 6 60 69
69 71 52 88 52 39 52 71 34 28 28 67 67 67 69 67
59 45 41 41 91 3 63 84 63 69 83 82 82 82 63 91
58 47 47 68 40 27 68 68 34 68 72 82 83 77 15 78
70 5 28 11 77 70 11 77 72 33 79 77 72 78 10 10
65 78 17 47 47 10 72 79 42 15 80 42 88 45 19 94
9 45 94 15 88 94 8 88 9 9 40 23 40 8 89 66
