5 1 6 3 5 0 2 5 3 5 0 6 2 6 5 0
0 3 0 5 6 7 3 4 4 0 6 6 0 7 7 3
2 5 1 5 1 5 7 5 2 0 3 1 2 0 6 0
2 3 3 1 6 1 1 1 1 3 6 7 6 1 7 3
3 7 7 7 1 2 3 1 0 2 7 2 6 6 7 6
6 7 7 5 3 4 3 7 7 5 3 3 3 3 7 6
7 7 7 7 6 3 1 3 2 5 5 6 5 5 2 4
5 4 5 5 7 7 7 7 7 4 6 2 1 4 1 2
2 0 4 4 4 6 7 7 0 5 0 0 0 6 0 5
7 4 6 4 4 4 3 4 1 3 1 1 2 1 2 4
1 2 2 6 2 7 2 7 7 3 3 0 7 4 4 2
2 1 1 0 4 0 4 0 1 4 6 6 4 4 1 3
4 0 4 3 0 4 2 3 3 2 5 7 5 1 1 5
1 1 5 5 5 2 2 0 7 4 5 5 4 4 4 4
1 0 3 3 1 6 5 5 6 2 4 5 5 1 1 6
0 5 0 1 3 3 4 2 6 5 2 2 2 1 6 4
67 91 68 93 67 11 72 77 35 77 22 78 24 88 57 90
22 83 52 19 30 10 45 66 36 22 40 9 11 31 21 17
54 77 23 47 91 77 59 47 92 3 93 91 92 3 48 3
54 27 27 71 58 53 53 53 53 65 20 69 20 4 21 65
65 51 51 41 4 5 65 4 11 64 79 72 40 40 79 48
68 59 21 47 45 18 45 41 41 87 27 83 83 83 41 40
89 89 89 89 78 45 4 6 5 39 87 58 87 87 34 94
29 76 8 8 10 31 51 51 31 56 58 92 23 18 91 92
16 32 18 18 66 30 69 21 22 19 32 11 32 48 42 19
31 46 58 46 46 46 27 36 43 35 43 43 34 43 16 28
33 82 82 88 5 10 5 10 59 6 6 3 59 84 84 82
82 33 33 42 28 80 36 52 63 84 30 30 94 94 63 93
94 90 84 93 90 76 64 35 6 64 29 69 57 23 63 57
23 63 8 8 47 16 16 90 69 28 19 29 7 28 76 76
71 32 17 35 33 20 39 29 78 64 36 39 39 71 71 78
42 57 42 15 17 17 66 24 9 95 34 44 24 15 20 66
