7 6 6 6 7 3 5 0 3 5 3 7 5 1 0 6
2 6 5 1 6 5 0 5 6 0 0 3 2 4 6 2
2 0 0 5 1 3 0 1 1 7 4 6 2 0 4 4
0 6 4 4 4 5 3 5 5 0 1 7 0 3 6 6
7 0 2 5 6 2 2 0 2 3 2 2 3 3 6 0
6 3 0 5 7 0 5 5 1 4 1 0 7 4 3 2
2 6 6 4 4 5 4 5 0 4 4 0 6 2 7 0
6 6 0 2 2 0 1 6 5 4 5 6 1 3 3 5
1 7 5 2 7 5 5 5 1 5 5 5 1 0 5 1
3 0 3 3 3 5 1 3 1 7 4 6 7 3 7 3
5 4 1 6 7 0 3 0 3 6 4 4 4 2 3 3
1 2 4 2 1 0 4 3 6 6 2 0 7 0 7 4
6 5 5 2 0 2 7 1 0 4 0 4 2 1 4 3
1 1 7 3 5 6 1 1 0 4 7 5 0 7 3 1
7 3 4 4 2 4 3 2 1 3 3 5 4 1 2 7
7 4 4 1 1 0 4 7 3 1 1 2 0 4 7 4
21 30 40 48 69 83 95 11 17 19 35 31 39 33 42 58
54 88 67 71 88 8 80 95 30 90 32 45 54 56 48 54
5 3 11 19 23 35 11 71 71 79 76 78 92 90 76 76
80 78 18 18 18 29 35 29 29 32 43 10 3 45 58 58
59 60 82 67 30 82 82 60 82 75 5 72 75 6 78 3
48 75 90 47 89 90 87 8 4 7 4 11 10 56 55 64
64 20 20 28 36 8 36 8 22 36 28 22 40 44 51 52
48 40 22 5 24 70 23 9 19 56 19 68 15 65 65 67
4 89 77 5 21 77 77 29 33 57 87 87 53 3 87 53
6 52 55 55 55 47 53 17 4 89 46 30 31 6 31 6
39 76 53 88 89 52 17 80 17 20 94 94 94 16 65 75
81 34 94 34 81 70 56 35 40 88 24 52 10 32 51 7
9 57 57 34 32 34 10 23 60 7 22 84 16 91 84 93
91 63 79 45 95 58 91 91 42 84 79 57 60 41 93 81
79 93 18 36 16 28 45 16 15 93 27 47 7 63 54 41
41 46 84 15 81 42 66 41 83 15 23 44 42 28 51 46
