6 7 2 4 7 7 6 7 3 6 0 4 6 3 4 0
7 4 6 6 4 4 3 3 4 3 3 3 6 7 4 4
3 3 4 0 0 3 6 6 3 3 5 0 3 2 5 4
2 4 4 4 2 0 0 1 6 7 4 2 1 6 4 7
0 3 6 7 4 5 4 1 0 5 3 0 5 1 4 5
4 1 5 4 6 4 1 2 6 6 3 4 4 6 1 1
1 5 0 5 5 3 0 6 1 5 3 0 2 5 2 7
3 3 5 3 5 1 5 1 2 7 4 2 7 5 5 1
5 5 5 0 3 1 3 5 2 6 1 4 6 3 3 3
5 3 2 5 2 2 0 4 6 5 7 4 0 5 1 4
5 3 5 5 5 1 1 7 0 1 3 5 1 6 0 5
5 7 7 1 5 0 5 5 7 7 5 1 5 4 1 4
4 0 1 3 0 1 0 3 2 3 5 6 2 2 2 4
7 0 6 0 3 4 2 3 4 2 6 6 4 4 3 2
6 6 0 4 2 3 4 0 6 1 1 2 7 0 7 2
2 6 0 4 7 7 7 6 1 6 0 7 6 0 6 2
58 51 16 46 41 41 58 41 27 58 22 18 58 45 18 22
41 36 88 88 18 36 93 6 18 45 45 45 9 51 36 36
6 93 46 32 22 93 88 88 6 93 95 22 6 92 95 76
92 84 46 46 92 80 32 63 40 51 76 92 23 20 66 51
32 27 40 21 84 47 66 23 32 67 75 80 47 63 76 47
84 23 57 76 40 84 23 44 9 40 35 66 66 9 63 63
81 95 80 57 77 35 80 9 53 87 83 70 44 39 44 21
55 35 67 17 39 71 95 53 44 21 56 64 79 47 67 53
67 19 57 90 35 53 55 19 34 20 91 56 20 27 27 55
57 55 64 87 64 64 42 94 48 39 21 56 42 77 71 56
39 17 8 29 77 91 71 79 70 91 75 8 71 20 90 77
19 10 10 33 19 90 8 87 10 10 87 81 8 28 81 28
28 42 91 17 90 81 11 83 82 75 29 68 34 34 82 28
89 42 68 70 75 94 82 17 94 82 78 78 7 94 83 24
78 68 11 7 34 83 7 70 78 4 15 72 69 52 79 24
72 48 60 7 69 79 59 30 4 48 11 69 48 11 68 5
