7 4 7 5 1 0 1 4 0 7 6 1 2 2 0 5
1 0 2 4 4 5 4 4 2 3 2 5 0 7 6 0
6 3 6 4 6 4 2 4 4 5 3 1 1 5 4 5
5 4 6 7 2 7 2 6 1 2 6 7 3 3 7 0
4 3 5 0 0 3 3 1 3 3 0 4 6 1 0 0
1 2 2 1 7 2 3 1 7 3 3 1 3 0 0 2
2 3 4 3 7 4 4 4 4 7 4 4 0 0 7 0
0 0 7 7 5 2 1 3 2 3 3 2 2 2 2 4
7 7 7 0 6 1 1 6 1 1 4 1 5 6 2 4
5 4 4 5 6 6 6 7 7 7 6 6 7 1 5 5
0 1 1 6 0 0 0 7 6 7 0 5 0 2 5 6
5 0 3 3 3 3 5 3 3 5 2 3 5 0 1 0
2 1 6 5 0 2 7 1 1 5 2 0 2 6 4 0
1 2 2 0 7 6 1 3 0 6 7 1 1 3 4 7
6 3 6 6 6 7 5 6 5 6 0 3 0 3 7 0
1 7 1 7 5 3 1 1 3 3 7 3 3 3 4 5
10 7 10 8 23 22 23 18 32 31 20 23 24 34 22 29
33 32 44 46 46 39 46 46 44 45 44 39 11 10 9 11
9 17 30 18 9 7 5 18 7 8 55 4 15 8 7 19
19 18 9 10 16 21 16 20 23 24 20 21 45 45 21 3
36 45 47 11 11 6 6 4 6 6 3 36 30 15 3 3
4 16 16 15 89 64 17 15 21 17 17 33 27 42 42 24
64 27 36 27 89 56 84 84 84 89 56 84 32 60 59 32
60 60 59 41 77 92 91 27 92 55 55 54 54 54 54 28
31 31 31 90 68 63 63 20 63 63 36 4 77 88 44 28
77 28 28 57 88 88 88 59 79 79 30 68 79 43 77 39
90 91 91 68 70 70 60 59 68 69 22 19 22 24 19 78
87 70 35 75 75 75 29 35 35 29 34 35 29 70 71 80
92 71 78 8 80 5 89 71 43 95 5 52 34 58 56 52
71 34 5 52 41 58 91 83 52 40 69 43 43 83 56 51
40 55 40 48 40 69 95 58 95 30 80 65 80 83 51 90
53 51 53 51 57 93 53 53 83 65 69 65 65 93 94 39
