7 1 0 7 7 7 5 6 7 5 5 3 5 7 6 3
3 3 5 5 7 7 5 5 6 6 5 7 5 5 4 1
2 0 0 0 5 4 4 1 7 4 4 3 0 5 5 1
4 4 4 5 1 0 5 5 7 5 1 7 1 5 1 1
0 5 0 0 1 4 4 3 5 1 1 3 3 3 1 5
4 1 5 4 5 0 3 1 0 1 1 1 4 1 0 2
7 1 7 3 7 4 7 1 4 3 4 1 4 1 1 3
7 7 1 5 3 4 4 1 5 0 1 1 5 5 7 4
7 2 1 1 2 2 7 2 7 7 7 3 1 1 1 1
2 1 4 7 3 7 4 3 1 6 2 4 7 0 6 0
3 5 1 3 0 6 4 2 4 6 2 5 2 3 2 6
7 5 5 7 2 5 2 4 4 0 4 5 2 4 6 2
0 2 7 5 4 7 4 2 4 0 1 3 1 6 3 3
7 6 0 7 3 1 6 3 5 3 2 2 6 2 0 7
3 0 0 3 6 2 6 6 6 4 4 2 2 2 2 6
0 7 3 0 2 4 5 0 7 0 5 4 2 0 4 2
31 23 52 31 31 31 29 40 69 29 29 75 29 69 40 75
75 75 87 87 69 69 57 87 40 40 87 59 77 57 56 43
16 52 52 42 57 66 66 71 59 56 66 35 42 8 8 15
56 66 56 8 53 42 77 77 59 67 15 59 43 77 33 53
22 8 11 42 15 28 28 35 67 53 53 35 55 55 63 57
28 15 67 28 67 22 45 71 22 4 71 33 7 71 22 64
79 33 79 35 79 7 79 33 46 45 7 4 46 91 23 45
89 51 4 19 45 7 46 43 19 52 4 43 19 19 89 46
51 64 91 91 24 64 51 64 89 41 51 17 91 81 23 23
54 81 36 10 55 89 36 55 81 48 24 76 10 60 68 60
17 95 81 17 70 48 36 72 84 48 72 95 54 17 72 48
10 95 95 10 72 47 24 84 76 60 76 47 54 76 9 44
60 54 21 47 84 21 36 34 84 70 63 93 63 20 27 27
21 9 70 21 27 63 58 93 47 27 34 5 58 34 90 41
93 70 90 93 9 34 9 58 58 94 18 44 44 24 82 88
80 41 83 11 82 18 39 11 41 3 39 18 92 3 18 82
