3 1 2 1 1 1 0 0 0 3 0 2 2 2 3 5
7 3 1 7 7 3 7 1 1 1 1 5 3 3 6 2
3 3 1 2 5 5 1 2 6 6 1 6 1 5 5 1
2 2 2 0 2 5 1 2 2 0 2 5 5 2 0 0
2 1 5 5 0 0 1 5 0 6 4 7 3 0 3 4
4 0 7 1 7 4 0 0 0 0 0 1 1 4 6 6
6 6 0 1 4 4 0 4 2 3 0 3 3 2 3 0
3 5 4 5 5 5 0 1 0 3 0 4 0 7 6 6
6 6 1 2 1 4 4 4 5 6 2 2 6 6 5 5
5 1 5 4 1 6 4 4 4 1 1 7 2 7 2 2
2 3 3 3 3 7 3 7 0 5 7 5 5 6 6 6
0 7 7 7 7 4 7 7 7 7 7 7 3 3 3 7
6 6 6 6 4 4 4 4 4 4 0 3 3 3 2 2
0 2 7 7 7 7 0 0 6 1 4 1 1 1 5 6
5 6 6 5 5 4 4 4 2 6 6 2 6 2 6 2
5 4 5 2 4 4 4 5 5 5 7 2 2 7 7 2
65 33 16 33 33 33 32 32 32 35 32 16 16 16 35 47
21 35 53 21 21 35 21 23 53 53 53 47 17 17 30 5
17 17 23 5 57 29 23 24 30 30 23 30 63 47 47 63
5 5 44 42 24 29 63 24 44 42 44 29 29 24 42 42
44 63 57 57 22 22 43 57 22 58 56 31 6 3 6 28
28 3 31 15 31 28 60 3 3 60 60 15 15 56 48 48
48 48 52 15 56 56 60 28 34 6 52 27 27 34 27 22
27 39 18 39 39 39 11 43 11 6 11 46 11 41 58 58
58 40 4 54 4 18 18 7 8 9 34 34 9 9 8 19
8 43 8 7 43 9 7 7 18 4 4 41 54 41 54 54
64 45 45 45 45 51 55 31 52 19 41 19 19 40 40 40
52 59 59 59 59 46 51 10 51 10 10 10 55 55 55 51
20 20 20 20 46 36 36 36 36 46 70 65 65 65 64 64
70 64 69 69 69 69 70 70 68 71 66 71 71 71 67 68
67 68 68 67 67 66 66 66 82 88 88 82 88 82 88 82
87 94 87 72 94 94 94 77 77 77 89 72 72 89 89 72
