0 0 0 0 4 1 4 4 4 1 1 1 2 3 3 3
3 5 2 5 2 5 5 2 4 4 4 4 0 7 0 7
7 7 5 1 2 6 0 7 4 4 4 4 3 3 3 6
6 6 2 6 0 0 0 5 2 2 2 7 1 0 0 0
0 3 6 6 6 6 7 7 6 6 2 4 0 3 5 7
7 7 2 2 2 2 3 2 5 3 3 1 1 1 1 3
3 3 1 3 1 1 1 5 7 7 7 5 5 5 5 4
5 5 5 5 1 3 3 3 1 1 0 0 0 3 3 3
3 4 4 3 3 0 7 7 5 6 5 7 7 7 7 7
7 4 5 5 5 7 7 6 4 4 4 6 6 2 2 2
0 5 4 4 0 0 0 0 7 7 6 1 1 6 2 3
7 0 4 6 6 2 2 2 2 2 2 0 1 6 1 1
1 1 7 0 0 5 6 6 6 4 2 4 4 4 4 6
6 4 3 4 4 4 4 6 3 6 6 6 4 4 4 4
3 4 3 6 6 2 2 1 2 2 1 0 2 0 5 0
3 2 0 1 4 4 5 7 5 0 0 0 0 0 1 5
3 3 3 3 7 4 7 7 7 4 4 4 5 6 6 6
6 8 5 8 5 8 8 5 56 56 56 56 70 69 60 69
69 31 19 33 16 30 70 69 94 94 94 94 45 45 45 48
20 68 24 20 60 60 60 47 24 24 24 41 23 52 52 52
52 35 40 20 20 40 21 21 30 30 54 18 22 27 47 31
31 31 44 44 44 44 27 34 47 27 27 43 43 43 43 93
93 93 71 93 15 15 15 39 41 41 41 57 57 57 57 18
29 29 29 29 33 55 55 55 33 33 22 22 22 17 17 17
17 46 46 83 55 70 89 89 87 30 47 51 51 51 51 89
89 28 39 39 39 79 79 88 28 28 28 48 48 16 16 16
32 19 46 46 42 42 42 42 21 21 9 53 53 58 92 83
79 32 66 68 9 54 54 54 34 34 92 70 15 48 63 63
63 63 79 32 32 87 9 9 58 84 34 36 36 36 36 40
40 76 45 76 76 76 66 78 65 78 58 58 18 18 84 84
83 84 65 78 78 72 72 71 92 72 91 90 92 90 67 90
83 72 90 71 66 66 87 10 87 11 80 80 80 80 91 95
