0 0 0 0 1 0 4 4 0 4 4 1 6 1 1 2
1 7 7 0 0 3 7 2 2 2 2 3 3 3 3 4
7 7 7 0 2 2 1 1 1 6 2 4 4 4 4 5
5 5 5 1 1 5 2 2 2 6 6 6 2 1 7 7
3 5 5 3 3 1 1 1 7 7 7 7 5 5 5 2
2 2 1 1 5 4 4 4 4 4 7 4 4 5 5 5
5 5 5 5 7 0 7 3 0 0 6 2 2 2 2 5
5 6 6 5 5 0 1 1 2 1 2 2 2 1 1 1
1 0 0 0 7 4 4 4 2 4 4 0 3 3 3 3
6 7 7 7 7 6 0 0 0 0 0 2 7 7 7 6
7 6 6 6 4 6 3 3 3 3 0 3 3 3 3 3
6 6 6 7 7 4 4 4 6 6 0 5 3 4 4 4
4 5 5 5 3 3 2 0 0 3 6 0 6 6 6 0
0 0 2 2 2 2 0 0 5 2 2 4 4 0 0 2
7 7 7 7 2 2 3 5 4 4 1 1 1 1 1 1
1 1 5 5 3 3 4 1 1 3 3 3 3 5 6 0
3 3 3 3 4 11 7 7 11 7 7 4 9 4 43 72
4 10 10 11 11 6 21 16 16 16 16 17 17 17 17 18
21 21 21 22 72 72 43 43 43 30 72 76 76 76 56 87
87 87 87 53 15 19 5 5 5 9 9 9 5 63 10 10
6 8 8 6 6 63 63 63 41 41 41 41 19 8 8 34
34 34 15 15 39 18 46 18 18 46 31 46 46 39 39 39
47 47 47 47 31 90 89 55 60 60 30 54 54 54 54 57
57 30 30 57 57 22 53 53 64 53 64 64 64 91 91 91
91 90 90 90 79 76 94 94 82 94 94 70 83 83 83 83
88 59 59 59 59 78 70 70 70 32 32 24 79 79 79 48
89 48 48 48 84 88 45 45 45 45 60 75 93 93 93 93
78 78 78 89 89 84 84 84 88 88 60 67 55 28 28 28
28 67 67 67 55 55 92 80 80 27 68 42 68 68 68 42
42 42 44 44 44 44 22 22 95 92 92 66 66 80 80 82
69 69 69 69 82 82 27 19 66 66 33 33 33 33 71 71
71 71 77 77 27 27 36 23 23 65 65 65 65 95 20 32
