0 3 7 3 7 6 1 6 0 1 1 1 1 0 7 7
7 6 6 3 0 3 7 7 7 0 7 0 0 7 7 0
4 4 4 3 4 4 0 0 3 0 7 0 4 4 4 1
3 1 1 3 3 7 3 4 7 3 4 4 4 6 2 5
5 6 6 1 1 1 5 1 1 2 1 2 5 2 1 1
5 3 5 2 5 5 2 2 6 2 0 0 4 4 0 0
1 2 4 4 7 7 6 2 5 5 5 6 5 2 2 6
6 6 3 3 3 3 7 6 7 6 6 1 1 1 6 4
7 5 5 7 4 4 5 6 5 4 3 3 3 6 6 4
6 6 6 6 6 5 1 5 4 5 5 7 2 5 7 5
6 2 1 6 6 0 2 0 0 2 0 0 1 1 0 2
2 2 2 0 2 0 2 2 0 0 0 0 5 4 7 5
4 3 0 1 1 5 5 5 1 0 1 0 0 3 3 3
5 3 5 5 5 7 2 2 5 4 2 2 2 2 4 2
4 7 7 7 7 4 3 3 3 3 6 6 2 2 6 4
6 3 3 3 4 3 3 3 2 7 2 0 3 3 0 0
22 17 59 17 51 58 23 58 22 23 23 23 15 22 31 31
31 58 58 17 22 17 31 51 51 52 21 52 52 21 51 52
18 18 18 35 18 28 3 3 6 3 21 3 28 28 28 15
35 15 15 35 6 59 35 56 21 6 56 56 56 20 5 57
57 20 20 63 4 4 57 63 63 5 63 5 57 5 4 4
8 6 8 24 8 8 24 24 20 24 11 11 7 7 11 11
53 16 7 7 59 59 9 16 19 19 19 40 19 16 16 40
40 40 27 27 27 27 41 9 41 9 30 53 53 53 9 36
41 29 29 41 36 36 29 30 29 36 55 55 55 30 30 46
88 88 88 88 48 87 33 87 46 87 87 10 54 95 10 95
48 54 33 48 48 80 54 32 32 54 32 32 33 33 80 44
44 64 64 80 64 42 44 44 42 42 42 80 39 46 10 39
46 55 60 43 43 39 95 39 43 60 43 60 60 45 45 45
47 45 47 47 47 10 34 34 95 84 92 92 92 92 84 34
84 89 89 89 89 84 93 93 93 93 78 78 34 64 78 94
78 75 83 75 66 83 83 83 72 79 72 70 65 65 70 70
