0 0 0 0 4 4 4 4 1 1 1 1 2 3 3 3
3 5 2 5 5 5 2 2 4 4 4 4 0 1 0 0
0 0 0 4 5 3 0 0 1 1 1 7 0 3 3 3
7 1 6 6 6 6 5 5 4 5 1 1 4 4 4 3
3 3 3 7 7 7 7 0 1 0 6 6 1 0 0 6
6 7 7 7 7 7 7 7 1 5 1 1 2 7 7 7
1 7 3 6 6 3 3 3 6 6 1 6 6 4 1 0
1 3 2 1 1 2 2 2 0 2 2 2 7 3 3 3
3 1 1 1 1 4 5 2 5 4 2 2 5 5 4 4
3 3 3 4 5 0 2 5 5 5 1 1 1 0 0 0
2 2 5 4 0 0 7 1 0 0 5 5 5 2 1 7
2 2 2 6 2 7 1 4 4 4 2 1 1 1 6 6
6 6 7 7 4 0 0 0 0 7 0 7 4 7 7 1
2 7 5 6 5 6 5 4 3 4 4 2 2 4 2 2
2 3 6 6 2 4 6 6 6 5 7 2 6 3 3 3
3 3 3 5 5 0 2 2 2 6 5 7 0 4 5 5
3 3 3 3 7 7 7 7 4 4 4 4 5 6 6 6
6 8 5 8 8 8 5 5 56 56 56 56 70 33 60 60
60 60 32 66 19 65 32 32 53 53 53 10 32 65 65 65
31 15 68 68 68 68 47 47 28 47 15 15 28 28 28 17
17 17 17 10 21 10 10 11 15 11 20 20 23 11 11 9
9 31 51 31 31 51 51 51 33 47 33 33 72 59 59 59
71 59 35 40 88 35 35 35 48 48 71 48 48 66 43 70
43 83 64 43 43 44 44 92 70 44 44 72 69 55 55 55
55 91 91 91 91 94 87 92 87 94 92 92 87 87 94 94
93 93 93 76 57 70 64 95 57 57 23 23 23 52 52 52
24 34 29 76 22 22 69 71 22 22 19 19 19 16 71 69
16 16 16 20 64 21 63 18 18 18 82 63 63 63 58 58
58 58 41 41 18 52 42 42 42 41 42 41 66 21 21 53
24 69 29 9 57 30 67 76 45 46 46 24 24 46 54 54
54 93 30 30 54 46 40 40 40 39 89 64 30 75 45 45
45 27 27 39 39 90 34 34 34 9 95 89 90 84 95 95
