0 4 4 1 2 5 4 3 5 0 3 4 3 4 2 5
1 1 2 1 3 7 2 5 6 3 0 6 7 6 4 4
4 2 0 5 0 0 0 4 4 4 0 4 2 0 0 0
3 3 5 4 4 3 6 6 6 6 6 1 2 6 7 7
7 7 3 4 7 4 4 4 0 5 1 1 0 5 1 1
6 5 3 5 6 6 5 5 3 0 6 0 1 0 7 6
6 3 6 3 7 7 7 7 5 3 7 3 5 7 5 3
3 3 2 2 6 3 5 5 1 1 1 3 2 2 2 2
1 0 5 1 1 5 1 7 7 1 1 7 1 5 4 4
5 4 5 4 5 5 2 2 2 2 4 1 7 1 1 7
1 4 2 6 0 0 0 0 2 2 4 4 4 1 1 6
6 6 6 2 6 6 6 2 2 2 6 0 0 0 0 1
1 3 6 3 0 3 4 6 0 2 1 6 1 1 2 7
5 6 7 7 4 5 1 7 6 3 7 6 4 0 7 1
4 3 3 7 3 3 7 4 1 0 5 6 2 3 0 0
0 1 0 7 7 3 0 5 5 5 5 5 3 4 7 3
3 36 7 4 5 8 7 6 8 11 6 7 6 7 5 8
4 4 5 4 6 10 5 8 9 65 32 40 10 20 28 36
28 16 11 19 60 60 11 56 36 56 52 36 16 11 60 60
65 65 57 28 28 65 48 48 40 40 48 15 16 40 21 21
21 21 17 56 69 46 46 46 22 19 53 71 22 29 71 71
68 19 17 67 20 48 67 19 35 90 68 42 43 42 41 68
68 27 20 27 41 41 41 69 29 45 10 45 29 10 29 45
45 35 44 34 20 17 67 67 53 53 53 17 44 34 34 24
33 52 57 33 33 57 15 31 31 23 15 31 33 57 66 66
47 66 47 66 47 47 64 64 64 64 46 81 69 15 71 69
43 76 16 88 52 70 52 70 24 54 18 18 18 23 23 30
58 30 58 34 30 58 30 54 54 54 58 22 22 70 70 43
43 35 78 35 42 27 94 88 42 44 63 78 81 23 44 59
95 9 51 89 94 77 91 89 78 83 79 9 76 90 51 81
18 55 55 51 55 55 51 84 91 90 77 9 82 83 80 3
3 91 3 31 79 93 80 39 39 39 39 77 83 94 89 83
