4 4 3 3 1 2 2 4 2 1 1 1 0 4 2 1
0 1 0 2 0 0 0 5 0 3 6 0 0 6 2 0
0 0 5 6 5 6 3 6 3 5 6 6 6 7 6 6
7 6 0 2 6 0 1 7 0 2 1 1 0 7 2 2
1 3 2 2 7 2 3 3 1 4 4 2 2 4 1 3
1 2 3 1 5 2 5 2 6 6 6 0 0 4 4 2
0 6 2 2 2 4 3 2 4 4 2 1 7 5 4 7
0 1 5 5 1 1 5 4 3 4 5 7 1 4 1 6
7 0 2 3 5 5 7 0 6 0 5 5 6 6 2 4
7 6 6 6 4 0 0 3 0 7 0 1 4 2 0 4
5 4 5 6 2 2 5 5 5 5 7 7 7 5 7 1
1 5 5 3 4 7 1 5 3 1 5 0 3 0 4 3
3 3 6 7 3 4 7 3 1 7 7 1 1 6 1 2
5 0 1 7 1 7 1 7 6 3 7 6 4 4 4 1
4 1 1 1 6 4 5 4 1 0 5 1 6 3 1 4
3 1 2 2 7 3 0 3 3 3 3 3 3 4 7 3
7 7 6 6 4 5 5 7 5 4 4 4 3 7 5 15
70 15 3 16 70 70 70 8 11 17 40 11 11 20 16 11
22 3 8 30 8 30 17 9 17 8 30 30 68 10 68 68
10 20 42 24 68 42 71 10 42 24 71 71 3 10 44 24
71 55 44 44 31 44 6 6 15 28 36 16 24 36 23 65
23 16 65 23 39 64 39 64 40 40 40 52 52 56 46 64
52 58 54 54 54 56 65 34 46 46 54 43 51 19 36 59
60 63 19 19 63 63 19 36 17 56 39 59 63 46 43 48
59 32 64 45 29 29 59 60 58 42 29 29 58 48 72 66
21 48 58 48 66 90 60 65 32 21 32 81 56 34 60 28
57 66 57 88 34 34 67 67 67 67 21 51 51 47 51 53
15 39 57 75 66 21 53 57 55 53 47 52 55 22 18 93
35 35 78 41 35 94 41 35 43 41 41 33 81 88 33 82
95 32 23 89 43 79 91 89 78 83 79 78 18 28 18 81
18 53 33 33 78 94 95 84 91 90 77 91 88 83 81 94
93 91 92 92 79 93 80 27 27 45 27 27 83 28 89 83
