7 6 3 6 1 1 3 2 5 2 1 7 2 4 2 3
7 7 1 2 0 7 6 5 3 2 0 5 1 2 7 5
2 0 5 0 4 3 2 0 2 0 0 6 6 6 5 2
5 6 5 0 1 0 6 6 1 3 4 6 1 4 7 0
4 0 0 4 1 2 1 6 6 0 3 5 0 4 7 0
6 7 3 3 3 0 7 3 0 0 2 0 2 3 5 2
1 6 6 6 6 6 7 7 2 4 5 0 0 6 0 4
0 2 5 4 6 7 5 4 4 2 6 0 1 7 0 6
7 7 5 4 0 6 4 0 6 2 6 0 6 6 5 4
1 7 6 4 2 0 1 5 0 7 0 4 5 1 0 4
6 5 6 6 5 4 2 6 0 5 0 4 1 7 6 4
7 6 6 0 4 2 5 0 1 1 5 2 3 6 1 3
6 6 6 5 6 1 3 7 7 6 0 3 5 5 4 6
0 2 7 1 6 6 0 3 0 0 7 5 4 5 5 2
0 6 3 5 5 1 1 5 7 1 5 5 1 1 5 4
5 1 4 1 6 1 5 0 5 7 0 2 1 0 7 0
51 20 27 58 53 71 65 92 95 64 4 21 24 7 54 83
41 31 33 92 70 10 30 57 83 34 32 39 33 44 51 47
92 3 67 3 56 45 44 52 64 52 52 78 78 78 77 16
57 58 57 52 81 52 78 48 53 55 66 78 81 66 21 70
36 60 42 66 4 24 53 48 48 42 17 47 22 84 51 3
48 51 55 55 55 42 10 55 42 42 16 11 64 55 39 24
33 20 20 48 20 20 10 51 44 7 47 70 11 48 60 84
60 5 39 28 48 59 39 36 36 5 30 90 15 51 60 48
59 89 57 18 60 30 7 60 68 64 30 11 20 48 29 28
23 69 58 46 64 11 53 47 32 21 32 28 47 43 60 28
48 57 48 88 29 28 5 30 42 29 32 28 15 21 48 28
59 68 48 42 28 44 29 32 63 23 29 64 55 40 63 45
20 20 78 67 40 15 55 69 51 48 22 55 57 29 56 30
70 34 51 15 30 58 32 83 11 32 69 57 7 57 29 44
42 48 17 67 47 15 4 67 41 15 77 47 23 63 19 94
19 91 7 15 48 15 57 52 29 51 22 44 23 52 89 22
