7 6 3 6 1 1 3 2 5 2 1 7 2 4 2 3
7 7 1 2 0 7 6 5 3 2 0 5 1 2 7 5
2 0 5 0 4 3 2 0 2 0 0 6 6 6 5 2
5 6 5 0 1 7 6 6 1 3 4 6 1 4 7 0
4 0 0 4 3 5 1 3 0 6 3 5 0 5 4 6
6 7 5 1 6 6 4 0 0 4 7 4 4 0 5 2
1 7 7 6 7 4 7 7 5 4 4 4 2 1 7 4
6 6 6 0 6 0 5 0 6 4 6 0 0 5 6 6
2 1 1 2 6 6 4 6 6 2 7 0 6 6 0 5
6 6 2 4 0 5 2 4 0 5 0 5 4 2 0 4
5 5 6 6 6 1 5 6 7 5 5 6 5 5 1 6
7 6 5 0 7 0 4 7 1 0 5 4 1 6 1 0
1 0 6 5 1 3 0 6 0 6 0 0 5 1 1 5
1 2 7 1 1 6 0 6 0 0 7 5 4 7 6 6
2 6 3 6 7 1 5 4 7 6 7 2 1 1 5 1
5 1 4 1 6 1 1 0 5 1 5 1 5 0 7 6
51 20 27 58 53 71 65 92 95 64 4 21 24 7 54 83
41 31 33 92 70 10 30 57 83 34 32 39 33 44 51 47
92 3 67 3 56 45 44 52 64 52 52 78 78 78 77 16
57 58 57 52 81 69 78 48 53 55 66 78 81 66 21 70
36 60 42 66 17 47 53 17 22 58 55 47 22 29 7 48
48 51 8 33 20 48 7 60 42 7 51 36 7 42 39 64
33 89 89 48 89 56 51 51 57 7 28 28 64 23 21 7
48 40 40 60 30 60 39 60 30 56 20 70 42 29 20 48
16 43 43 64 30 30 7 30 48 64 21 11 20 88 42 57
30 68 24 46 42 47 64 36 32 57 32 29 36 44 60 28
57 57 40 88 40 71 57 30 59 29 57 30 57 47 71 30
59 68 95 42 41 3 36 51 63 60 57 36 15 40 71 52
15 22 78 67 15 27 22 20 60 48 22 52 57 23 15 87
15 34 51 15 4 58 11 20 11 32 69 57 7 31 20 20
5 48 17 48 21 15 87 84 41 20 69 5 15 63 19 15
19 91 7 15 48 15 53 52 29 33 87 33 29 52 89 48
