7 6 3 4 0 5 4 2 1 5 5 7 2 4 2 2
7 6 0 5 0 7 2 0 2 3 0 2 6 4 4 7
1 5 3 5 4 2 2 7 3 3 3 4 2 2 6 6
0 3 0 4 4 4 4 5 7 3 3 6 6 5 7 3
5 4 5 4 2 2 6 5 2 2 6 1 6 4 7 6
6 4 7 2 6 0 0 6 0 7 1 5 5 0 5 2
7 5 0 6 7 0 1 1 5 0 6 6 6 6 7 4
0 1 0 7 6 5 6 4 1 1 1 5 1 7 1 6
4 0 0 4 0 1 4 0 6 4 6 0 6 6 4 4
4 4 4 4 1 0 6 4 7 7 6 1 4 1 0 2
6 4 7 6 1 6 2 6 7 2 7 1 1 7 7 6
5 6 5 0 6 7 5 7 1 5 5 6 1 0 1 6
6 0 1 6 1 1 0 1 7 6 0 1 5 1 1 0
0 6 7 1 6 3 1 6 0 1 7 5 4 7 6 7
6 6 3 6 7 1 5 4 1 6 2 1 1 1 5 1
6 2 4 1 6 1 1 0 5 2 5 2 2 1 7 0
51 20 27 56 60 39 7 72 53 29 95 10 24 7 72 64
21 30 3 57 3 10 82 80 16 45 32 82 30 28 76 21
15 95 45 19 56 5 54 59 17 6 17 18 5 54 9 40
42 6 11 28 18 28 18 39 10 55 55 78 78 47 21 35
67 66 47 66 16 24 20 39 64 64 30 4 30 84 51 48
48 84 69 24 30 42 52 30 42 31 71 57 57 42 47 64
69 57 42 48 69 22 71 23 57 42 20 58 20 88 51 7
70 53 22 69 58 57 88 36 53 53 53 57 15 51 53 48
7 70 70 18 60 71 7 60 68 7 20 11 20 88 7 7
7 94 7 7 81 90 48 36 21 21 48 81 36 43 60 5
48 66 51 88 15 20 5 30 59 54 21 4 15 21 51 30
87 68 29 42 48 51 29 51 63 57 29 20 15 22 71 20
20 22 43 48 15 15 22 23 51 48 22 15 57 23 15 52
70 20 51 15 30 35 23 20 11 15 69 57 7 31 20 21
20 48 17 20 21 15 95 84 15 20 16 15 15 63 19 15
30 16 7 15 48 15 53 52 29 16 87 44 16 15 89 22
