7 6 3 4 0 5 4 2 2 5 7 7 4 3 5 3
5 5 6 6 2 4 1 3 3 5 5 1 4 4 4 2
6 0 4 7 3 1 5 3 3 2 3 0 0 7 3 2
6 3 3 3 4 4 1 4 0 3 5 1 1 2 7 0
0 0 0 0 7 1 0 3 3 6 3 3 6 6 6 6
6 5 6 1 0 2 0 1 0 7 1 5 2 0 5 2
2 3 7 5 0 7 3 0 7 6 5 6 6 5 6 0
1 0 6 0 6 0 0 0 0 0 3 2 1 3 1 6
2 1 5 6 6 6 6 5 5 1 6 6 6 5 0 5
0 7 0 1 2 5 0 7 4 1 6 1 5 1 0 4
4 1 7 1 6 6 6 1 1 2 2 6 6 4 4 6
4 4 4 4 4 4 2 4 1 4 2 4 6 6 2 4
0 6 1 4 6 2 7 5 7 2 6 2 0 5 2 7
2 1 7 1 6 6 1 4 0 0 7 5 4 4 6 2
1 6 1 5 5 1 2 2 5 0 7 5 1 5 1 7
6 2 4 1 2 0 5 0 6 6 6 2 2 6 7 6
51 20 27 56 60 39 7 72 24 95 10 21 28 55 47 83
29 19 58 9 54 28 4 83 17 39 8 4 76 28 7 54
9 42 76 79 83 33 95 6 27 44 55 42 11 51 83 16
30 83 45 83 28 28 4 7 52 55 8 71 81 72 79 70
52 32 32 52 59 33 22 6 6 30 45 17 30 30 30 88
48 19 48 33 52 34 52 43 42 31 71 47 5 42 39 64
64 55 31 39 70 69 55 42 31 30 47 30 30 57 30 52
23 42 30 52 30 42 42 42 42 52 55 54 15 65 23 48
44 43 57 30 48 30 48 47 57 23 30 48 40 67 42 67
52 69 60 63 64 47 52 59 84 15 48 15 47 43 60 84
84 71 51 15 20 20 20 71 71 54 64 20 20 84 84 30
84 84 84 84 28 84 64 84 63 84 44 7 48 48 5 7
11 48 43 7 40 5 51 47 51 64 48 64 42 67 44 51
64 71 51 15 30 58 71 28 11 32 69 57 28 28 48 64
71 48 23 47 47 15 64 64 57 52 69 47 15 95 71 59
20 16 7 15 44 42 57 52 88 88 40 44 44 88 89 40
