7 6 3 4 0 5 4 2 2 5 7 7 4 4 6 5
0 2 7 3 7 2 6 0 2 3 0 1 1 3 5 5
2 4 5 4 6 1 5 7 2 5 3 1 3 1 3 6
0 5 6 0 5 4 0 0 5 6 6 1 0 4 7 5
6 6 7 1 1 0 6 0 7 2 2 7 2 5 2 0
1 0 3 6 2 6 4 0 3 2 2 6 2 1 6 0
1 6 1 7 5 6 6 0 5 6 2 6 0 2 6 0
6 6 0 0 6 5 1 0 4 2 6 2 4 7 3 6
2 0 7 6 0 6 0 0 0 7 6 7 0 6 0 0
7 2 6 4 2 7 6 6 0 7 6 6 7 1 0 5
6 1 2 6 7 1 2 6 0 2 2 0 2 5 6 6
7 6 6 1 6 1 6 6 1 1 7 1 1 6 6 6
1 5 1 6 1 1 5 6 7 6 0 1 5 6 1 7
0 6 6 1 6 0 6 7 0 6 7 5 4 7 6 7
3 7 3 0 0 1 5 4 6 6 2 6 1 5 4 1
6 2 4 1 5 1 7 4 5 2 6 1 2 6 7 4
51 20 27 56 60 39 7 72 24 95 10 21 28 7 78 47
32 16 51 55 41 24 48 11 64 83 32 33 71 83 29 57
92 7 57 36 88 4 95 59 16 8 55 4 45 63 83 40
42 19 40 52 95 28 22 70 95 58 58 71 42 18 51 29
40 40 51 53 53 80 48 60 10 64 5 10 5 29 5 3
4 42 35 48 5 48 84 60 35 34 54 88 44 43 58 70
43 58 15 21 29 30 30 52 57 30 44 30 52 44 30 22
30 30 22 52 30 57 15 70 7 5 20 54 7 51 65 48
16 32 51 88 60 30 70 60 60 51 30 59 32 88 42 70
31 54 48 46 16 21 48 48 32 21 48 20 31 43 60 19
48 15 16 88 51 43 5 30 42 54 5 42 5 47 48 30
59 48 48 23 48 15 48 48 63 23 51 15 15 48 48 48
15 57 43 48 15 15 19 20 51 48 22 15 57 88 15 51
70 20 20 15 30 70 40 89 11 40 69 57 7 31 20 51
17 51 17 70 70 15 95 84 20 20 16 30 15 95 28 15
20 16 7 15 57 15 31 7 29 16 40 33 16 30 89 7
