7 6 3 4 0 5 4 2 1 5 5 7 2 4 2 2
7 6 1 1 0 5 1 0 7 2 7 3 0 6 7 4
1 0 1 7 4 2 1 3 3 3 0 2 1 3 1 1
2 6 1 4 4 4 2 6 5 3 2 6 2 3 7 7
7 3 5 5 0 7 7 1 0 0 6 6 6 3 7 7
0 7 4 4 6 2 6 0 0 7 1 0 2 0 0 0
0 6 0 6 0 0 7 7 0 6 6 6 4 6 4 4
6 1 3 0 6 7 6 1 7 1 6 2 1 7 3 6
2 0 5 7 4 6 0 7 6 0 7 0 5 6 5 7
7 7 6 5 2 0 3 0 1 2 1 2 7 1 0 4
2 4 2 6 2 6 2 6 2 5 7 1 6 2 7 4
6 0 2 6 4 2 4 3 5 1 4 3 3 2 5 3
1 4 4 3 2 3 5 5 0 2 7 7 4 6 7 4
4 1 4 7 6 3 4 7 0 4 7 5 4 7 3 2
2 4 3 5 5 1 1 2 4 2 7 2 6 1 6 2
4 4 4 1 2 6 3 0 5 7 4 2 7 0 7 6
51 20 27 56 60 39 7 72 53 29 95 10 24 7 72 82
21 30 23 15 22 95 4 22 89 54 59 45 60 40 10 36
53 11 43 10 46 54 33 6 17 45 42 44 33 27 43 33
92 48 33 36 28 28 16 48 77 55 64 78 44 6 21 89
51 55 29 57 11 31 51 4 11 42 88 88 30 6 51 51
70 51 66 66 20 64 20 42 42 21 71 42 5 42 42 22
22 30 60 48 60 70 10 51 60 48 20 48 7 48 56 7
48 71 65 52 20 89 88 43 21 15 20 64 15 51 65 48
16 52 57 89 94 40 52 21 68 52 21 52 29 88 29 21
21 21 58 29 16 11 27 22 4 16 91 64 31 43 60 28
64 66 16 88 16 58 5 30 16 29 10 4 20 16 89 28
58 22 16 20 28 16 36 17 19 23 28 17 17 16 19 17
15 28 28 17 24 27 19 19 60 24 31 31 28 58 31 28
28 63 28 89 30 35 84 89 11 28 69 29 7 31 35 34
5 28 17 47 47 15 4 5 66 5 89 5 40 63 40 5
28 28 7 15 44 40 35 52 29 89 28 44 89 52 89 40
