7 2 6 6 5 0 1 2 5 6 4 4 2 2 5 6
7 6 3 6 0 7 6 0 2 2 0 1 6 7 1 3
1 6 0 4 6 5 2 2 5 3 3 3 2 1 1 4
2 3 3 5 4 0 3 6 3 3 2 7 0 2 7 4
0 7 5 0 0 2 5 1 4 0 3 2 2 5 0 6
1 2 4 7 7 1 4 0 3 0 0 4 0 4 3 7
1 3 7 5 0 2 3 4 4 4 0 5 6 3 4 3
1 3 3 3 2 4 3 4 4 4 5 2 5 5 4 4
3 3 6 2 2 2 5 2 6 2 4 5 3 5 0 1
3 2 2 3 1 0 4 7 0 1 5 1 6 2 1 4
1 5 4 0 5 5 5 4 0 4 0 6 5 3 1 5
6 3 5 5 5 1 1 4 3 6 7 7 1 3 3 3
5 2 0 2 1 2 0 0 0 6 1 6 0 3 3 1
0 1 7 7 0 3 0 7 5 3 7 6 6 7 1 7
2 3 5 1 5 1 1 7 7 7 2 2 6 1 4 1
6 4 5 1 1 4 5 0 5 6 1 1 3 0 5 6
10 16 9 88 77 42 81 72 77 9 76 76 72 16 47 48
21 30 93 68 3 10 68 22 16 16 32 81 30 69 91 35
53 88 11 46 9 29 72 92 29 27 27 27 34 91 91 94
92 6 6 29 56 90 65 48 65 55 34 79 90 64 21 28
52 79 47 22 90 24 77 91 18 22 17 92 92 29 32 58
81 72 76 41 89 33 7 52 35 90 32 36 11 56 27 79
81 17 79 95 70 54 93 28 7 18 11 19 68 55 56 75
23 93 75 75 24 28 93 94 94 94 19 54 19 19 56 84
75 83 58 82 82 82 67 82 68 24 36 67 83 67 42 53
83 54 24 83 53 11 28 69 52 43 39 33 30 44 15 84
33 87 76 80 95 95 95 7 42 84 80 9 67 45 43 39
58 45 87 87 87 43 63 84 55 88 69 69 15 35 65 65
39 64 3 64 23 64 3 3 60 48 63 30 42 6 6 71
70 63 89 89 22 17 32 89 47 17 41 40 40 41 4 51
5 55 39 4 57 4 4 51 41 31 34 5 40 63 66 53
20 36 57 15 15 36 8 60 8 40 71 23 35 52 57 48
