6 4 1 0 0 0 0 0 5 0 2 6 5 4 0 5
1 1 4 5 0 7 4 2 6 6 3 5 0 2 5 0
6 0 5 0 0 2 5 3 5 5 2 1 2 6 0 2
0 0 3 0 0 6 1 6 7 3 6 0 0 3 7 3
3 4 2 7 1 2 6 7 0 5 2 2 5 3 5 2
5 5 2 5 6 5 5 3 3 5 3 3 3 5 1 4
3 3 4 5 4 3 3 1 0 4 4 0 2 5 2 0
1 1 0 2 6 1 1 6 0 0 6 7 1 0 2 2
7 7 7 0 2 6 0 2 1 1 1 1 6 6 5 1
7 4 2 7 3 2 3 4 0 3 0 0 7 6 0 4
1 2 1 6 2 7 5 6 3 5 0 6 6 7 7 6
7 1 0 7 4 7 0 0 3 7 4 4 4 7 3 7
0 3 0 4 0 3 2 3 2 0 4 1 6 6 5 6
3 2 0 2 6 3 0 0 5 0 7 5 6 6 4 2
7 7 4 6 5 7 6 4 7 7 2 7 6 7 4 7
7 7 7 7 5 6 7 0 6 1 4 1 1 4 7 4
9 7 4 11 11 11 11 11 8 3 5 9 8 7 3 8
4 4 7 8 3 10 7 5 9 9 6 8 11 5 8 11
9 3 8 3 11 5 8 6 8 8 5 4 5 9 11 5
11 3 6 11 3 9 4 9 10 6 9 3 3 6 21 6
6 7 5 21 4 16 20 21 22 19 16 16 19 6 19 16
19 19 16 19 20 19 19 17 17 19 17 17 17 19 15 18
17 17 18 19 18 17 17 23 22 18 18 22 16 19 16 22
23 15 22 16 20 15 15 20 22 22 20 21 15 22 24 24
31 31 31 52 24 30 52 24 33 23 15 23 20 88 29 23
31 28 24 31 17 34 27 28 32 35 32 32 31 30 32 28
33 24 33 88 24 31 29 30 17 29 32 30 30 31 31 30
59 33 32 31 28 31 32 32 35 31 28 28 28 31 35 31
32 35 32 28 32 27 24 35 34 32 28 33 30 88 47 30
35 34 32 34 30 35 32 32 47 32 59 57 88 88 84 34
59 59 84 88 47 59 88 84 59 59 24 59 88 59 28 59
59 59 59 59 57 40 59 52 88 33 28 33 33 28 89 28
