7 6 3 4 0 5 4 2 2 5 7 7 4 4 6 5
0 2 7 3 7 2 6 0 2 3 0 1 1 2 6 1
3 3 5 5 6 1 4 5 4 5 3 1 2 3 5 0
1 1 6 2 1 3 6 0 7 5 5 3 7 3 7 3
3 0 7 5 1 0 1 1 6 6 3 3 3 3 2 0
2 4 6 5 6 7 7 0 2 4 4 2 2 0 5 2
2 6 7 6 2 6 0 7 7 4 5 0 0 6 7 4
6 1 0 4 6 2 1 6 2 2 6 5 7 7 6 6
2 1 5 2 7 5 0 6 0 7 6 4 6 6 5 0
1 2 6 4 7 6 6 6 6 1 6 6 7 1 0 4
6 1 7 6 0 4 2 6 6 2 0 6 1 5 7 6
7 6 6 0 4 4 1 4 1 1 2 2 1 6 1 0
1 2 1 5 6 1 2 6 6 6 0 3 6 6 5 6
0 2 1 1 6 3 4 7 3 6 6 5 4 7 3 2
2 6 4 5 5 1 5 4 3 1 2 5 6 1 6 7
3 2 4 1 5 1 5 0 6 2 5 1 2 0 7 4
51 20 27 56 60 39 7 72 24 95 10 21 28 7 78 47
32 16 51 55 41 24 48 11 64 83 32 33 33 92 48 71
83 83 29 57 88 71 7 29 36 8 55 4 5 35 95 52
23 63 40 64 53 45 40 80 51 19 19 6 59 6 21 17
17 70 51 57 4 60 53 53 48 58 55 55 6 6 44 60
44 7 48 47 20 10 10 60 5 7 7 5 5 42 39 64
64 48 21 48 64 48 60 51 21 7 57 22 11 88 51 7
48 15 22 7 20 44 15 20 5 5 20 39 21 51 20 48
16 43 57 5 21 29 22 20 22 51 30 84 20 88 29 70
15 54 58 7 51 58 30 30 30 15 48 58 31 43 60 28
48 71 51 88 70 7 5 30 30 54 32 30 15 47 89 30
59 48 48 42 28 7 63 84 63 23 44 64 15 40 63 70
15 64 43 67 40 15 64 88 30 30 22 35 30 30 39 30
70 34 15 15 30 35 84 89 35 40 30 57 7 31 35 44
44 48 84 47 47 15 95 84 35 15 16 47 88 63 40 59
35 16 7 15 57 15 57 52 88 16 87 33 16 52 89 7
