7 6 3 4 0 5 4 2 1 5 5 7 2 4 2 2
7 6 0 5 0 7 2 0 2 3 0 2 6 4 4 7
1 5 3 5 4 2 2 7 3 3 3 4 2 2 6 6
0 3 0 4 4 4 4 5 7 3 3 6 6 5 7 3
5 4 5 7 2 2 6 5 2 4 3 3 6 4 7 6
6 0 3 0 0 0 2 6 0 7 1 4 0 0 5 2
0 6 6 2 5 1 1 1 5 6 5 6 0 6 7 7
5 0 7 7 6 5 1 4 0 4 6 6 1 7 6 6
4 6 1 4 1 6 4 6 6 4 6 0 6 6 0 0
1 7 4 4 6 0 0 4 7 7 6 6 7 1 0 4
6 4 7 6 5 7 2 6 7 2 7 6 1 7 7 6
1 6 6 0 7 1 1 4 1 1 5 2 1 6 1 6
1 6 1 6 1 1 0 1 7 6 0 7 4 1 1 1
0 6 7 7 6 0 4 7 0 0 7 5 4 5 6 6
6 6 3 6 5 1 5 4 1 0 7 5 1 1 5 1
0 4 4 1 6 1 6 0 5 7 5 2 2 0 7 6
51 20 27 56 60 39 7 72 53 29 95 10 24 7 72 64
21 30 3 57 3 10 82 80 16 45 32 82 30 28 76 21
15 95 45 19 56 5 54 59 17 6 17 18 5 54 9 40
42 6 11 28 18 28 18 39 10 55 55 78 78 47 21 35
67 66 47 21 16 24 48 39 24 28 55 55 30 84 51 48
48 42 93 42 52 42 54 30 42 31 71 66 52 42 39 64
52 20 20 5 47 23 53 23 57 48 57 58 11 48 69 21
29 70 69 69 30 57 71 36 22 56 20 58 15 51 20 48
7 58 43 18 53 30 7 20 58 7 30 11 20 88 42 70
15 69 7 46 20 11 70 36 21 21 48 58 31 43 60 28
48 66 51 88 29 69 5 30 51 54 51 30 15 21 51 30
15 68 48 42 59 15 63 84 63 23 29 64 15 40 63 48
15 20 43 48 15 15 22 23 51 48 22 51 84 23 15 23
70 20 51 89 30 70 84 89 11 32 69 57 7 57 20 20
20 48 17 20 47 15 87 84 15 90 69 47 23 63 19 15
90 7 7 15 48 15 48 52 29 51 87 44 16 52 89 48
