7 6 3 4 0 5 4 2 2 5 7 7 4 4 6 5
0 2 7 3 7 2 6 0 2 3 0 1 1 3 5 5
2 4 5 4 6 1 5 7 2 6 3 0 4 3 0 3
6 6 0 5 0 0 4 0 0 4 3 3 1 2 7 0
6 3 5 5 7 7 1 5 7 5 7 1 6 4 7 6
6 1 0 0 1 1 6 0 1 3 6 6 3 1 6 6
6 6 0 6 3 4 0 2 2 4 0 6 0 1 5 5
5 0 2 0 1 0 5 2 6 6 6 6 2 7 6 5
2 0 6 2 0 6 2 0 6 2 2 0 6 6 4 2
1 2 6 4 2 7 6 2 7 7 6 2 4 1 0 2
1 3 5 6 2 6 2 6 6 2 2 1 1 7 7 7
1 0 1 6 1 1 7 7 1 1 7 1 1 0 1 5
6 2 5 6 6 1 5 5 7 6 0 6 5 6 1 6
3 6 7 4 6 3 1 7 3 1 6 5 4 7 3 2
6 4 3 3 5 1 5 7 2 1 3 6 1 1 2 1
6 1 4 1 2 1 1 4 4 2 5 2 1 6 7 4
51 20 27 56 60 39 7 72 24 95 10 21 28 7 78 47
32 16 51 55 41 24 48 11 64 83 32 33 71 83 29 57
92 7 57 36 88 4 95 59 16 20 55 11 28 45 22 45
40 40 42 95 42 52 46 60 42 46 83 83 63 92 51 80
40 75 47 29 51 51 53 19 21 29 51 63 30 84 51 48
48 71 70 70 53 53 58 60 53 55 58 58 65 91 48 88
48 48 42 48 55 56 60 5 44 56 70 58 70 43 29 29
29 70 44 60 43 60 47 44 40 40 30 40 44 51 40 47
16 52 58 64 60 30 64 60 58 64 92 52 20 48 94 5
15 54 58 46 5 21 20 54 21 21 48 5 94 43 60 5
15 6 39 88 5 20 5 88 88 54 5 23 15 21 21 21
15 22 15 20 15 23 21 51 63 23 51 15 15 70 63 95
30 64 47 48 40 15 95 47 51 48 22 30 57 30 15 30
35 20 51 84 30 35 23 89 35 15 30 57 7 31 35 44
20 28 17 35 47 15 95 51 44 15 6 30 15 63 44 15
30 4 7 15 44 15 53 84 36 16 95 44 4 30 89 7
