7 6 3 4 5 1 1 2 5 4 2 3 6 4 6 1
0 4 5 6 0 7 1 5 0 6 6 3 7 3 2 3
3 0 7 7 2 6 2 4 1 6 0 6 2 6 5 6
6 3 2 5 6 6 3 6 0 1 2 6 1 0 1 6
3 0 5 2 2 1 1 3 6 7 4 6 3 4 6 6
6 7 7 6 7 6 7 6 4 4 3 6 4 5 0 6
5 2 5 2 5 2 6 6 5 5 5 6 2 6 6 4
6 6 5 0 6 5 1 0 4 2 6 0 1 7 6 2
2 1 1 4 0 0 0 6 0 2 1 0 6 6 5 6
1 7 7 7 2 6 6 6 5 2 1 5 4 6 0 5
1 0 2 1 3 4 4 6 2 5 1 1 6 7 1 6
6 0 5 1 7 7 3 3 3 1 4 4 3 1 3 4
1 0 4 3 1 1 5 5 4 6 1 3 3 6 1 4
4 4 4 0 6 0 4 7 6 6 4 5 4 4 4 1
6 6 4 6 6 1 1 4 2 6 6 2 4 1 5 1
6 0 4 1 5 5 5 4 5 7 1 2 1 1 7 4
51 20 27 56 39 33 53 92 29 7 24 17 9 7 30 23
22 28 39 40 42 10 71 57 52 78 78 83 79 83 16 83
17 32 59 10 5 20 16 28 4 20 70 40 5 40 47 40
58 83 16 95 58 48 83 48 42 43 64 78 43 80 43 48
83 52 29 34 34 23 23 35 48 89 84 88 6 84 88 88
48 31 31 58 31 58 31 30 7 7 6 30 7 57 80 48
57 54 57 5 29 44 30 30 57 57 57 30 64 88 88 84
88 88 8 52 48 57 15 52 36 5 20 70 15 51 20 5
16 43 43 18 42 42 70 20 22 64 15 70 20 88 29 20
15 69 31 31 16 88 88 88 29 16 33 29 36 40 60 29
33 22 16 15 17 28 36 30 16 29 33 4 30 21 33 30
48 22 57 23 21 21 17 17 17 23 28 28 17 15 17 28
15 22 28 17 15 15 19 19 7 48 4 17 17 30 15 28
28 28 28 11 30 70 84 89 40 40 84 57 7 28 84 81
48 48 84 48 40 4 4 7 44 48 40 5 7 63 19 15
30 11 7 15 57 57 57 7 29 51 15 44 23 15 89 7
