7 6 3 4 0 5 4 2 6 5 2 3 5 4 2 3
7 4 1 1 4 6 3 5 0 3 0 3 6 6 5 2
0 4 2 4 4 3 6 5 5 1 3 2 7 3 5 1
0 3 1 6 1 5 4 5 1 7 6 5 4 5 7 1
3 0 0 6 1 2 6 1 0 0 6 5 6 4 6 6
6 0 4 1 6 2 4 1 0 0 0 0 0 0 5 4
0 6 4 3 7 1 1 1 5 6 4 4 4 5 2 4
6 3 3 4 3 3 3 0 1 4 4 2 5 7 3 6
2 7 1 4 0 6 7 0 4 4 2 0 0 6 5 4
7 7 5 0 5 0 4 4 2 7 0 6 7 1 0 4
4 4 2 6 1 7 2 6 2 5 0 6 1 7 7 6
7 6 1 0 4 1 4 4 1 1 5 4 1 6 1 1
1 5 1 6 6 3 5 5 0 6 0 3 5 6 1 0
0 1 7 7 6 3 1 7 0 0 7 5 4 4 6 1
6 6 3 5 4 1 5 4 1 1 7 2 1 1 5 4
4 1 4 1 6 1 1 0 3 2 5 2 1 1 7 3
51 20 27 56 60 39 7 92 30 77 24 55 95 7 72 83
21 18 63 23 56 20 55 29 90 6 32 45 30 20 95 54
60 7 44 36 56 55 40 29 39 15 6 44 59 45 29 33
42 17 33 20 33 29 94 39 33 10 20 47 94 47 21 4
17 60 42 30 4 24 48 4 11 42 30 47 30 84 30 48
48 42 84 23 20 44 84 43 42 90 11 11 11 42 39 46
52 58 18 27 89 53 53 23 57 48 28 84 18 77 54 84
48 83 83 7 83 83 93 80 91 56 84 54 19 51 65 48
16 89 43 18 60 30 89 60 28 7 44 11 32 88 29 56
31 21 19 32 19 11 28 36 44 21 32 58 31 43 60 28
36 66 16 88 15 31 5 30 16 29 32 30 15 21 51 30
59 68 43 42 28 15 36 84 63 23 87 28 15 40 63 15
15 57 43 48 40 27 19 19 60 48 22 55 57 30 15 52
70 63 51 89 30 35 91 89 11 32 69 57 7 28 20 81
20 48 17 57 36 15 87 84 15 15 69 5 15 63 19 94
84 91 7 15 48 15 53 52 83 16 87 44 15 15 89 83
