5 3 6 5 2 7 3 2 2 1 4 6 1 0 6 3
1 1 7 2 6 6 7 7 2 5 1 2 2 5 5 0
2 4 4 7 2 3 7 3 4 1 3 5 1 7 2 6
0 7 6 0 5 4 6 2 7 4 2 6 7 7 0 6
4 4 6 5 3 2 6 1 2 5 6 6 3 4 3 3
3 5 3 5 4 1 2 0 1 4 4 0 2 2 0 0
0 4 4 4 4 4 4 4 7 4 4 4 6 0 4 2
4 3 4 0 4 5 5 6 7 0 6 7 0 5 7 5
7 7 5 7 4 5 6 6 6 5 7 7 6 5 5 5
1 3 5 5 5 5 6 6 2 6 5 1 2 5 5 4
7 5 5 1 2 7 7 6 2 4 1 6 5 5 0 5
5 5 5 6 7 5 5 6 5 6 5 6 1 1 5 4
6 6 1 4 7 1 1 7 1 6 6 6 0 6 0 6
6 0 6 0 6 0 1 0 0 0 6 5 5 6 5 2
2 2 4 5 6 6 5 5 5 5 5 5 6 5 2 6
6 5 4 6 2 5 5 0 6 4 5 5 5 6 5 5
39 45 48 67 82 59 75 92 82 15 7 30 23 52 78 83
23 53 79 16 30 20 21 89 5 47 4 44 64 29 39 60
92 7 18 10 5 55 21 6 7 33 17 19 23 51 5 40
42 59 20 11 47 36 48 16 59 36 34 9 89 41 52 48
84 84 48 39 27 34 48 53 34 57 88 88 93 84 35 35
35 57 93 57 66 23 54 3 33 66 66 32 5 5 52 52
52 28 18 7 7 7 7 7 21 18 36 28 40 80 56 72
56 93 36 70 84 19 19 30 31 52 30 31 52 29 21 29
21 21 29 21 28 29 48 58 58 29 51 51 20 39 87 87
15 75 39 39 39 39 30 30 24 30 39 15 24 87 87 28
69 87 87 15 24 69 59 30 16 36 91 30 57 87 22 19
87 19 87 20 41 87 87 20 87 20 19 20 15 15 19 28
20 20 43 28 89 15 43 69 43 48 30 30 42 30 42 30
30 42 30 42 30 70 23 42 11 42 30 57 47 30 95 44
44 44 84 57 30 30 95 57 57 57 57 57 88 95 44 88
88 95 7 58 44 57 95 52 88 28 67 57 57 88 57 57
