7 6 3 4 0 5 4 2 2 5 7 7 4 4 6 5
0 2 7 3 7 2 6 0 2 3 0 1 1 3 5 5
2 4 5 4 6 1 5 7 2 6 3 0 4 3 0 3
6 6 0 5 0 0 4 0 0 4 3 3 1 2 7 0
6 3 5 0 2 7 6 4 4 2 4 1 0 4 7 3
3 2 6 6 1 2 6 0 4 5 3 5 1 0 5 2
1 5 6 5 1 5 6 6 6 6 4 0 1 6 3 7
2 0 0 1 6 5 7 6 0 4 6 2 1 6 0 4
1 1 1 2 6 2 0 6 2 1 1 5 0 2 5 4
7 7 5 3 4 0 2 4 2 3 0 2 4 1 1 7
4 1 2 1 5 7 2 7 7 2 0 4 4 4 1 7
4 5 6 5 5 7 1 7 1 4 2 4 4 4 5 0
0 0 1 5 1 3 5 5 1 1 1 3 7 1 5 5
3 1 7 7 7 1 1 7 6 4 7 2 3 4 5 2
7 5 3 2 1 7 5 7 7 0 5 3 0 1 5 4
6 3 0 3 7 1 7 3 6 3 3 6 3 5 7 1
51 20 27 56 60 39 7 72 24 95 10 21 28 7 78 47
32 16 51 55 41 24 48 11 64 83 32 33 71 83 29 57
92 7 57 36 88 4 95 59 16 20 55 11 28 45 22 45
40 40 42 95 42 52 46 60 42 46 83 83 63 92 51 80
40 75 47 52 34 51 48 18 84 5 84 53 70 84 59 55
55 16 58 58 53 34 58 60 46 19 27 19 53 42 47 64
91 57 20 39 53 57 88 88 88 48 7 22 15 48 6 21
44 70 22 71 30 29 21 20 22 56 30 54 15 30 70 84
15 43 43 5 30 44 70 58 44 23 15 95 60 54 29 28
31 21 47 35 28 90 5 36 44 35 32 5 36 43 71 69
36 71 16 23 29 69 64 59 59 54 32 18 18 56 43 31
56 39 40 67 67 31 63 31 63 66 64 94 18 66 39 52
11 11 4 67 23 27 19 19 91 4 4 35 69 23 77 87
35 63 89 89 89 91 91 89 78 66 69 34 6 66 87 34
41 67 17 54 33 41 87 10 41 90 77 65 3 33 87 94
78 45 52 45 79 33 79 17 78 27 17 9 17 8 79 81
