1 0 2 4 3 2 5 1 2 4 7 3 5 2 4 3
0 5 2 1 0 7 3 5 3 0 0 2 4 7 4 6
1 0 2 7 4 7 2 3 2 6 2 2 6 0 2 3
3 6 3 0 7 0 2 2 7 3 7 2 6 6 7 7
6 7 6 7 6 5 5 6 2 2 5 1 0 0 6 5
7 5 5 6 0 6 7 0 7 7 3 2 2 0 6 2
5 4 2 3 3 4 3 7 5 7 6 4 2 2 4 2
2 1 2 1 1 2 3 4 2 2 4 2 1 7 6 6
2 7 5 2 0 1 2 0 2 7 6 4 6 6 0 1
6 7 4 4 2 0 3 4 2 2 4 0 4 1 0 7
4 6 6 6 3 2 2 6 7 2 4 1 7 4 7 3
7 4 4 6 4 7 4 4 1 3 7 4 2 6 1 2
1 3 1 4 1 1 5 3 4 4 0 4 3 1 4 4
1 6 1 1 6 3 1 7 0 4 7 2 4 7 1 2
2 0 4 1 5 1 5 4 2 1 5 5 6 1 6 6
5 5 6 1 2 3 5 4 2 7 6 2 2 5 7 0
53 70 92 94 65 72 77 15 16 46 41 55 87 34 36 45
52 47 64 71 11 21 35 57 83 11 32 82 7 31 76 30
4 3 16 10 56 59 72 6 72 78 72 72 78 11 72 93
6 20 6 52 21 52 34 54 51 6 51 34 58 40 21 51
58 51 48 21 48 47 8 30 64 64 67 71 70 70 30 8
41 8 8 30 60 48 69 70 69 31 27 5 5 42 48 34
19 46 44 27 27 56 55 51 57 51 20 36 64 44 36 44
44 71 44 71 43 44 93 94 5 5 46 5 15 51 40 48
64 89 57 64 60 71 64 60 5 51 30 36 40 88 42 71
40 69 36 46 64 90 27 36 44 64 46 60 36 43 60 59
36 40 40 88 35 54 5 88 59 54 36 4 59 56 59 27
59 36 56 20 28 31 36 84 63 27 59 56 54 40 71 16
15 35 43 28 23 15 19 35 28 28 22 28 35 23 56 28
15 20 15 15 30 35 23 89 11 28 69 5 28 31 15 44
5 22 84 15 47 15 8 84 44 15 77 47 40 63 40 40
8 8 40 15 44 93 8 84 44 51 40 44 16 8 89 22
