3 2 1 3 2 2 1 1 1 1 1 0 1 0 1 2
3 0 3 2 3 0 2 2 2 3 3 3 3 3 2 2
2 2 1 2 2 1 1 1 2 0 1 2 1 1 1 1
0 1 3 0 1 0 0 1 0 1 1 1 1 1 1 3
3 0 0 1 2 2 1 0 2 2 0 3 0 0 1 1
0 0 0 1 0 3 2 0 2 2 0 2 1 2 2 0
2 1 0 2 0 1 1 1 3 1 3 2 0 3 0 2
3 2 2 2 3 2 0 2 1 1 1 1 2 3 3 2
1 2 0 2 2 3 2 3 3 2 0 1 2 2 2 2
2 2 0 0 3 3 0 2 2 0 3 0 2 3 3 3
0 0 3 1 2 3 3 2 2 3 0 2 0 0 0 3
2 0 3 2 3 3 1 3 0 0 0 3 0 2 0 3
3 3 0 3 3 0 3 1 3 0 1 0 2 1 0 3
2 0 0 3 0 1 3 1 2 3 2 3 2 0 2 0
3 3 0 3 2 1 3 3 0 1 1 1 0 1 3 3
3 1 3 1 1 0 0 1 3 3 1 1 1 1 0 1
46 2 31 30 42 2 31 31 31 45 31 27 47 28 45 20
40 59 30 26 40 3 26 26 26 37 37 37 37 37 36 58
58 58 45 58 58 13 32 32 36 41 13 2 38 38 45 45
27 38 40 41 38 41 41 32 41 13 38 13 22 22 13 46
46 28 57 32 51 2 32 18 26 2 28 40 18 18 22 22
57 18 57 22 44 40 51 18 51 36 57 51 47 51 36 57
35 61 12 36 44 61 61 61 62 61 46 35 44 46 44 35
55 35 35 49 39 49 44 49 63 47 47 63 49 62 23 17
47 17 50 20 19 62 20 55 62 20 25 63 20 17 19 49
19 33 28 25 39 55 27 19 33 25 55 25 33 23 21 62
27 27 55 29 33 39 21 33 19 14 34 17 25 60 28 21
17 60 14 42 23 21 15 21 50 12 12 23 50 42 3 39
24 14 60 23 14 34 14 63 24 3 29 60 42 63 12 39
42 60 34 56 34 15 30 15 52 24 52 24 52 12 52 34
30 56 50 56 52 29 56 24 3 48 15 15 3 16 30 53
53 16 56 48 16 50 59 48 53 53 16 48 48 16 43 29
