1 1 1 1 1 0 0 3 0 1 0 0 1 1 3 1
3 3 1 3 3 3 0 3 3 3 3 2 2 3 3 3
3 3 3 0 2 0 2 0 0 3 3 3 3 0 3 0
3 3 3 3 2 3 1 0 0 2 1 3 0 1 2 3
0 1 1 2 1 2 2 3 3 2 3 2 2 2 1 2
0 2 2 1 1 1 2 2 1 0 1 1 0 3 1 2
2 1 3 2 2 0 3 3 3 0 3 3 3 2 1 0
3 2 3 2 1 3 3 0 2 2 2 1 2 2 2 3
3 0 2 0 2 2 2 1 0 1 2 2 3 3 0 1
2 2 0 3 2 3 0 1 1 1 1 1 0 0 2 1
0 0 2 1 1 1 1 2 2 1 0 0 3 1 1 0
1 1 0 0 0 1 0 0 0 0 0 1 2 1 0 0
2 0 3 1 2 0 1 1 0 1 0 1 1 2 0 2
3 0 3 3 1 2 1 1 2 2 1 2 2 0 0 0
2 2 1 0 2 0 2 3 2 0 2 0 0 0 1 2
0 0 0 0 0 0 3 0 1 1 3 3 3 2 3 1
31 31 31 31 31 25 25 40 25 29 25 25 29 29 40 29
40 40 29 40 62 56 57 62 62 62 56 33 33 56 56 62
53 56 14 12 33 12 33 12 59 37 53 37 37 12 37 12
14 37 24 14 33 14 15 59 59 35 15 14 59 15 35 53
59 45 15 51 15 35 42 24 53 42 53 35 52 35 45 42
57 42 26 45 22 45 2 42 22 3 45 13 57 23 22 2
26 48 23 17 2 43 55 24 55 57 55 24 46 2 22 57
46 51 23 2 22 23 24 43 17 52 17 38 17 52 52 46
55 41 52 41 17 26 51 38 43 13 51 51 23 46 41 13
19 26 43 55 19 46 43 61 38 48 13 13 3 60 26 61
27 60 19 48 38 61 38 19 19 48 3 3 21 54 61 28
61 48 27 3 27 47 28 60 44 60 28 47 49 63 27 60
36 27 21 47 49 28 54 47 44 47 28 54 63 20 18 49
21 41 21 21 54 49 54 63 36 20 63 36 49 50 18 41
36 36 63 50 58 34 58 39 58 34 58 44 50 18 32 58
18 18 34 34 34 50 39 50 32 32 39 39 39 20 30 32
