0 0 3 0 0 0 2 3 1 3 1 1 1 1 3 1
1 3 3 1 3 1 3 3 1 3 1 1 0 1 2 0
2 0 0 0 0 0 0 0 0 1 2 2 3 2 2 2
2 0 0 1 0 0 0 0 0 1 3 1 1 3 1 3
3 3 0 1 3 3 3 3 3 3 3 1 1 2 2 0
3 3 3 2 1 2 2 2 2 2 1 1 1 2 3 1
1 3 1 3 1 1 3 1 1 1 2 3 1 1 1 1
1 3 1 2 3 3 1 3 1 1 1 1 0 0 0 0
0 0 1 0 0 0 2 2 1 2 2 3 3 0 3 0
0 2 0 0 0 1 0 3 3 0 0 0 0 0 0 0
2 0 0 1 1 1 1 2 2 1 1 2 1 1 1 3
1 1 0 3 0 3 2 3 2 0 3 0 2 2 1 2
2 0 0 1 1 2 1 1 1 3 3 3 3 1 0 2
2 2 2 0 2 1 3 0 0 3 3 0 0 0 2 2
2 2 1 0 2 2 2 1 3 2 3 0 2 2 0 3
2 2 3 2 1 2 0 0 0 3 0 2 0 3 3 3
12 12 53 12 12 12 35 23 16 23 16 13 13 16 23 13
13 23 23 13 53 16 53 53 16 53 61 61 3 29 52 44
52 44 50 44 44 44 60 50 60 47 17 33 30 17 17 17
17 57 57 47 57 50 50 57 57 47 21 48 47 37 47 37
37 37 50 61 37 56 30 21 30 30 21 15 15 42 35 3
21 21 30 35 38 35 42 42 42 42 63 63 63 35 24 29
63 24 29 24 38 61 24 61 29 45 51 24 29 38 38 38
63 56 48 26 56 56 48 56 15 15 15 48 27 27 3 25
25 34 31 60 28 60 26 26 22 26 26 39 39 43 39 28
28 58 28 27 28 31 27 39 39 27 60 41 41 41 25 41
33 18 41 22 22 22 22 52 52 32 32 33 32 32 31 14
31 31 18 14 18 14 19 14 52 25 14 25 58 58 54 58
58 18 18 48 54 19 54 54 54 40 40 40 40 45 43 19
19 19 20 43 49 45 40 43 43 62 62 59 3 3 51 51
49 49 45 34 51 49 49 45 46 51 46 59 2 2 59 46
2 2 46 33 32 2 34 59 34 62 34 33 59 46 55 62
