3 0 2 1 1 1 1 1 2 1 1 2 2 2 0 2
2 2 2 2 0 0 0 1 0 0 1 1 0 0 3 1
2 2 2 2 3 3 2 3 3 3 1 1 0 3 2 2
2 2 2 3 0 3 0 3 3 3 1 0 1 2 2 2
2 2 0 0 0 3 0 3 3 3 3 3 2 0 0 0
0 0 0 0 0 0 2 2 0 0 0 1 1 1 1 2
2 2 1 1 1 2 0 3 3 1 1 3 3 0 0 0
0 3 3 3 0 3 3 1 2 1 3 3 2 3 3 3
0 0 0 0 0 3 0 3 1 0 0 1 1 1 1 1
1 1 3 3 3 3 2 1 1 1 0 0 0 3 3 2
1 0 2 0 0 0 0 0 3 3 0 0 3 0 2 3
2 2 3 2 2 1 2 1 1 1 1 1 2 0 2 3
1 0 1 3 3 1 2 1 2 3 3 3 1 2 2 2
2 2 0 0 0 3 1 1 0 0 0 1 3 3 1 3
0 0 0 1 1 1 1 2 1 2 2 2 2 2 2 2
2 1 3 1 3 1 1 2 3 1 3 1 1 2 1 1
56 60 52 16 48 48 16 48 52 48 48 52 36 52 12 52
36 36 36 36 60 60 12 45 12 12 45 45 44 44 24 45
2 2 33 33 24 24 2 24 37 24 29 29 25 14 20 20
20 20 20 14 43 14 18 56 56 55 63 3 32 42 42 42
42 42 44 44 44 46 43 55 55 55 30 55 2 3 3 50
50 50 3 3 50 50 2 33 18 18 18 16 16 16 22 17
17 17 22 22 22 26 28 23 53 54 54 21 30 28 28 28
28 30 30 30 43 21 21 32 33 15 39 39 17 39 53 39
27 27 27 27 27 39 34 40 31 60 60 31 31 31 47 47
47 47 40 40 40 40 33 32 32 32 43 43 59 37 37 35
47 25 35 59 59 59 25 59 53 53 25 12 37 41 35 37
19 19 23 19 19 45 58 13 13 13 13 13 35 18 35 56
15 25 15 56 14 15 17 15 19 23 23 23 29 49 49 49
49 49 57 57 57 14 29 29 57 57 41 22 21 21 61 53
41 41 41 61 61 61 61 58 31 51 51 58 58 58 51 51
51 63 46 63 46 63 63 26 46 38 46 38 38 26 38 38
