3 3 3 3 3 0 2 2 2 2 2 0 1 2 2 2
2 2 1 1 3 3 3 3 1 3 0 3 1 2 1 2
2 2 2 3 1 0 0 0 1 0 0 0 0 0 0 0
0 3 3 3 3 2 2 3 1 2 2 2 2 0 0 0
0 0 3 2 2 1 0 1 3 1 1 1 1 1 1 1
0 3 3 1 1 3 1 1 1 1 2 2 2 2 2 0
0 1 0 0 3 3 3 3 3 2 2 3 3 3 3 0
0 0 1 1 1 1 0 1 1 0 0 0 0 2 3 3
0 2 0 0 0 0 0 3 0 0 1 1 1 0 0 0
0 1 1 1 0 1 3 2 2 1 2 0 2 3 2 3
3 3 3 3 2 2 2 3 0 0 0 0 0 3 3 3
3 1 1 1 1 1 1 2 1 1 2 2 2 2 1 1
1 1 1 0 0 1 1 2 3 3 0 0 0 0 0 3
1 1 1 3 3 1 1 0 1 0 0 0 3 3 3 0
3 3 3 3 0 0 0 3 3 3 3 1 3 1 1 2
2 2 2 2 0 2 2 2 0 2 0 2 2 1 3 3
24 24 24 24 24 60 52 52 52 52 52 60 16 35 35 35
35 35 32 32 62 37 37 37 63 37 43 39 38 49 38 49
49 49 49 23 29 34 34 34 13 34 44 44 28 34 28 28
27 62 62 62 62 19 19 21 31 51 51 51 51 3 3 3
3 3 21 19 19 15 18 22 14 22 54 54 54 54 54 22
59 21 55 45 45 55 45 22 45 22 2 2 2 2 2 18
18 61 18 18 46 46 46 46 46 42 51 39 39 39 39 43
43 43 63 63 63 63 43 38 38 50 60 60 60 42 14 14
27 19 59 59 59 59 27 14 27 27 47 47 47 25 25 25
25 29 29 29 25 29 37 58 26 38 58 12 17 14 26 40
40 40 40 40 26 26 26 56 41 41 41 41 41 56 56 56
56 16 16 16 13 13 13 20 16 13 20 20 20 20 48 48
48 48 48 12 12 61 61 17 30 23 57 57 57 57 57 23
15 15 15 23 23 61 61 50 45 50 50 50 30 30 30 28
55 55 55 30 44 44 44 53 53 53 53 15 53 47 47 17
17 17 33 33 28 33 33 33 12 58 12 58 58 31 21 21
