2 1 2 1 1 1 2 1 1 2 0 1 2 1 0 1
1 0 0 2 0 0 2 2 2 0 0 0 0 3 3 3
2 2 2 3 3 3 3 3 2 3 2 0 3 3 3 3
2 3 2 3 3 3 3 3 3 3 1 0 0 1 1 3
3 3 0 0 1 0 3 1 3 0 2 3 1 3 1 2
1 1 3 1 0 2 2 2 1 1 1 1 1 0 0 0
0 1 1 0 0 0 0 0 0 2 0 0 1 3 1 1
1 1 2 0 0 2 3 2 1 2 0 0 0 1 1 1
1 1 1 2 3 1 2 2 2 2 0 0 1 2 2 2
2 2 2 2 2 3 3 3 3 3 3 2 1 2 2 2
2 2 2 1 2 2 2 0 0 0 1 0 2 2 2 2
2 2 2 2 2 3 2 3 3 0 0 0 0 0 1 1
1 1 1 1 1 1 3 3 3 3 3 3 3 3 2 0
0 0 0 0 1 2 1 2 2 2 2 1 3 3 0 0
0 0 0 3 3 3 0 3 1 1 3 1 1 1 0 0
0 0 0 0 0 0 0 0 0 1 3 3 3 3 3 1
33 13 17 32 32 32 33 32 32 26 25 13 26 13 28 13
13 25 25 26 25 25 26 26 17 50 50 50 50 24 24 24
17 17 17 24 24 23 23 23 33 23 33 28 21 21 56 37
58 37 33 40 37 37 37 21 21 21 63 57 57 63 63 23
56 56 28 57 16 28 56 16 56 28 20 40 16 40 15 58
15 48 40 15 50 58 58 58 15 15 22 22 22 12 3 3
18 22 22 12 12 18 12 18 3 2 3 3 31 40 31 31
31 48 19 12 18 19 46 36 16 20 18 57 57 16 61 61
61 48 48 20 53 48 49 52 49 35 41 34 31 35 2 35
35 35 2 2 2 14 14 14 14 14 62 51 38 20 52 52
49 49 49 63 52 52 20 41 41 41 63 41 42 42 42 51
51 19 51 19 19 62 51 62 62 27 27 27 27 27 29 61
29 29 29 29 61 38 53 53 30 30 30 30 30 62 42 59
59 59 59 59 38 42 38 36 36 36 36 38 53 53 34 34
44 34 34 46 46 55 44 46 54 54 46 54 54 54 44 44
44 43 43 43 60 60 60 60 60 47 39 39 39 39 39 47
