0 1 3 1 2 3 0 0 3 1 1 3 3 2 1 2
1 2 2 1 3 1 1 0 3 1 2 3 2 2 2 0
0 0 0 1 3 1 2 3 0 1 2 3 1 1 1 2
1 1 2 2 3 0 2 3 0 3 3 0 2 0 0 0
3 3 3 3 1 0 1 3 3 2 1 1 3 3 3 1
2 1 3 0 3 0 3 0 1 0 0 3 0 0 0 3
0 2 0 1 3 1 2 0 2 3 2 2 3 1 2 2
2 2 2 0 1 0 1 2 1 2 2 1 1 1 1 1
0 0 0 2 0 1 2 0 1 3 2 2 2 1 0 2
3 3 2 2 3 2 3 2 0 3 1 1 1 0 0 1
1 0 1 2 1 0 3 1 2 1 3 0 1 3 2 3
0 0 0 2 2 3 0 1 1 2 0 3 3 1 2 0
1 3 0 0 2 2 1 1 3 3 3 3 3 3 3 2
0 1 2 0 3 1 0 1 0 0 2 1 2 0 1 2
2 0 0 0 0 0 0 3 0 2 0 3 0 1 2 0
3 1 3 1 3 1 0 2 3 2 2 2 2 1 3 3
34 22 55 32 26 62 12 59 62 38 13 56 24 20 16 58
32 17 35 29 56 61 29 57 37 31 2 39 19 2 2 57
57 50 57 61 46 54 26 62 18 61 17 46 31 31 31 49
61 61 33 49 23 57 51 56 43 21 24 27 58 18 34 27
53 53 56 40 29 60 31 39 24 58 32 47 37 37 37 16
36 16 40 44 62 34 23 50 32 12 50 62 27 25 27 46
27 2 60 54 37 54 2 34 42 21 26 58 46 45 36 52
52 19 33 28 16 60 22 20 63 49 20 48 15 29 54 48
50 43 43 49 44 45 19 25 22 24 17 36 51 63 3 51
40 21 36 49 56 58 23 33 18 21 48 38 22 43 60 45
13 28 38 33 38 50 21 38 26 54 24 18 29 55 20 30
59 34 25 42 17 40 18 48 22 26 12 14 23 13 19 28
32 46 3 28 35 17 63 47 39 39 14 55 14 23 30 19
3 16 51 44 30 48 60 13 12 12 35 13 42 25 15 42
42 59 3 41 25 41 41 53 41 20 41 30 3 63 35 59
53 45 53 15 30 15 59 52 39 51 52 33 52 15 55 55
