2 2 0 3 3 3 3 1 2 1 1 1 1 1 0 2
0 3 0 2 3 2 2 1 0 3 1 1 3 2 0 1
1 0 1 0 3 1 2 3 2 0 1 1 2 1 2 2
0 1 2 2 0 2 0 3 0 2 3 3 2 2 3 0
3 3 1 1 1 0 3 3 3 0 1 0 0 0 0 1
0 0 0 1 0 1 2 3 3 0 0 3 0 3 1 0
1 1 2 1 2 1 1 0 0 1 1 1 1 1 2 3
2 0 0 2 1 1 0 3 0 0 1 2 2 3 2 0
3 2 3 1 1 2 3 3 1 0 0 3 3 1 3 3
0 0 0 2 3 2 1 2 0 2 2 2 3 1 3 1
2 0 3 2 2 1 2 1 2 1 1 0 3 0 0 0
0 0 0 2 3 3 1 0 1 1 1 0 1 2 1 1
1 3 2 1 3 3 0 2 0 0 2 3 0 0 3 3
2 1 0 0 3 2 1 0 0 1 0 0 2 0 1 2
2 1 2 2 3 2 3 0 1 2 2 3 2 3 1 1
2 2 2 1 3 0 1 2 0 3 1 2 3 2 0 1
51 20 27 56 39 37 53 29 51 31 13 22 15 45 59 52
34 24 25 42 14 58 51 29 44 24 31 45 55 19 41 61
54 50 15 18 21 13 33 30 17 3 63 13 42 13 51 52
12 61 33 19 18 52 18 37 3 36 37 23 58 58 21 27
53 24 31 31 31 44 53 46 24 44 15 50 50 50 50 16
34 34 34 38 34 38 49 55 30 12 43 24 57 23 47 59
45 32 35 32 35 32 32 27 27 32 13 22 54 15 36 37
42 41 12 42 45 15 12 39 12 57 47 36 19 23 20 43
23 51 37 38 16 20 14 55 22 3 28 46 23 16 14 14
27 28 60 42 55 58 48 36 41 19 36 19 14 54 39 54
33 41 39 33 35 47 33 47 26 47 29 41 46 3 43 43
59 3 43 35 56 55 63 28 63 29 54 28 61 26 63 16
29 62 26 48 30 56 25 35 60 18 49 21 28 25 39 30
17 63 25 18 30 17 45 60 59 48 44 57 58 59 48 26
17 16 26 20 46 2 56 60 38 52 2 46 2 56 48 38
2 52 2 61 21 57 61 17 44 21 22 49 53 49 25 22
