0 2 1 3 0 0 1 1 0 2 1 2 0 1 1 3
0 0 0 0 0 0 1 0 1 1 1 0 1 0 2 1
1 0 0 3 1 1 1 3 2 2 2 3 1 3 1 2
0 0 0 2 3 1 0 3 3 1 1 1 1 1 2 2
3 2 2 0 1 0 1 1 1 2 2 2 3 1 0 1
1 2 3 3 0 3 3 0 0 0 3 3 3 3 3 3
2 3 3 0 3 3 3 0 0 3 0 0 1 2 2 3
0 0 2 2 3 3 1 2 0 1 1 1 3 2 2 3
1 3 0 1 2 3 2 0 2 3 2 2 2 2 2 2
1 1 2 3 0 3 0 0 3 1 1 2 3 3 3 3
3 3 1 0 2 1 3 1 1 2 3 1 1 0 0 0
2 0 0 1 1 0 2 2 2 1 2 2 1 3 1 0
1 1 3 1 3 0 3 3 2 1 3 2 2 3 3 1
0 1 0 1 0 2 0 3 0 0 1 3 0 0 2 0
2 3 0 1 2 3 2 2 1 0 0 1 2 1 2 0
0 3 3 1 0 2 2 3 2 2 2 0 1 3 2 3
28 36 22 21 12 50 63 31 50 26 45 2 60 61 15 53
44 3 60 60 3 60 47 44 16 45 32 60 29 44 33 54
45 3 57 21 45 45 29 62 17 52 17 21 29 62 32 19
28 43 28 49 14 29 18 37 14 29 31 38 38 31 36 35
23 42 42 25 13 25 22 16 22 2 2 2 30 47 50 16
48 33 30 39 25 30 30 18 18 18 14 53 24 39 39 24
17 53 39 27 24 24 24 27 57 30 44 28 15 19 36 37
27 41 33 52 21 14 22 26 18 47 61 13 37 52 35 14
16 21 57 31 51 40 33 25 33 23 17 42 51 2 42 49
31 48 19 23 28 39 27 50 23 16 48 58 40 55 56 56
40 55 13 27 42 54 56 32 38 20 37 13 15 41 34 57
20 41 25 13 63 3 49 17 19 48 36 36 61 40 63 50
15 22 62 38 40 34 53 53 49 54 23 52 52 56 56 48
44 54 12 54 41 35 12 62 12 57 15 37 43 41 20 43
19 55 12 47 26 62 58 58 38 59 43 47 49 63 35 3
34 55 55 61 43 58 20 46 26 35 58 59 61 46 51 46
