3 3 0 1 0 3 1 0 0 0 0 0 0 0 1 2
2 0 2 3 2 1 2 2 0 3 0 2 1 3 3 3
3 0 2 2 2 2 2 0 0 0 0 1 1 1 1 2
1 1 2 3 1 1 1 2 2 1 3 3 1 1 1 1
1 2 1 1 1 1 0 0 1 1 0 3 0 0 1 1
2 0 1 2 0 3 2 0 2 3 2 2 1 2 2 2
0 2 3 3 0 1 1 1 3 3 3 1 0 3 3 3
3 2 2 2 3 2 0 3 0 1 2 0 2 3 3 0
1 2 0 1 2 3 2 2 1 2 0 2 2 3 2 2
2 2 0 3 3 2 0 2 2 2 2 0 2 3 3 3
3 3 3 1 2 3 3 0 3 3 0 2 0 2 0 3
3 0 3 2 3 3 2 3 0 0 3 2 1 2 0 2
3 3 0 2 2 0 3 3 1 2 1 0 0 0 0 0
1 0 1 1 0 0 1 1 1 3 2 3 1 1 3 3
3 1 0 1 2 1 3 2 0 1 1 1 1 1 3 0
0 1 1 3 2 1 0 3 1 1 1 1 0 0 0 1
46 30 27 63 59 37 31 44 43 12 57 57 57 57 13 26
2 57 2 55 2 13 2 2 59 55 41 26 31 37 37 37
37 27 58 58 58 58 58 41 41 41 41 22 38 38 13 26
38 38 36 40 38 22 32 26 26 13 46 46 22 13 45 45
32 36 45 32 45 45 18 18 32 32 28 40 18 18 22 22
36 18 61 51 44 40 51 44 51 40 19 51 47 51 36 17
27 36 21 46 44 61 61 61 62 40 46 61 44 39 55 55
55 35 35 17 39 49 12 53 12 47 35 27 49 62 23 28
47 17 50 47 19 62 35 19 47 20 25 35 20 62 19 49
42 20 28 23 23 20 27 19 33 49 49 25 33 23 21 62
53 53 53 29 33 39 21 25 23 14 34 17 25 33 28 24
53 28 14 33 39 14 17 14 60 25 39 52 63 42 12 20
21 14 60 42 42 34 21 24 63 42 29 60 34 34 12 50
63 60 16 63 34 60 16 31 31 24 52 30 15 16 24 24
56 16 50 15 52 29 56 52 3 48 15 15 48 16 30 50
50 48 15 30 52 29 59 30 29 48 31 48 3 59 43 54
