1 1 1 1 1 0 0 3 0 1 0 0 1 1 3 1
3 3 1 3 0 3 0 3 3 3 3 3 2 3 3 3
3 3 3 0 2 0 0 0 0 3 3 3 2 0 3 0
3 3 3 3 2 3 1 2 0 2 1 3 0 1 2 3
2 3 1 2 1 2 2 3 2 2 3 0 2 2 1 2
0 2 2 1 2 1 3 2 1 0 1 1 0 3 1 0
2 1 3 1 2 0 3 3 3 0 3 3 3 2 1 0
3 2 3 2 3 3 3 2 2 2 2 1 2 2 2 3
3 0 2 0 2 2 2 0 0 1 2 0 0 3 1 2
2 1 3 3 2 1 1 1 1 1 1 1 0 1 2 1
0 0 2 2 1 2 1 2 0 1 0 0 3 1 1 0
1 1 0 1 1 1 0 0 0 0 0 1 2 1 0 0
2 0 3 2 0 3 1 1 0 1 0 0 1 2 0 2
3 0 1 3 1 2 1 1 1 2 1 2 2 0 0 0
2 2 0 2 2 0 2 2 2 0 2 0 0 0 0 0
0 0 0 0 2 0 3 0 0 2 3 3 3 2 3 1
31 31 31 31 31 25 25 40 25 29 25 25 29 29 40 29
40 40 29 40 59 56 57 62 62 62 56 62 33 56 56 62
53 56 14 12 33 12 59 12 59 37 53 37 33 12 37 12
14 37 24 14 33 37 15 33 59 35 15 14 59 15 35 53
51 14 15 35 15 35 42 24 35 42 53 43 52 42 45 42
57 42 2 45 17 45 53 52 22 3 45 13 57 23 22 43
2 48 23 45 2 43 55 24 55 57 55 24 46 2 22 57
46 51 23 2 23 23 24 19 17 52 17 38 17 52 52 46
55 41 26 41 17 26 51 28 43 13 51 43 3 46 22 51
19 22 46 55 19 48 13 61 38 48 13 13 3 61 26 61
27 60 19 26 38 26 38 19 60 48 3 3 21 38 61 28
61 48 60 63 54 47 28 60 44 60 28 47 49 63 27 44
36 27 21 58 28 21 54 47 44 47 50 27 63 20 27 49
21 41 47 21 54 49 54 63 54 20 63 36 49 50 18 41
36 36 34 36 58 34 58 49 58 34 58 44 50 18 34 41
44 18 34 18 20 50 39 18 50 20 39 39 39 20 30 32
