0 0 2 1 1 1 1 1 2 0 0 0 0 0 2 2
2 1 3 2 2 2 2 2 1 0 0 2 2 1 0 2
2 2 2 2 0 0 0 0 1 3 0 1 1 0 2 2
2 2 0 1 1 0 3 3 3 0 0 0 3 3 3 3
3 3 0 0 0 0 1 1 0 1 1 0 0 0 0 0
1 1 1 1 1 1 2 0 0 0 2 0 0 1 1 1
1 1 0 3 3 3 3 3 3 0 2 2 2 2 0 0
0 1 1 3 3 3 2 3 3 2 2 3 1 2 2 1
3 1 1 3 1 1 2 1 1 2 2 2 2 2 1 1
1 3 3 0 3 3 2 3 3 3 0 0 0 1 1 1
1 1 1 1 0 0 0 3 3 3 3 3 3 0 0 1
1 1 1 1 1 1 3 0 1 3 2 2 2 2 0 0
3 3 3 2 2 2 1 3 2 3 1 0 0 2 2 2
2 0 0 2 0 0 0 2 0 0 2 2 3 3 3 3
0 0 3 2 3 0 3 3 3 0 1 3 3 3 3 2
1 2 1 2 2 1 2 1 2 1 0 0 0 0 2 2
28 60 20 16 16 16 16 16 52 44 44 44 44 44 20 20
20 61 23 26 26 2 2 33 45 18 18 2 2 22 27 2
33 33 33 33 60 60 60 60 32 21 34 32 32 27 49 49
49 49 3 32 32 12 55 55 55 12 12 12 14 14 14 14
14 37 3 12 3 3 48 48 3 47 48 43 43 43 43 43
48 48 47 47 47 47 42 59 34 34 35 34 34 38 38 38
38 13 25 40 40 40 21 56 53 59 35 35 35 35 59 59
59 15 31 23 21 23 19 21 23 17 17 24 15 17 19 15
40 15 15 24 22 22 20 22 22 19 19 17 49 19 13 54
54 56 56 25 56 56 17 55 23 21 50 50 50 63 45 45
45 13 13 13 25 25 25 24 40 24 24 62 37 50 50 29
29 29 29 54 29 54 30 41 45 46 51 51 51 51 27 57
55 37 37 42 42 42 38 46 51 37 54 27 18 58 58 58
58 18 27 52 57 57 18 52 57 57 52 52 30 30 30 30
41 41 39 58 39 41 39 39 39 41 61 53 53 53 53 42
61 36 63 36 36 61 36 63 36 61 28 28 28 28 26 26
