3 3 3 3 3 0 2 2 2 2 0 2 0 0 0 0
2 1 2 2 3 3 3 3 1 2 1 2 2 2 1 1
1 0 2 3 3 2 0 3 3 3 1 2 1 1 2 3
3 3 3 3 2 2 2 3 3 3 3 3 3 3 1 1
3 3 3 1 1 1 1 1 1 1 1 2 2 2 2 2
2 1 1 2 2 2 2 0 0 0 1 1 1 1 0 2
0 0 0 0 2 1 0 3 3 0 0 0 0 2 0 0
0 0 3 3 3 1 3 3 1 1 0 3 0 0 3 2
0 2 2 2 2 2 0 3 2 2 2 3 1 2 0 0
1 0 0 1 1 1 1 1 0 2 2 2 1 2 2 2
1 0 1 2 1 1 0 3 0 0 0 0 3 3 0 1
0 0 0 1 2 0 0 0 0 3 2 3 3 3 3 1
1 1 0 0 1 1 1 1 1 1 0 0 0 2 1 0
0 0 0 0 0 0 0 1 3 1 1 1 0 3 2 2
1 1 1 1 3 3 3 3 3 1 1 1 1 1 1 3
2 2 2 2 2 2 2 2 2 2 2 3 0 0 0 1
24 24 24 24 24 60 52 52 52 52 50 35 50 50 50 50
35 16 35 35 21 62 62 62 63 51 63 51 51 51 63 63
63 44 52 56 56 35 34 56 56 56 61 42 61 61 42 40
62 62 14 14 42 42 20 39 39 39 39 14 14 14 16 31
21 21 39 29 54 54 54 54 54 29 13 51 26 26 26 26
26 16 16 19 19 19 19 25 25 25 22 22 22 22 25 58
28 3 28 28 20 31 57 30 30 59 59 59 59 33 44 44
44 44 30 30 30 22 37 37 16 29 59 37 12 12 37 58
12 49 49 49 49 49 12 40 2 2 2 37 29 58 25 12
38 18 18 48 48 48 48 48 41 58 2 2 61 58 20 20
13 3 13 20 13 61 27 40 18 27 27 27 40 40 60 29
60 60 60 13 33 41 41 41 41 46 42 46 46 46 46 15
15 15 34 57 15 45 45 45 45 45 57 57 57 19 15 28
18 18 43 43 43 43 43 38 55 38 38 38 27 55 33 33
47 47 47 47 53 53 53 53 53 47 32 32 32 32 32 23
36 36 33 36 36 17 36 17 17 17 17 23 3 3 3 31
