2 1 2 0 2 2 2 3 1 1 1 1 2 3 2 2
2 3 1 2 2 0 0 3 2 2 2 2 3 3 1 1
1 1 0 0 0 0 3 0 3 3 3 0 3 3 3 1
3 3 3 3 3 2 1 3 0 3 1 3 0 3 3 3
3 0 3 3 0 3 0 1 0 0 2 2 0 1 2 0
2 2 0 1 0 0 2 1 0 0 0 1 0 0 2 1
2 1 1 2 0 2 1 1 1 2 1 0 3 2 1 2
1 1 0 1 0 2 1 2 2 3 3 3 3 3 2 2
2 0 0 0 2 0 1 2 1 0 3 3 0 2 2 2
0 0 0 2 1 2 2 2 2 2 1 0 1 2 2 2
2 2 2 2 2 2 1 2 2 1 3 3 3 1 1 1
1 1 1 3 1 1 0 0 3 2 3 0 0 2 0 2
2 2 2 2 0 0 0 2 0 0 3 3 3 3 0 0
0 3 0 0 3 1 1 3 3 3 3 1 3 3 3 0
3 0 3 3 0 0 0 0 1 1 1 1 1 1 1 0
0 0 0 1 1 1 1 1 1 1 1 1 1 3 0 3
33 32 33 25 17 26 33 24 32 32 32 32 33 24 33 17
26 40 13 26 26 18 50 24 17 17 26 17 24 24 13 13
13 13 25 25 25 25 21 50 21 21 21 50 21 56 56 15
23 23 40 40 56 58 48 56 12 23 48 23 28 37 37 37
37 28 37 56 28 23 28 48 57 28 49 49 12 15 49 57
49 49 12 15 12 12 20 22 50 57 50 15 57 57 58 48
58 48 16 58 41 58 15 22 16 52 16 41 53 52 16 52
16 22 18 22 59 42 22 52 52 14 14 14 14 14 20 20
51 18 18 41 2 18 31 20 31 3 40 40 3 2 35 2
3 3 3 2 31 51 51 51 35 35 31 41 31 35 51 19
35 19 19 19 19 20 63 42 2 63 62 62 62 63 54 63
63 54 54 62 54 54 41 44 62 36 53 44 44 42 34 36
42 36 36 42 27 27 27 36 27 27 30 30 30 30 34 34
34 30 44 44 55 29 29 53 55 55 55 29 55 39 53 34
53 60 39 39 60 60 60 60 61 61 61 61 61 29 29 59
59 59 59 38 38 38 38 38 45 45 45 45 45 39 43 39
