0 2 1 3 0 0 1 1 0 2 1 2 0 1 3 1
0 0 0 0 1 0 0 0 1 1 1 3 3 3 2 2
1 1 0 0 2 0 2 1 2 1 3 1 1 3 0 1
1 0 2 1 1 3 1 1 1 3 0 2 2 0 0 2
2 3 3 3 1 2 0 2 3 2 1 3 1 1 1 0
0 3 0 0 3 0 1 3 1 0 0 2 0 0 3 2
0 3 0 3 3 1 3 2 0 0 0 3 2 3 3 1
3 3 0 3 1 2 0 1 3 3 3 1 2 2 2 1
1 0 0 2 1 3 2 1 3 1 0 3 3 3 3 3
1 1 3 2 1 2 0 1 3 1 1 0 1 0 3 3
1 2 0 1 3 1 2 0 1 1 3 0 1 0 2 1
0 2 2 2 0 3 2 1 3 3 0 2 1 1 3 2
2 1 3 3 0 1 0 1 2 1 1 1 0 2 0 2
2 0 2 2 3 1 0 2 0 3 0 0 0 0 1 0
2 1 3 1 2 1 0 2 3 1 2 0 2 2 2 1
2 2 0 2 2 0 3 3 0 2 0 3 3 3 2 3
28 36 22 21 12 50 63 31 50 26 45 2 60 61 53 15
44 3 60 60 47 60 44 59 16 45 32 40 62 46 33 35
29 32 18 18 17 12 35 29 17 45 37 45 45 62 34 22
15 34 33 63 63 53 63 31 31 24 43 58 2 57 28 35
33 24 24 24 29 33 27 35 24 42 16 56 54 29 31 27
27 14 27 28 39 44 54 62 22 25 27 17 43 25 30 33
12 62 12 62 55 47 55 19 41 18 28 56 49 37 14 15
23 39 12 14 29 26 50 54 21 30 30 32 2 35 20 48
16 28 25 52 63 30 19 15 14 38 44 56 56 21 56 14
15 54 23 49 13 58 60 22 21 38 32 41 31 44 23 40
48 49 41 61 40 13 49 41 38 54 37 50 38 50 36 38
59 36 52 42 41 21 36 32 37 23 59 52 61 22 23 36
20 47 37 55 3 61 59 61 52 48 13 16 57 49 43 19
2 18 51 52 30 16 25 17 59 40 25 57 43 57 47 18
17 48 39 47 20 48 43 58 53 13 26 3 19 26 19 13
2 26 57 20 42 3 53 46 3 51 34 53 46 55 51 46
