1 1 1 1 1 0 0 0 1 0 1 0 0 1 0 1
1 0 0 0 1 1 1 1 1 1 0 1 0 1 1 1
1 1 1 1 1 1 0 0 1 0 0 0 1 0 1 0
0 1 1 1 1 1 0 0 1 1 1 1 0 1 1 1
0 0 1 0 0 0 1 1 1 0 1 1 0 1 0 0
0 0 1 0 1 1 0 0 0 0 0 0 0 0 0 0
0 1 1 0 0 0 0 0 0 0 1 1 1 0 0 1
0 0 1 1 1 1 0 1 0 0 1 1 0 0 0 1
0 0 0 0 0 0 0 1 1 1 0 0 0 0 1 0
1 0 0 0 0 1 1 1 1 0 1 1 1 0 0 0
1 0 1 0 1 1 1 1 0 1 1 1 0 0 0 1
1 1 1 0 0 1 1 0 0 0 1 1 1 1 1 1
0 0 1 1 1 0 0 1 1 1 0 1 1 0 1 0
1 0 1 1 0 0 1 0 1 0 0 1 0 0 1 0
0 0 0 0 0 0 1 1 0 1 0 0 1 0 0 0
1 1 0 1 1 1 1 1 0 1 1 1 0 1 1 0
20 120 11 20 36 60 60 60 43 98 43 112 98 75 67 75
75 98 67 67 73 59 64 11 73 52 74 64 17 64 43 88
11 59 73 52 88 52 24 24 59 74 24 17 36 74 32 112
112 97 113 32 32 36 17 132 66 113 88 97 42 104 113 104
132 44 66 105 132 114 120 97 104 28 48 66 76 120 44 76
139 33 48 33 48 25 33 114 42 42 116 114 76 28 107 28
58 34 20 44 128 116 56 116 105 100 83 34 57 65 107 34
84 65 16 83 4 83 146 90 139 35 115 16 139 105 40 90
12 128 84 100 40 128 58 16 18 68 40 58 35 107 106 84
68 56 12 100 65 92 90 92 68 10 92 124 115 12 35 19
106 19 115 49 25 124 124 41 146 25 57 106 19 146 56 41
57 18 18 137 137 9 27 137 89 130 4 136 50 9 136 136
72 130 129 108 147 26 121 4 41 9 49 27 129 26 129 26
147 130 27 108 89 121 108 121 50 72 89 50 91 10 131 51
96 72 91 96 96 91 140 147 51 145 51 144 140 144 144 8
140 122 10 122 145 138 99 138 49 122 145 131 123 99 131 123
