1 1 0 1 1 0 0 0 0 0 0 0 0 0 1 1
1 1 0 0 1 0 0 0 1 0 1 0 1 1 0 0
1 1 1 0 0 1 1 1 0 0 1 0 1 1 1 0
1 1 1 1 0 1 0 1 1 1 0 1 0 0 0 1
1 1 0 0 1 0 0 1 0 1 1 1 1 0 0 0
0 1 0 0 0 0 1 1 1 1 0 1 1 0 1 1
1 1 0 0 1 0 1 0 0 1 0 1 1 1 1 1
0 1 1 1 1 0 0 0 0 1 0 1 0 1 1 1
1 0 1 0 0 1 0 1 1 0 1 0 1 0 0 0
0 1 0 1 0 0 0 0 0 0 0 0 1 0 0 0
0 0 1 0 1 1 0 1 0 0 0 1 0 0 1 1
0 1 1 1 0 1 1 1 1 0 0 0 0 1 1 1
1 0 1 1 0 1 0 1 1 0 1 1 0 0 1 1
1 0 1 1 1 1 0 0 1 0 0 0 0 1 1 0
0 1 0 0 0 1 1 0 1 0 0 0 0 1 0 0
0 0 1 1 1 0 1 1 1 0 1 1 0 0 0 1
108 20 76 99 50 51 51 51 42 49 42 42 49 49 66 124
124 66 105 112 124 96 112 112 66 105 115 105 115 115 96 96
113 113 113 107 72 145 68 20 107 60 90 89 68 20 16 26
25 99 41 16 107 145 26 99 145 18 60 16 56 26 56 90
25 25 19 17 88 60 56 120 89 120 120 41 41 33 33 89
24 68 33 74 24 24 90 36 106 83 12 106 106 114 83 18
34 83 40 58 104 58 36 12 58 97 12 9 75 88 36 97
74 88 9 9 18 40 72 72 17 104 28 64 28 92 43 75
97 67 43 74 28 92 40 92 64 67 75 116 43 35 67 17
84 104 44 73 91 116 44 91 98 44 84 84 34 91 114 98
128 116 136 76 64 131 100 147 76 19 100 136 35 100 52 48
114 131 147 59 121 136 48 131 73 128 128 121 121 147 108 73
59 35 32 52 19 48 10 140 140 98 52 129 65 10 32 59
57 10 140 32 34 108 123 65 57 139 139 139 137 129 57 123
123 129 144 144 144 122 122 65 122 132 3 3 3 27 137 130
132 137 138 11 4 132 4 138 138 8 4 50 8 8 146 11
