1 1 1 1 1 1 0 0 0 1 1 1 1 0 0 0
0 0 1 1 0 1 1 1 1 0 0 0 1 1 1 0
1 0 1 1 0 0 1 1 0 0 1 0 0 0 0 1
0 1 0 1 0 0 0 0 1 0 1 0 0 0 0 1
1 0 1 1 1 0 0 1 0 0 0 1 0 0 1 1
0 0 1 1 1 0 0 0 0 0 1 0 0 0 0 0
0 1 0 0 1 1 0 0 1 0 0 0 1 0 0 1
0 0 1 0 1 0 0 0 0 0 0 1 1 0 0 1
0 1 0 0 1 1 1 0 1 0 0 1 1 0 1 1
1 1 1 1 1 0 0 0 0 1 1 1 1 1 1 1
1 0 1 0 1 0 1 1 0 0 1 1 1 1 1 1
1 1 1 1 0 0 1 1 1 0 1 1 1 1 1 0
0 0 0 0 0 1 1 1 1 1 1 1 0 0 0 1
1 1 1 0 0 0 0 0 0 0 0 1 1 1 0 1
1 1 1 1 0 1 1 1 0 1 0 0 1 0 0 1
0 0 0 0 1 1 0 1 0 0 1 1 1 0 0 0
106 97 97 97 66 27 40 40 40 41 27 27 20 28 58 24
24 58 20 20 60 90 90 90 50 24 28 28 50 64 41 96
41 8 50 64 60 19 68 68 10 60 68 10 10 35 35 64
65 106 58 106 65 96 84 35 73 76 73 76 76 65 49 43
73 26 104 104 43 49 26 104 96 49 42 16 44 26 36 36
8 8 36 66 66 17 84 84 42 42 25 44 100 17 44 33
33 16 105 33 99 52 100 100 11 91 105 89 43 72 67 16
89 67 52 72 52 67 56 56 19 56 51 88 11 12 12 99
12 11 89 17 99 83 25 105 25 98 98 88 32 98 88 92
92 83 92 32 83 19 72 91 91 32 48 9 9 57 9 48
48 74 75 51 34 51 18 59 74 74 75 4 57 57 18 75
34 18 120 34 116 116 4 4 59 116 115 115 115 59 108 114
107 114 107 107 114 108 108 113 120 113 113 120 112 112 112 129
129 129 131 146 146 146 137 137 137 121 121 145 145 145 121 131
131 147 147 138 139 136 147 136 139 138 139 130 136 130 130 138
132 132 132 128 124 124 128 124 128 3 140 140 140 144 3 123
