1 1 1 0 1 1 1 0 1 0 1 0 0 1 1 1
0 0 0 0 0 1 1 1 1 1 0 1 1 1 0 0
0 0 1 0 0 0 0 0 0 0 1 1 1 1 1 1
1 1 1 1 0 1 1 1 0 0 1 1 0 0 1 0
0 1 1 1 1 1 1 1 0 1 0 0 0 0 0 0
0 0 0 0 0 0 0 0 0 0 0 0 0 0 0 0
0 1 1 1 0 0 0 0 0 0 0 1 1 1 0 0
0 0 1 0 1 1 1 0 0 0 0 0 0 0 1 1
1 1 1 1 1 0 1 0 1 0 1 1 1 1 1 1
0 0 0 1 1 0 0 0 1 1 1 0 0 1 1 1
1 1 1 1 1 1 1 1 1 1 1 1 1 0 0 1
0 0 0 0 1 0 1 0 0 1 0 1 0 0 0 1
0 0 1 1 1 1 0 0 0 0 1 1 1 1 1 1
0 1 1 1 1 1 0 1 0 0 1 1 0 0 0 1
1 0 0 0 1 1 1 1 1 1 1 0 0 0 0 0
0 0 0 0 1 1 0 0 0 1 0 0 0 1 0 1
18 18 18 19 9 9 9 10 11 12 11 12 12 20 20 20
24 24 24 10 10 11 16 83 16 16 56 25 25 25 26 26
26 33 27 28 89 89 89 84 84 84 32 32 34 48 34 48
48 34 27 36 33 36 27 32 35 35 52 36 35 40 120 56
56 97 99 120 52 97 97 52 33 120 116 42 116 100 100 114
107 40 40 28 114 28 42 42 96 114 98 98 72 58 58 58
100 113 113 113 107 65 65 65 60 72 72 104 104 104 98 49
49 60 68 51 106 106 106 8 8 112 112 112 107 116 115 88
88 108 43 43 43 17 115 17 115 17 108 108 83 83 64 64
96 96 49 99 99 76 76 76 41 41 41 19 19 92 92 92
90 90 90 50 50 50 73 73 73 66 66 66 68 60 44 68
44 44 67 67 64 67 88 74 74 59 51 59 105 51 105 59
105 74 75 75 75 57 91 91 91 8 57 57 4 124 124 124
121 4 4 145 145 147 146 145 146 146 147 147 139 139 139 122
140 137 137 137 122 122 140 140 138 138 138 3 3 3 123 123
123 144 144 144 129 129 128 121 121 129 130 130 130 136 132 136
