0 0 0 1 1 1 0 0 0 1 0 1 1 0 0 1
1 1 0 0 0 0 0 0 1 1 1 1 0 0 1 1
1 1 1 1 0 1 1 1 1 1 1 1 0 0 0 0
0 0 0 1 1 1 1 0 0 0 1 0 0 0 1 1
1 1 1 0 1 0 0 1 1 1 0 1 1 1 0 0
0 0 0 1 0 0 0 1 1 1 1 0 0 0 0 0
0 0 0 0 0 0 0 0 1 1 1 1 1 1 1 1
0 0 0 0 1 0 0 0 1 1 1 1 1 1 0 0
0 0 0 1 1 1 1 1 1 1 1 0 0 0 1 1
1 1 0 0 0 0 1 1 1 0 0 0 0 0 1 0
1 1 1 0 0 0 0 1 1 1 0 0 0 1 1 1
0 0 0 0 0 0 0 1 0 1 1 1 1 1 1 0
0 0 1 0 0 0 0 0 0 0 0 0 0 0 1 0
1 1 0 0 1 1 1 1 0 0 0 0 1 1 1 1
1 1 1 1 1 1 1 1 1 1 1 1 1 1 0 0
1 1 1 0 0 0 0 1 1 1 1 1 1 0 0 0
8 8 8 9 9 9 12 12 12 11 19 18 18 19 19 18
11 11 17 17 100 100 100 26 27 27 27 34 28 58 43 43
41 43 41 41 35 106 106 34 32 32 32 34 33 91 33 91
33 17 28 57 52 52 52 58 35 44 66 49 44 44 59 59
66 59 66 89 20 89 89 20 20 48 40 50 106 68 35 26
58 26 98 68 10 72 72 88 88 88 68 98 65 65 65 51
51 40 40 76 76 76 107 107 50 50 64 64 64 115 115 115
114 114 107 51 113 67 67 67 16 16 16 92 120 120 96 96
96 60 60 92 92 104 104 104 99 99 99 116 116 116 73 73
73 113 10 10 60 42 108 36 108 24 24 56 56 56 108 24
4 4 4 132 132 137 132 147 147 147 114 105 105 75 75 75
98 42 42 84 84 84 105 120 28 113 57 57 25 25 25 112
72 74 138 146 146 128 128 74 74 128 121 146 112 130 138 91
90 90 112 130 90 97 97 97 130 139 139 139 138 36 36 136
83 83 83 145 145 129 129 129 145 140 140 140 122 122 49 49
48 136 124 144 144 144 137 131 131 131 124 124 122 3 3 3
