0 0 0 1 1 1 1 1 0 1 1 1 0 1 0 1
0 1 0 1 1 1 0 0 0 0 0 1 0 0 0 0
0 0 0 0 0 1 1 1 0 1 1 1 1 1 1 1
1 0 1 1 1 0 0 1 0 1 1 1 0 0 0 0
1 0 1 0 1 1 1 0 1 0 0 0 0 0 1 0
0 0 0 0 0 0 0 0 0 0 0 0 0 1 0 0
0 0 0 0 0 1 1 1 0 1 0 0 0 1 1 0
0 0 0 1 0 0 0 0 0 1 1 0 1 0 0 0
0 0 0 0 0 1 1 1 1 1 0 1 0 1 1 1
1 0 1 1 0 0 1 1 1 1 1 1 1 1 1 0
0 0 0 0 1 1 1 1 0 1 0 1 0 0 1 0
1 1 1 1 1 1 1 1 1 0 1 1 0 1 0 1
1 1 1 1 0 0 0 1 1 0 0 1 1 1 1 1
1 1 1 1 0 0 0 1 1 1 1 0 1 1 0 0
1 0 1 0 1 0 1 0 0 0 0 0 0 0 0 0
1 1 1 1 1 1 1 1 1 1 1 1 0 0 0 1
40 40 40 43 9 43 43 11 12 32 25 25 98 11 84 11
84 25 84 32 32 36 96 12 12 98 67 41 67 49 98 24
24 24 107 96 42 66 66 106 96 9 88 66 41 99 41 106
106 28 34 34 34 100 58 108 100 73 73 73 100 44 107 107
68 33 68 10 52 52 52 33 68 51 105 51 33 105 9 42
10 10 8 19 19 19 8 8 58 91 26 26 26 18 60 42
28 17 17 17 105 18 36 18 91 97 51 58 91 59 36 65
28 76 49 48 60 67 60 35 35 16 16 44 16 44 132 132
72 72 116 72 35 48 97 48 20 99 49 92 65 97 83 83
83 89 99 27 89 89 27 20 20 88 145 59 27 59 88 76
65 76 56 116 92 90 90 75 132 145 74 90 74 74 50 116
50 120 104 104 113 50 104 115 115 56 92 145 146 75 146 75
64 64 64 57 56 146 139 57 57 139 139 4 4 4 147 147
147 124 124 124 130 130 121 108 108 120 115 114 113 113 114 114
120 112 138 112 138 112 138 128 121 137 121 137 128 137 130 128
136 136 136 129 129 131 131 131 129 140 140 140 123 123 123 122
