1 0 1 1 1 0 0 1 0 1 1 0 0 0 1 1
0 0 0 1 0 1 1 0 0 1 1 0 1 1 0 0
0 0 1 1 0 0 0 0 0 1 0 0 1 0 1 1
1 1 0 1 1 0 1 0 1 1 0 0 1 1 0 0
1 0 1 1 0 1 0 0 1 0 0 1 0 1 0 1
1 1 1 0 1 0 1 1 1 0 0 1 0 1 0 1
1 0 0 1 0 1 0 0 0 0 1 0 0 0 0 0
1 0 1 1 1 1 0 1 1 0 0 1 1 0 0 1
1 0 1 0 1 0 0 1 1 1 0 0 0 0 0 1
1 1 0 0 1 1 1 0 1 1 1 0 1 1 1 1
1 0 0 1 1 1 1 0 1 0 1 0 0 0 1 1
1 1 0 1 1 0 0 1 1 0 0 0 0 0 1 1
1 1 0 1 1 0 0 1 1 1 0 1 0 1 0 1
1 0 1 1 1 0 1 0 0 1 1 0 0 0 1 0
0 0 1 1 0 1 0 0 1 0 1 0 0 0 0 0
0 0 0 0 0 1 0 0 0 0 1 1 0 1 1 0
9 105 11 88 36 58 51 99 72 129 129 114 49 60 129 92
128 132 128 138 8 136 92 130 130 52 52 132 92 48 130 107
42 132 41 113 35 51 84 44 100 97 65 112 43 76 106 66
20 104 56 83 97 49 57 72 88 4 72 91 50 90 8 100
104 100 25 66 96 41 65 114 64 26 26 120 91 75 128 43
124 68 73 40 66 35 90 50 50 67 60 97 67 90 65 11
27 91 35 36 49 104 58 40 84 96 48 89 107 40 24 139
20 58 36 115 57 25 146 59 68 96 76 73 48 146 146 27
27 44 88 44 41 56 10 64 120 64 139 139 84 112 42 4
138 115 56 105 18 57 145 76 4 138 52 98 59 11 124 115
59 114 107 106 20 147 83 17 99 60 120 105 121 89 106 68
99 83 67 25 147 116 112 145 145 116 116 121 89 123 122 108
108 108 10 113 113 26 3 140 136 32 28 43 123 140 28 147
122 17 34 16 122 28 136 24 8 16 75 24 3 51 34 3
19 137 140 34 144 124 137 98 32 10 32 123 42 74 33 144
144 74 98 137 33 75 74 33 19 19 18 73 17 16 9 12
