0 0 0 0 0 0 0 0 0 0 0 0 0 0 0 0
0 0 0 0 0 0 0 0 0 0 0 0 0 0 0 0
0 0 0 0 0 0 0 0 0 0 0 0 0 0 0 0
0 0 0 0 0 0 0 0 0 0 0 0 0 0 0 0
0 0 0 0 0 0 0 0 0 0 0 0 0 0 0 0
0 0 0 0 0 0 0 0 0 0 0 0 0 0 0 0
0 0 0 0 0 0 0 0 0 0 0 0 0 0 0 0
0 0 0 0 0 0 0 0 0 0 0 0 0 0 0 0
0 0 0 0 0 0 0 0 0 0 0 0 0 0 0 0
0 0 0 0 0 0 0 0 0 0 0 0 0 0 0 0
0 0 0 0 0 0 0 0 0 0 0 0 0 0 0 0
0 0 0 0 0 0 0 0 0 0 0 0 0 0 0 0
0 0 0 0 0 0 0 0 0 0 0 0 0 0 0 0
0 0 0 0 0 0 0 0 0 0 0 0 0 0 0 0
0 0 0 0 0 0 0 0 0 0 0 0 0 0 0 0
0 0 0 0 0 0 0 0 0 0 0 0 0 0 0 0
37 6 28 37 26 37 37 41 46 71 71 71 71 57 57 57
57 32 31 67 31 41 31 50 50 41 50 50 66 41 49 18
58 58 58 58 13 66 38 13 36 51 51 51 51 17 36 28
28 28 17 17 49 17 38 32 36 13 38 38 6 61 45 45
13 36 45 32 45 68 66 18 6 67 32 26 6 18 26 22
26 18 61 22 44 61 66 44 22 40 67 68 47 9 44 22
61 67 9 40 27 9 33 9 62 47 68 8 44 40 34 20
47 47 30 39 39 27 27 27 23 21 68 8 49 62 40 46
46 19 25 70 19 62 10 10 10 70 49 10 20 42 35 39
20 20 30 25 39 55 8 48 70 25 55 25 69 23 21 62
53 7 8 29 48 64 21 46 70 14 34 19 11 19 35 64
53 64 14 42 64 69 23 55 35 35 53 48 63 69 12 55
21 42 42 23 14 69 7 60 14 33 29 7 34 34 12 33
60 60 11 63 48 60 16 63 63 33 52 53 11 12 12 11
65 4 15 15 24 30 7 65 15 4 15 65 30 52 4 4
52 65 24 52 29 29 59 56 31 24 5 5 24 16 16 5
