0 0 0 0 0 0 0 0 0 0 0 0 0 0 0 0
0 0 0 0 0 0 0 0 0 0 0 0 0 0 0 0
0 0 0 0 0 0 0 0 0 0 0 0 0 0 0 0
0 0 0 0 0 0 0 0 0 0 0 0 0 0 0 0
0 0 0 0 0 0 0 0 0 0 0 0 0 0 0 0
0 0 0 0 0 0 0 0 0 0 0 0 0 0 0 0
0 0 0 0 0 0 0 0 0 0 0 0 0 0 0 0
0 0 0 0 0 0 0 0 0 0 0 0 0 0 0 0
0 0 0 0 0 0 0 0 0 0 0 0 0 0 0 0
0 0 0 0 0 0 0 0 0 0 0 0 0 0 0 0
0 0 0 0 0 0 0 0 0 0 0 0 0 0 0 0
0 0 0 0 0 0 0 0 0 0 0 0 0 0 0 0
0 0 0 0 0 0 0 0 0 0 0 0 0 0 0 0
0 0 0 0 0 0 0 0 0 0 0 0 0 0 0 0
0 0 0 0 0 0 0 0 0 0 0 0 0 0 0 0
0 0 0 0 0 0 0 0 0 0 0 0 0 0 0 0
40 56 31 31 29 31 31 66 69 13 13 37 29 25 69 29
25 25 25 66 69 56 66 66 29 40 40 40 69 56 56 62
62 67 62 62 67 67 42 71 64 37 53 37 42 12 8 67
14 59 24 8 64 12 15 57 55 5 13 59 13 55 35 49
59 59 15 64 15 38 33 71 15 71 71 33 52 33 33 52
42 42 37 8 19 52 53 53 22 8 64 14 57 53 22 12
12 35 23 35 14 52 19 24 19 19 20 63 49 35 22 57
7 51 4 7 7 14 7 4 9 61 10 10 17 4 26 46
57 22 24 4 24 26 51 55 43 45 51 17 23 45 23 49
23 55 43 10 61 17 43 51 46 48 61 45 10 46 68 61
45 17 38 26 70 43 38 46 26 48 63 70 21 54 32 28
68 9 38 63 54 47 48 60 44 9 48 70 49 70 9 20
60 27 21 60 11 28 54 47 44 60 63 27 39 5 27 28
21 5 47 21 54 65 65 11 47 28 36 27 65 65 18 68
36 36 18 68 58 11 58 39 58 50 58 44 50 18 36 5
32 41 11 18 34 50 39 41 41 41 39 34 6 34 50 32
