0 0 0 0 0 0 0 0 0 0 0 0 0 0 0 0
0 0 0 0 0 0 0 0 0 0 0 0 0 0 0 0
0 0 0 0 0 0 0 0 0 0 0 0 0 0 0 0
0 0 0 0 0 0 0 0 0 0 0 0 0 0 0 0
0 0 0 0 0 0 0 0 0 0 0 0 0 0 0 0
0 0 0 0 0 0 0 0 0 0 0 0 0 0 0 0
0 0 0 0 0 0 0 0 0 0 0 0 0 0 0 0
0 0 0 0 0 0 0 0 0 0 0 0 0 0 0 0
0 0 0 0 0 0 0 0 0 0 0 0 0 0 0 0
0 0 0 0 0 0 0 0 0 0 0 0 0 0 0 0
0 0 0 0 0 0 0 0 0 0 0 0 0 0 0 0
0 0 0 0 0 0 0 0 0 0 0 0 0 0 0 0
0 0 0 0 0 0 0 0 0 0 0 0 0 0 0 0
0 0 0 0 0 0 0 0 0 0 0 0 0 0 0 0
0 0 0 0 0 0 0 0 0 0 0 0 0 0 0 0
0 0 0 0 0 0 0 0 0 0 0 0 0 0 0 0
4 62 6 51 22 35 31 59 43 68 29 37 55 71 60 55
37 28 58 44 47 60 32 45 43 63 39 30 17 34 26 24
53 32 11 55 21 64 23 43 57 15 43 57 54 39 46 40
51 40 56 32 14 42 18 48 10 55 32 42 16 31 21 29
14 29 29 36 27 23 22 16 52 42 15 6 9 23 4 51
46 19 9 12 52 58 52 16 10 28 16 24 24 25 15 10
19 5 10 19 5 54 62 23 57 12 57 63 18 19 62 35
48 40 40 56 24 68 15 26 22 52 46 70 14 62 65 35
13 18 37 60 14 30 47 46 68 64 4 71 22 36 13 9
31 54 7 28 13 34 60 28 44 35 12 58 31 12 20 51
20 27 37 26 17 67 20 21 26 27 21 30 18 45 4 27
59 13 11 42 41 8 36 34 63 67 47 41 61 67 63 30
56 41 41 67 6 50 39 39 50 48 33 50 66 8 56 61
70 34 65 44 53 58 44 49 11 38 54 38 6 66 68 8
71 47 66 36 9 38 66 33 25 38 69 65 25 50 71 33
70 7 69 64 33 25 53 17 64 5 17 53 70 8 59 59
