0 0 0 0 0 0 0 0 0 0 0 0 0 0 0 0
0 0 0 0 0 0 1 0 1 1 0 1 0 0 1 0
1 0 1 1 0 0 0 0 1 1 0 0 0 1 1 1
1 1 0 1 0 0 0 0 0 1 1 0 1 0 0 0
0 1 1 0 0 1 1 1 0 0 0 1 1 0 0 0
0 0 1 0 1 1 1 1 1 1 1 0 1 0 0 1
1 0 1 1 0 0 1 0 1 1 0 0 1 1 1 0
0 1 1 0 1 0 1 1 1 0 1 1 1 1 0 1
0 0 1 1 0 1 1 1 1 0 1 0 1 0 0 1
1 0 0 1 0 0 1 1 1 0 0 0 1 1 0 0
0 0 1 1 0 0 1 1 1 1 0 0 1 0 0 1
1 0 0 1 1 1 0 1 1 1 1 1 1 1 1 1
0 1 1 0 0 0 1 1 1 0 1 0 0 1 0 1
0 1 1 0 1 0 1 1 0 1 0 0 1 1 0 0
0 1 1 1 1 1 1 1 1 0 0 1 0 1 0 1
0 1 1 1 1 0 1 1 0 1 0 0 0 1 1 1
3 36 5 38 7 40 9 42 42 11 44 13 46 15 48 17
50 19 52 21 54 23 16 17 35 16 36 37 19 15 18 54
55 17 24 57 9 29 52 29 12 47 58 27 5 22 14 16
12 43 15 24 38 42 36 54 44 55 61 38 35 27 21 54
52 28 47 46 27 43 45 53 13 62 36 37 59 29 58 17
17 19 49 23 24 53 26 35 14 14 14 9 22 25 23 22
4 15 12 39 21 54 14 23 8 51 44 27 51 55 51 27
48 35 10 52 24 31 20 43 22 56 55 35 24 51 40 10
50 50 43 18 29 8 6 47 22 23 55 11 10 48 38 16
10 21 58 16 13 15 28 18 18 9 46 58 47 43 60 40
38 52 12 30 29 25 12 30 37 49 58 42 49 21 40 28
18 40 44 37 41 47 36 45 45 53 45 53 10 49 49 45
56 57 26 56 3 56 39 61 57 11 37 13 42 6 56 61
46 63 57 19 30 44 41 28 11 28 3 5 63 41 3 50
9 6 6 39 6 57 61 51 41 48 19 30 25 63 50 59
7 8 63 8 8 31 53 41 62 59 31 31 31 4 4 39
